%time,field.header.seq,field.header.stamp,field.header.frame_id,field.orientation.x,field.orientation.y,field.orientation.z,field.orientation.w,field.orientation_covariance0,field.orientation_covariance1,field.orientation_covariance2,field.orientation_covariance3,field.orientation_covariance4,field.orientation_covariance5,field.orientation_covariance6,field.orientation_covariance7,field.orientation_covariance8,field.angular_velocity.x,field.angular_velocity.y,field.angular_velocity.z,field.angular_velocity_covariance0,field.angular_velocity_covariance1,field.angular_velocity_covariance2,field.angular_velocity_covariance3,field.angular_velocity_covariance4,field.angular_velocity_covariance5,field.angular_velocity_covariance6,field.angular_velocity_covariance7,field.angular_velocity_covariance8,field.linear_acceleration.x,field.linear_acceleration.y,field.linear_acceleration.z,field.linear_acceleration_covariance0,field.linear_acceleration_covariance1,field.linear_acceleration_covariance2,field.linear_acceleration_covariance3,field.linear_acceleration_covariance4,field.linear_acceleration_covariance5,field.linear_acceleration_covariance6,field.linear_acceleration_covariance7,field.linear_acceleration_covariance8
1759811045358528160,167065,1759811045305824640,base_link,-0.021003808198419106,-0.1310583860632024,0.03131616211480711,-0.9906573331231676,1.0,0.0,0.0,0.0,1.0,0.0,0.0,0.0,1.0,0.00011226406786590815,-0.003919864073395729,-0.0010114558972418304,1.2184696791468346e-07,0.0,0.0,0.0,1.2184696791468346e-07,0.0,0.0,0.0,1.2184696791468346e-07,-2.591817617416382,0.22748589515686152,9.434990882873535,8.999999999999999e-08,0.0,0.0,0.0,8.999999999999999e-08,0.0,0.0,0.0,8.999999999999999e-08
1759811045358549280,167066,1759811045311824640,base_link,-0.021001653440788987,-0.1310655879059417,0.031323074197962875,-0.9906562373051063,1.0,0.0,0.0,0.0,1.0,0.0,0.0,0.0,1.0,0.0005850321613252163,0.0002531935460865495,-0.002318655140697956,1.2184696791468346e-07,0.0,0.0,0.0,1.2184696791468346e-07,0.0,0.0,0.0,1.2184696791468346e-07,-2.552471399307251,0.3142432272434246,9.429969787597656,8.999999999999999e-08,0.0,0.0,0.0,8.999999999999999e-08,0.0,0.0,0.0,8.999999999999999e-08
1759811045358574464,167067,1759811045316824640,base_link,-0.021000847382311207,-0.13106757407617775,0.03131974459693056,-0.9906560265708637,1.0,0.0,0.0,0.0,1.0,0.0,0.0,0.0,1.0,0.00019430369138717651,0.001854264293797314,-0.001069743186235428,1.2184696791468346e-07,0.0,0.0,0.0,1.2184696791468346e-07,0.0,0.0,0.0,1.2184696791468346e-07,-2.5504162311553955,0.41552352905273554,9.468184471130371,8.999999999999999e-08,0.0,0.0,0.0,8.999999999999999e-08,0.0,0.0,0.0,8.999999999999999e-08
1759811045358586080,167068,1759811045322824640,base_link,-0.020994662332292233,-0.13106311704694773,0.03129036824351845,-0.9906576702979557,1.0,0.0,0.0,0.0,1.0,0.0,0.0,0.0,1.0,-0.002383734565228224,-0.00015144492499530226,0.007346251048147678,1.2184696791468346e-07,0.0,0.0,0.0,1.2184696791468346e-07,0.0,0.0,0.0,1.2184696791468346e-07,-2.5769295692443848,0.36187988519668696,9.432658195495605,8.999999999999999e-08,0.0,0.0,0.0,8.999999999999999e-08,0.0,0.0,0.0,8.999999999999999e-08
1759811045358600992,167069,1759811045326824640,base_link,-0.021002580671456224,-0.1310712145102179,0.03128172813957369,-0.9906567009204399,1.0,0.0,0.0,0.0,1.0,0.0,0.0,0.0,1.0,0.00040551740676164627,0.0007937062764540321,0.00545845739543438,1.2184696791468346e-07,0.0,0.0,0.0,1.2184696791468346e-07,0.0,0.0,0.0,1.2184696791468346e-07,-2.6114253997802734,0.22644560039043543,9.436800956726074,8.999999999999999e-08,0.0,0.0,0.0,8.999999999999999e-08,0.0,0.0,0.0,8.999999999999999e-08
1759811045358619072,167070,1759811045332824640,base_link,-0.02101034622829435,-0.13106595669086615,0.03129816541049294,-0.9906567009204399,1.0,0.0,0.0,0.0,1.0,0.0,0.0,0.0,1.0,0.001433187280781567,0.001317959045991301,-0.0029997210949659348,1.2184696791468346e-07,0.0,0.0,0.0,1.2184696791468346e-07,0.0,0.0,0.0,1.2184696791468346e-07,-2.5796422958374023,0.27820241451263544,9.409549713134766,8.999999999999999e-08,0.0,0.0,0.0,8.999999999999999e-08,0.0,0.0,0.0,8.999999999999999e-08
1759811045359077792,167071,1759811045342824640,base_link,-0.02099665377088437,-0.13107649867134996,0.03129900834746317,-0.9906556051023786,1.0,0.0,0.0,0.0,1.0,0.0,0.0,0.0,1.0,-0.0009631483117118478,0.0009574763826094568,-0.0001546607818454505,1.2184696791468346e-07,0.0,0.0,0.0,1.2184696791468346e-07,0.0,0.0,0.0,1.2184696791468346e-07,-2.5401861667633057,0.387989789247514,9.447700500488281,8.999999999999999e-08,0.0,0.0,0.0,8.999999999999999e-08,0.0,0.0,0.0,8.999999999999999e-08
1759811045359090432,167072,1759811045348824640,base_link,-0.02100431396060123,-0.13107493923795505,0.031286827908243525,-0.9906560687177123,1.0,0.0,0.0,0.0,1.0,0.0,0.0,0.0,1.0,0.0005178538849577308,5.587935448053967e-09,0.0029485684353858232,1.2184696791468346e-07,0.0,0.0,0.0,1.2184696791468346e-07,0.0,0.0,0.0,1.2184696791468346e-07,-2.604095697402954,0.2789312899112713,9.460745811462402,8.999999999999999e-08,0.0,0.0,0.0,8.999999999999999e-08,0.0,0.0,0.0,8.999999999999999e-08
1759811045359555520,167073,1759811045353824640,base_link,-0.02100728004506519,-0.13106331197612212,0.03130305444492022,-0.990657038095228,1.0,0.0,0.0,0.0,1.0,0.0,0.0,0.0,1.0,0.0016795244300737977,-0.0032395846210420136,-0.002295215846970677,1.2184696791468346e-07,0.0,0.0,0.0,1.2184696791468346e-07,0.0,0.0,0.0,1.2184696791468346e-07,-2.591095209121704,0.230085998773576,9.445672035217285,8.999999999999999e-08,0.0,0.0,0.0,8.999999999999999e-08,0.0,0.0,0.0,8.999999999999999e-08
1759811045367646816,167074,1759811045359823360,base_link,-0.021007106189315075,-0.1310635174420086,0.03130444529092109,-0.9906569116546825,1.0,0.0,0.0,0.0,1.0,0.0,0.0,0.0,1.0,0.00014731904957443476,-0.0014449302107095716,0.0023095535580068827,1.2184696791468346e-07,0.0,0.0,0.0,1.2184696791468346e-07,0.0,0.0,0.0,1.2184696791468346e-07,-2.549746036529541,0.36138093471527216,9.481535911560059,8.999999999999999e-08,0.0,0.0,0.0,8.999999999999999e-08,0.0,0.0,0.0,8.999999999999999e-08
1759811045373218592,167075,1759811045369823360,base_link,-0.02101310684687182,-0.13106412330295594,0.031274015266296216,-0.9906576702979557,1.0,0.0,0.0,0.0,1.0,0.0,0.0,0.0,1.0,0.00017322995699942112,0.0002907919115386911,0.00603641290217638,1.2184696791468346e-07,0.0,0.0,0.0,1.2184696791468346e-07,0.0,0.0,0.0,1.2184696791468346e-07,-2.5700161457061768,0.3145435750484478,9.436006546020508,8.999999999999999e-08,0.0,0.0,0.0,8.999999999999999e-08,0.0,0.0,0.0,8.999999999999999e-08
1759811045379023648,167076,1759811045374823360,base_link,-0.021011083798143298,-0.13106105711972676,0.03127502679066048,-0.9906580917664407,1.0,0.0,0.0,0.0,1.0,0.0,0.0,0.0,1.0,0.0004218482645228505,-0.0003851264482364057,0.0013751110527664423,1.2184696791468346e-07,0.0,0.0,0.0,1.2184696791468346e-07,0.0,0.0,0.0,1.2184696791468346e-07,-2.6201775074005127,0.22794015705585596,9.479156494140625,8.999999999999999e-08,0.0,0.0,0.0,8.999999999999999e-08,0.0,0.0,0.0,8.999999999999999e-08
1759811045389329632,167077,1759811045385823360,base_link,-0.020998708429749276,-0.13105498270518515,0.03129736462037123,-0.9906584289412289,1.0,0.0,0.0,0.0,1.0,0.0,0.0,0.0,1.0,-0.0021150936372578144,-0.0010877642780542378,-0.004264391027390957,1.2184696791468346e-07,0.0,0.0,0.0,1.2184696791468346e-07,0.0,0.0,0.0,1.2184696791468346e-07,-2.5322039127349854,0.44850647449493525,9.49127197265625,8.999999999999999e-08,0.0,0.0,0.0,8.999999999999999e-08,0.0,0.0,0.0,8.999999999999999e-08
1759811045397833344,167078,1759811045390823360,base_link,-0.020988045277076026,-0.1310595345648243,0.03128914598491163,-0.9906583867943803,1.0,0.0,0.0,0.0,1.0,0.0,0.0,0.0,1.0,-0.004319928120821714,4.123861435800827e-05,0.0029489442240446806,1.2184696791468346e-07,0.0,0.0,0.0,1.2184696791468346e-07,0.0,0.0,0.0,1.2184696791468346e-07,-2.5529816150665283,0.34525191783905146,9.472502708435059,8.999999999999999e-08,0.0,0.0,0.0,8.999999999999999e-08,0.0,0.0,0.0,8.999999999999999e-08
1759811045400039104,167079,1759811045395823360,base_link,-0.02097924185409331,-0.13105750624773974,0.03127919932866307,-0.9906591454376535,1.0,0.0,0.0,0.0,1.0,0.0,0.0,0.0,1.0,-0.0038531343452632427,-0.0009785869624465702,0.002310333540663123,1.2184696791468346e-07,0.0,0.0,0.0,1.2184696791468346e-07,0.0,0.0,0.0,1.2184696791468346e-07,-2.6273446083068848,0.2275930047035229,9.432611465454102,8.999999999999999e-08,0.0,0.0,0.0,8.999999999999999e-08,0.0,0.0,0.0,8.999999999999999e-08
1759811045407112704,167080,1759811045401823360,base_link,-0.020977577053577137,-0.13104535741865647,0.031291801236367815,-0.9906603676962603,1.0,0.0,0.0,0.0,1.0,0.0,0.0,0.0,1.0,-0.0010153506882488728,-0.001878565410152078,-0.0021714481990784402,1.2184696791468346e-07,0.0,0.0,0.0,1.2184696791468346e-07,0.0,0.0,0.0,1.2184696791468346e-07,-2.599264144897461,0.26302084326744196,9.435283660888672,8.999999999999999e-08,0.0,0.0,0.0,8.999999999999999e-08,0.0,0.0,0.0,8.999999999999999e-08
1759811045412889440,167081,1759811045406823360,base_link,-0.02097033833234539,-0.1310427864608973,0.03130018845922146,-0.9906605784305029,1.0,0.0,0.0,0.0,1.0,0.0,0.0,0.0,1.0,-0.0014061973197385669,-0.0027774386107921605,-0.0026754217687994237,1.2184696791468346e-07,0.0,0.0,0.0,1.2184696791468346e-07,0.0,0.0,0.0,1.2184696791468346e-07,-2.515918493270874,0.39193460345268366,9.458863258361816,8.999999999999999e-08,0.0,0.0,0.0,8.999999999999999e-08,0.0,0.0,0.0,8.999999999999999e-08
1759811045423498272,167082,1759811045415823360,base_link,-0.02096602354872908,-0.1310303373355184,0.031291337621034185,-0.9906626014792315,1.0,0.0,0.0,0.0,1.0,0.0,0.0,0.0,1.0,-0.001620024093426764,-0.005108253564685582,0.004202085547149182,1.2184696791468346e-07,0.0,0.0,0.0,1.2184696791468346e-07,0.0,0.0,0.0,1.2184696791468346e-07,-2.5149219036102295,0.4031437039375317,9.472222328186035,8.999999999999999e-08,0.0,0.0,0.0,8.999999999999999e-08,0.0,0.0,0.0,8.999999999999999e-08
1759811045430600192,167083,1759811045422823360,base_link,-0.020963210246590987,-0.1310083788274442,0.03128813446054739,-0.9906657203460213,1.0,0.0,0.0,0.0,1.0,0.0,0.0,0.0,1.0,0.000226547010242939,-0.004282496403902769,-0.0006097883451730007,1.2184696791468346e-07,0.0,0.0,0.0,1.2184696791468346e-07,0.0,0.0,0.0,1.2184696791468346e-07,-2.612088918685913,0.22180187702179072,9.454748153686523,8.999999999999999e-08,0.0,0.0,0.0,8.999999999999999e-08,0.0,0.0,0.0,8.999999999999999e-08
1759811045434913824,167084,1759811045427823360,base_link,-0.02096875255717017,-0.13100550230503336,0.031303349472859766,-0.9906655096117787,1.0,0.0,0.0,0.0,1.0,0.0,0.0,0.0,1.0,0.0012707837158814073,-0.0015436037210747606,-0.005010369699448347,1.2184696791468346e-07,0.0,0.0,0.0,1.2184696791468346e-07,0.0,0.0,0.0,1.2184696791468346e-07,-2.5621819496154785,0.3331770896911633,9.440788269042969,8.999999999999999e-08,0.0,0.0,0.0,8.999999999999999e-08,0.0,0.0,0.0,8.999999999999999e-08
1759811045442288192,167085,1759811045438823360,base_link,-0.020959369615020422,-0.1309979000672332,0.0312944986346725,-0.9906669426046281,1.0,0.0,0.0,0.0,1.0,0.0,0.0,0.0,1.0,-0.0009569230023771524,-0.002175441011786461,0.0015566841466352346,1.2184696791468346e-07,0.0,0.0,0.0,1.2184696791468346e-07,0.0,0.0,0.0,1.2184696791468346e-07,-2.5805771350860596,0.34745234251022455,9.436322212219238,8.999999999999999e-08,0.0,0.0,0.0,8.999999999999999e-08,0.0,0.0,0.0,8.999999999999999e-08
1759811045451975360,167086,1759811045447823360,base_link,-0.020969100268670385,-0.1310083788274442,0.03128177028642222,-0.9906657624928698,1.0,0.0,0.0,0.0,1.0,0.0,0.0,0.0,1.0,0.00042458251118659973,0.0026028968859463934,0.003991874400526285,1.2184696791468346e-07,0.0,0.0,0.0,1.2184696791468346e-07,0.0,0.0,0.0,1.2184696791468346e-07,-2.6216378211975098,0.2475804537534725,9.39313793182373,8.999999999999999e-08,0.0,0.0,0.0,8.999999999999999e-08,0.0,0.0,0.0,8.999999999999999e-08
1759811045460505984,167087,1759811045454823360,base_link,-0.020975469711151593,-0.13101032285083178,0.03128008441248178,-0.9906654253180817,1.0,0.0,0.0,0.0,1.0,0.0,0.0,0.0,1.0,0.002194820437580347,0.0006071378011256456,0.00036913144867867226,1.2184696791468346e-07,0.0,0.0,0.0,1.2184696791468346e-07,0.0,0.0,0.0,1.2184696791468346e-07,-2.5116047859191895,0.40068250894546625,9.475286483764648,8.999999999999999e-08,0.0,0.0,0.0,8.999999999999999e-08,0.0,0.0,0.0,8.999999999999999e-08
1759811045463448352,167088,1759811045459821824,base_link,-0.020977724567546926,-0.13100446443888877,0.03126765109217106,-0.9906665632829914,1.0,0.0,0.0,0.0,1.0,0.0,0.0,0.0,1.0,0.001229214365594089,-0.0015621035126969214,0.003645873162895441,1.2184696791468346e-07,0.0,0.0,0.0,1.2184696791468346e-07,0.0,0.0,0.0,1.2184696791468346e-07,-2.5513787269592285,0.3803344964981091,9.503994941711426,8.999999999999999e-08,0.0,0.0,0.0,8.999999999999999e-08,0.0,0.0,0.0,8.999999999999999e-08
1759811045470866848,167089,1759811045464821824,base_link,-0.02097599654675798,-0.131013146689682,0.03126533301550296,-0.9906655096117787,1.0,0.0,0.0,0.0,1.0,0.0,0.0,0.0,1.0,-0.0007038963958621025,0.0016259525436908007,0.0003942177863791583,1.2184696791468346e-07,0.0,0.0,0.0,1.2184696791468346e-07,0.0,0.0,0.0,1.2184696791468346e-07,-2.6095244884490967,0.2782422304153454,9.45529842376709,8.999999999999999e-08,0.0,0.0,0.0,8.999999999999999e-08,0.0,0.0,0.0,8.999999999999999e-08
1759811045475820992,167090,1759811045469821824,base_link,-0.020970433162754532,-0.13101882597751885,0.03127532181860003,-0.990664540234263,1.0,0.0,0.0,0.0,1.0,0.0,0.0,0.0,1.0,-0.0018731772433966398,0.002945469925180077,-0.003032344859093428,1.2184696791468346e-07,0.0,0.0,0.0,1.2184696791468346e-07,0.0,0.0,0.0,1.2184696791468346e-07,-2.595954656600952,0.23987022042274592,9.45669937133789,8.999999999999999e-08,0.0,0.0,0.0,8.999999999999999e-08,0.0,0.0,0.0,8.999999999999999e-08
1759811045482044992,167091,1759811045475821824,base_link,-0.020971060097126137,-0.1310208437578913,0.03128826090109287,-0.9906638237378382,1.0,0.0,0.0,0.0,1.0,0.0,0.0,0.0,1.0,-0.0005535527016036212,-0.0009944787016138437,-0.0023962375707924366,1.2184696791468346e-07,0.0,0.0,0.0,1.2184696791468346e-07,0.0,0.0,0.0,1.2184696791468346e-07,-2.5510494709014893,0.32366192340850947,9.469403266906738,8.999999999999999e-08,0.0,0.0,0.0,8.999999999999999e-08,0.0,0.0,0.0,8.999999999999999e-08
1759811045486148864,167092,1759811045480821824,base_link,-0.02096791488855601,-0.13101688722248736,0.03128059017466391,-0.9906646666748085,1.0,0.0,0.0,0.0,1.0,0.0,0.0,0.0,1.0,7.410463877022266e-05,-0.0004672695649787781,0.002018374390900135,1.2184696791468346e-07,0.0,0.0,0.0,1.2184696791468346e-07,0.0,0.0,0.0,1.2184696791468346e-07,-2.5440638065338135,0.42805731296539423,9.465871810913086,8.999999999999999e-08,0.0,0.0,0.0,8.999999999999999e-08,0.0,0.0,0.0,8.999999999999999e-08
1759811045492881760,167093,1759811045485821824,base_link,-0.020968562896351867,-0.13102013779817875,0.031269084085020445,-0.9906646245279599,1.0,0.0,0.0,0.0,1.0,0.0,0.0,0.0,1.0,0.0003956954460591078,0.001382177229970694,0.003151277080178261,1.2184696791468346e-07,0.0,0.0,0.0,1.2184696791468346e-07,0.0,0.0,0.0,1.2184696791468346e-07,-2.596161365509033,0.373059928417207,9.501904487609863,8.999999999999999e-08,0.0,0.0,0.0,8.999999999999999e-08,0.0,0.0,0.0,8.999999999999999e-08
1759811045502859648,167094,1759811045496821824,base_link,-0.020976902704000957,-0.13102668636476614,0.03128160169902818,-0.990663149388262,1.0,0.0,0.0,0.0,1.0,0.0,0.0,0.0,1.0,0.002050694078207016,0.0009707699646241961,-0.0017077218508347871,1.2184696791468346e-07,0.0,0.0,0.0,1.2184696791468346e-07,0.0,0.0,0.0,1.2184696791468346e-07,-2.5914299488067627,0.320127844810487,9.468706130981445,8.999999999999999e-08,0.0,0.0,0.0,8.999999999999999e-08,0.0,0.0,0.0,8.999999999999999e-08
1759811045506710304,167095,1759811045501821824,base_link,-0.020976080840455002,-0.1310369701958028,0.03127485820326642,-0.9906620535702008,1.0,0.0,0.0,0.0,1.0,0.0,0.0,0.0,1.0,0.0005266169318929315,0.0024690311402082443,0.0005407283315435049,1.2184696791468346e-07,0.0,0.0,0.0,1.2184696791468346e-07,0.0,0.0,0.0,1.2184696791468346e-07,-2.5428264141082764,0.4238389730453503,9.488119125366211,8.999999999999999e-08,0.0,0.0,0.0,8.999999999999999e-08,0.0,0.0,0.0,8.999999999999999e-08
1759811045512845824,167096,1759811045506821824,base_link,-0.020979521076964693,-0.13104088458435825,0.03125998036574207,-0.9906619271296553,1.0,0.0,0.0,0.0,1.0,0.0,0.0,0.0,1.0,-0.0008099533733911812,0.0018473825184628374,0.00497649097815156,1.2184696791468346e-07,0.0,0.0,0.0,1.2184696791468346e-07,0.0,0.0,0.0,1.2184696791468346e-07,-2.5438921451568604,0.37697499990463373,9.510563850402832,8.999999999999999e-08,0.0,0.0,0.0,8.999999999999999e-08,0.0,0.0,0.0,8.999999999999999e-08
1759811045518079808,167097,1759811045512821824,base_link,-0.02097233503929359,-0.13104273904569272,0.03125260466725269,-0.9906620535702009,1.0,0.0,0.0,0.0,1.0,0.0,0.0,0.0,1.0,-0.0017212961101904511,0.0011548809707164767,0.0012740645324811337,1.2184696791468346e-07,0.0,0.0,0.0,1.2184696791468346e-07,0.0,0.0,0.0,1.2184696791468346e-07,-2.614915370941162,0.2217900156974804,9.457137107849121,8.999999999999999e-08,0.0,0.0,0.0,8.999999999999999e-08,0.0,0.0,0.0,8.999999999999999e-08
1759811045527758656,167098,1759811045522821824,base_link,-0.02095198864817495,-0.1310611256083556,0.03128126452424011,-0.9906591875845021,1.0,0.0,0.0,0.0,1.0,0.0,0.0,0.0,1.0,-0.0032906504347920418,0.0029323061462491746,-0.005099365953356028,1.2184696791468346e-07,0.0,0.0,0.0,1.2184696791468346e-07,0.0,0.0,0.0,1.2184696791468346e-07,-2.5474512577056885,0.40417915582656977,9.458157539367676,8.999999999999999e-08,0.0,0.0,0.0,8.999999999999999e-08,0.0,0.0,0.0,8.999999999999999e-08
1759811045538976768,167099,1759811045533821824,base_link,-0.02095045028820431,-0.13106280094558392,0.03126116047750039,-0.9906595669061387,1.0,0.0,0.0,0.0,1.0,0.0,0.0,0.0,1.0,-0.0013772910460829735,0.0008942366112023597,0.004761430900543928,1.2184696791468346e-07,0.0,0.0,0.0,1.2184696791468346e-07,0.0,0.0,0.0,1.2184696791468346e-07,-2.5283491611480713,0.40586155652999995,9.46971607208252,8.999999999999999e-08,0.0,0.0,0.0,8.999999999999999e-08,0.0,0.0,0.0,8.999999999999999e-08
1759811045543199936,167100,1759811045539821824,base_link,-0.02095572391262423,-0.13106985527435341,0.03127043278417277,-0.9906582182069863,1.0,0.0,0.0,0.0,1.0,0.0,0.0,0.0,1.0,0.001847033272497356,0.0017744728829711676,0.00035349640529602744,1.2184696791468346e-07,0.0,0.0,0.0,1.2184696791468346e-07,0.0,0.0,0.0,1.2184696791468346e-07,-2.627504587173462,0.25162130594253657,9.463257789611816,8.999999999999999e-08,0.0,0.0,0.0,8.999999999999999e-08,0.0,0.0,0.0,8.999999999999999e-08
1759811045549241728,167101,1759811045543821824,base_link,-0.020953158223221136,-0.13107459152645481,0.031296100214915905,-0.9906568273609855,1.0,0.0,0.0,0.0,1.0,0.0,0.0,0.0,1.0,0.0010153275215998292,0.002476397203281521,-0.006622313987463713,1.2184696791468346e-07,0.0,0.0,0.0,1.2184696791468346e-07,0.0,0.0,0.0,1.2184696791468346e-07,-2.5491175651550293,0.3255131840705883,9.448558807373047,8.999999999999999e-08,0.0,0.0,0.0,8.999999999999999e-08,0.0,0.0,0.0,8.999999999999999e-08
1759811045554906336,167102,1759811045549821824,base_link,-0.020958689997088192,-0.13108194615151997,0.03129567874643079,-0.9906558158366212,1.0,0.0,0.0,0.0,1.0,0.0,0.0,0.0,1.0,0.0022954801097512245,0.0022790492512285705,-0.0024736740160733466,1.2184696791468346e-07,0.0,0.0,0.0,1.2184696791468346e-07,0.0,0.0,0.0,1.2184696791468346e-07,-2.5180017948150635,0.40330600738525507,9.461920738220215,8.999999999999999e-08,0.0,0.0,0.0,8.999999999999999e-08,0.0,0.0,0.0,8.999999999999999e-08
1759811045559035392,167103,1759811045554821824,base_link,-0.02097407886515073,-0.13108146673111817,0.03125778872961951,-0.9906567009204399,1.0,0.0,0.0,0.0,1.0,0.0,0.0,0.0,1.0,0.003676843363791704,0.0009777080267667781,0.009199409745633602,1.2184696791468346e-07,0.0,0.0,0.0,1.2184696791468346e-07,0.0,0.0,0.0,1.2184696791468346e-07,-2.5620644092559814,0.33984261751175043,9.486766815185547,8.999999999999999e-08,0.0,0.0,0.0,8.999999999999999e-08,0.0,0.0,0.0,8.999999999999999e-08
1759811045566055520,167104,1759811045559821056,base_link,-0.020970543798231885,-0.13107407522756057,0.03125062376537269,-0.9906579653258952,1.0,0.0,0.0,0.0,1.0,0.0,0.0,0.0,1.0,-0.00044868333498016,-0.0030906624160706993,0.004731473978608847,1.2184696791468346e-07,0.0,0.0,0.0,1.2184696791468346e-07,0.0,0.0,0.0,1.2184696791468346e-07,-2.6228697299957275,0.2231320738792431,9.46700382232666,8.999999999999999e-08,0.0,0.0,0.0,8.999999999999999e-08,0.0,0.0,0.0,8.999999999999999e-08
1759811045571989280,167105,1759811045565821056,base_link,-0.020965781204350144,-0.13107067186954333,0.03126819900120169,-0.9906580074727438,1.0,0.0,0.0,0.0,1.0,0.0,0.0,0.0,1.0,-0.0021924348548054695,-0.0008955161320045594,-0.0026266975328326225,1.2184696791468346e-07,0.0,0.0,0.0,1.2184696791468346e-07,0.0,0.0,0.0,1.2184696791468346e-07,-2.58925461769104,0.29953956604004023,9.427133560180664,8.999999999999999e-08,0.0,0.0,0.0,8.999999999999999e-08,0.0,0.0,0.0,8.999999999999999e-08
1759811045579291328,167106,1759811045575821056,base_link,-0.020965085781349712,-0.1310643498422667,0.03125728296743737,-0.9906592297313506,1.0,0.0,0.0,0.0,1.0,0.0,0.0,0.0,1.0,-6.0707912780344486e-05,-0.0019843378104269505,0.0011129920603707435,1.2184696791468346e-07,0.0,0.0,0.0,1.2184696791468346e-07,0.0,0.0,0.0,1.2184696791468346e-07,-2.5338895320892334,0.3787649273872387,9.468140602111816,8.999999999999999e-08,0.0,0.0,0.0,8.999999999999999e-08,0.0,0.0,0.0,8.999999999999999e-08
1759811045589163328,167107,1759811045580821056,base_link,-0.020965749594213764,-0.131052991266593,0.031233512144877237,-0.9906614213674731,1.0,0.0,0.0,0.0,1.0,0.0,0.0,0.0,1.0,0.0004369821399450302,-0.003535261843353509,0.006083638407289982,1.2184696791468346e-07,0.0,0.0,0.0,1.2184696791468346e-07,0.0,0.0,0.0,1.2184696791468346e-07,-2.5863544940948486,0.2592748403549206,9.457181930541992,8.999999999999999e-08,0.0,0.0,0.0,8.999999999999999e-08,0.0,0.0,0.0,8.999999999999999e-08
1759811045595770400,167108,1759811045591821056,base_link,-0.020956882950958287,-0.1310568529715878,0.031251761730282476,-0.9906605362836545,1.0,0.0,0.0,0.0,1.0,0.0,0.0,0.0,1.0,-0.001447412883862853,0.0007013958529569205,-0.003002281067892909,1.2184696791468346e-07,0.0,0.0,0.0,1.2184696791468346e-07,0.0,0.0,0.0,1.2184696791468346e-07,-2.551384449005127,0.33718413114547846,9.432384490966797,8.999999999999999e-08,0.0,0.0,0.0,8.999999999999999e-08,0.0,0.0,0.0,8.999999999999999e-08
1759811045601664672,167109,1759811045596821056,base_link,-0.020966155257630688,-0.1310573481970578,0.03124565043724837,-0.9906604941368059,1.0,0.0,0.0,0.0,1.0,0.0,0.0,0.0,1.0,0.0004314868710935116,0.00092522450722754,2.4642562493681796e-05,1.2184696791468346e-07,0.0,0.0,0.0,1.2184696791468346e-07,0.0,0.0,0.0,1.2184696791468346e-07,-2.490929365158081,0.3742553591728222,9.482428550720215,8.999999999999999e-08,0.0,0.0,0.0,8.999999999999999e-08,0.0,0.0,0.0,8.999999999999999e-08
1759811045606730656,167110,1759811045602821056,base_link,-0.020961482225802033,-0.1310404947260095,0.03123127836190614,-0.9906632336819591,1.0,0.0,0.0,0.0,1.0,0.0,0.0,0.0,1.0,-0.0006531850667670369,-0.003012319095432758,0.004203044809401035,1.2184696791468346e-07,0.0,0.0,0.0,1.2184696791468346e-07,0.0,0.0,0.0,1.2184696791468346e-07,-2.579585552215576,0.3371319770813,9.43319320678711,8.999999999999999e-08,0.0,0.0,0.0,8.999999999999999e-08,0.0,0.0,0.0,8.999999999999999e-08
1759811045611889184,167111,1759811045607821056,base_link,-0.020963510542886622,-0.1310438506688222,0.031238359032456003,-0.9906625593323829,1.0,0.0,0.0,0.0,1.0,0.0,0.0,0.0,1.0,0.0006757831433787942,-0.0015501746674999595,0.0007347754435613754,1.2184696791468346e-07,0.0,0.0,0.0,1.2184696791468346e-07,0.0,0.0,0.0,1.2184696791468346e-07,-2.6430482864379883,0.21773518621921656,9.450769424438477,8.999999999999999e-08,0.0,0.0,0.0,8.999999999999999e-08,0.0,0.0,0.0,8.999999999999999e-08
1759811045620352160,167112,1759811045612821056,base_link,-0.020965944523388125,-0.13104705382930903,0.03124872715718967,-0.9906617163954127,1.0,0.0,0.0,0.0,1.0,0.0,0.0,0.0,1.0,0.00047954870387911797,0.00016816414427012145,-0.004878492560237646,1.2184696791468346e-07,0.0,0.0,0.0,1.2184696791468346e-07,0.0,0.0,0.0,1.2184696791468346e-07,-2.5956265926361084,0.33249855041504023,9.441155433654785,8.999999999999999e-08,0.0,0.0,0.0,8.999999999999999e-08,0.0,0.0,0.0,8.999999999999999e-08
1759811045623986272,167113,1759811045618821056,base_link,-0.020967040341449403,-0.13104270216720026,0.03125749370167992,-0.9906620535702008,1.0,0.0,0.0,0.0,1.0,0.0,0.0,0.0,1.0,0.0013357350835576653,-0.0009871938964352016,-0.0030687032267451286,1.2184696791468346e-07,0.0,0.0,0.0,1.2184696791468346e-07,0.0,0.0,0.0,1.2184696791468346e-07,-2.531519889831543,0.4346729516983044,9.441435813903809,8.999999999999999e-08,0.0,0.0,0.0,8.999999999999999e-08,0.0,0.0,0.0,8.999999999999999e-08
1759811045630937120,167114,1759811045623821056,base_link,-0.02096322078330311,-0.13103557408144587,0.031247968513916466,-0.9906633179756561,1.0,0.0,0.0,0.0,1.0,0.0,0.0,0.0,1.0,-0.0010281323920935392,-0.0005645384080708023,0.0036524292081594467,1.2184696791468346e-07,0.0,0.0,0.0,1.2184696791468346e-07,0.0,0.0,0.0,1.2184696791468346e-07,-2.547929525375366,0.3271524310112011,9.399677276611328,8.999999999999999e-08,0.0,0.0,0.0,8.999999999999999e-08,0.0,0.0,0.0,8.999999999999999e-08
1759811045635997632,167115,1759811045628821056,base_link,-0.020961229344710966,-0.13104024184491844,0.031239159822577713,-0.9906630229477166,1.0,0.0,0.0,0.0,1.0,0.0,0.0,0.0,1.0,-0.0015707490965723991,0.0008029070449993017,0.0019922005012631416,1.2184696791468346e-07,0.0,0.0,0.0,1.2184696791468346e-07,0.0,0.0,0.0,1.2184696791468346e-07,-2.5925087928771973,0.2661377191543591,9.432711601257324,8.999999999999999e-08,0.0,0.0,0.0,8.999999999999999e-08,0.0,0.0,0.0,8.999999999999999e-08
1759811045643292608,167116,1759811045639821056,base_link,-0.02096222506400704,-0.13104562083645965,0.031248137101310518,-0.9906620535702008,1.0,0.0,0.0,0.0,1.0,0.0,0.0,0.0,1.0,0.00025188992731273174,0.0009224750101566313,-0.0020752239506691694,1.2184696791468346e-07,0.0,0.0,0.0,1.2184696791468346e-07,0.0,0.0,0.0,1.2184696791468346e-07,-2.5280799865722656,0.3713951706886303,9.450318336486816,8.999999999999999e-08,0.0,0.0,0.0,8.999999999999999e-08,0.0,0.0,0.0,8.999999999999999e-08
1759811045650091360,167117,1759811045644821056,base_link,-0.020959374883376496,-0.13104787042449892,0.03123342785118021,-0.9906622643044434,1.0,0.0,0.0,0.0,1.0,0.0,0.0,0.0,1.0,-0.0005773243028670549,0.00010151276364922563,0.003161399159580469,1.2184696791468346e-07,0.0,0.0,0.0,1.2184696791468346e-07,0.0,0.0,0.0,1.2184696791468346e-07,-2.5130558013916016,0.3703384995460522,9.448779106140137,8.999999999999999e-08,0.0,0.0,0.0,8.999999999999999e-08,0.0,0.0,0.0,8.999999999999999e-08
1759811045660096480,167118,1759811045649821056,base_link,-0.020957199052322115,-0.13104163795927537,0.03122373407602272,-0.9906634444162017,1.0,0.0,0.0,0.0,1.0,0.0,0.0,0.0,1.0,-0.0009051692904904485,-0.0009583540959283706,0.003091434482485056,1.2184696791468346e-07,0.0,0.0,0.0,1.2184696791468346e-07,0.0,0.0,0.0,1.2184696791468346e-07,-2.5556533336639404,0.28249543905258295,9.458548545837402,8.999999999999999e-08,0.0,0.0,0.0,8.999999999999999e-08,0.0,0.0,0.0,8.999999999999999e-08
1759811045666238944,167119,1759811045659818752,base_link,-0.020951941232970384,-0.1310457894238537,0.031229845369056826,-0.990662812213474,1.0,0.0,0.0,0.0,1.0,0.0,0.0,0.0,1.0,0.0007390006212517619,-2.778659109026233e-05,-0.0032205278985202312,1.2184696791468346e-07,0.0,0.0,0.0,1.2184696791468346e-07,0.0,0.0,0.0,1.2184696791468346e-07,-2.612581968307495,0.22464527189731714,9.432114601135254,8.999999999999999e-08,0.0,0.0,0.0,8.999999999999999e-08,0.0,0.0,0.0,8.999999999999999e-08
1759811045667967712,167120,1759811045660818752,base_link,-0.020956977781367434,-0.1310420278176241,0.031249275066220314,-0.9906626014792315,1.0,0.0,0.0,0.0,1.0,0.0,0.0,0.0,1.0,0.0018982455367222428,-1.2591714039445496e-05,-0.0046700118109583855,1.2184696791468346e-07,0.0,0.0,0.0,1.2184696791468346e-07,0.0,0.0,0.0,1.2184696791468346e-07,-2.5784590244293213,0.3392802476882946,9.469082832336426,8.999999999999999e-08,0.0,0.0,0.0,8.999999999999999e-08,0.0,0.0,0.0,8.999999999999999e-08
1759811045675812512,167121,1759811045671818752,base_link,-0.020974242184188713,-0.1310472487584834,0.03123768468287983,-0.9906618849828067,1.0,0.0,0.0,0.0,1.0,0.0,0.0,0.0,1.0,0.0042694914154708385,0.000566764385439456,0.004321586806327105,1.2184696791468346e-07,0.0,0.0,0.0,1.2184696791468346e-07,0.0,0.0,0.0,1.2184696791468346e-07,-2.5471463203430176,0.3550225496292126,9.492170333862305,8.999999999999999e-08,0.0,0.0,0.0,8.999999999999999e-08,0.0,0.0,0.0,8.999999999999999e-08
1759811045680113056,167122,1759811045676818752,base_link,-0.020977829934668204,-0.13103341932381576,0.031231615536694228,-0.9906638237378382,1.0,0.0,0.0,0.0,1.0,0.0,0.0,0.0,1.0,0.0031460896134376526,-0.0017397300107404583,0.004464875906705856,1.2184696791468346e-07,0.0,0.0,0.0,1.2184696791468346e-07,0.0,0.0,0.0,1.2184696791468346e-07,-2.626873016357422,0.2506185173988354,9.485552787780762,8.999999999999999e-08,0.0,0.0,0.0,8.999999999999999e-08,0.0,0.0,0.0,8.999999999999999e-08
1759811045685844576,167123,1759811045681818752,base_link,-0.02097810388918352,-0.13102418916399186,0.031244765353429675,-0.9906646666748085,1.0,0.0,0.0,0.0,1.0,0.0,0.0,0.0,1.0,0.0009670573053881526,-0.003919213078916073,-0.0019160525407642122,1.2184696791468346e-07,0.0,0.0,0.0,1.2184696791468346e-07,0.0,0.0,0.0,1.2184696791468346e-07,-2.607090711593628,0.280213236808778,9.453025817871094,8.999999999999999e-08,0.0,0.0,0.0,8.999999999999999e-08,0.0,0.0,0.0,8.999999999999999e-08
1759811045695219936,167124,1759811045686818752,base_link,-0.020975385417454563,-0.13102776110940317,0.03125289969519226,-0.9906639501783838,1.0,0.0,0.0,0.0,1.0,0.0,0.0,0.0,1.0,-0.0007829634705558419,-0.0014601057628169658,-0.002325800945982337,1.2184696791468346e-07,0.0,0.0,0.0,1.2184696791468346e-07,0.0,0.0,0.0,1.2184696791468346e-07,-2.549074411392212,0.41513156890869257,9.464632034301758,8.999999999999999e-08,0.0,0.0,0.0,8.999999999999999e-08,0.0,0.0,0.0,8.999999999999999e-08
1759811045698403680,167125,1759811045692818752,base_link,-0.02097683421537213,-0.13101892607628407,0.031242362983064542,-0.9906653831712332,1.0,0.0,0.0,0.0,1.0,0.0,0.0,0.0,1.0,2.9952963814139366e-05,-0.0026497179642319675,0.003119754604995251,1.2184696791468346e-07,0.0,0.0,0.0,1.2184696791468346e-07,0.0,0.0,0.0,1.2184696791468346e-07,-2.542271137237549,0.3968459367752087,9.470745086669922,8.999999999999999e-08,0.0,0.0,0.0,8.999999999999999e-08,0.0,0.0,0.0,8.999999999999999e-08
1759811045706939072,167126,1759811045697818752,base_link,-0.020975348538962123,-0.1310082629236108,0.03123035113123894,-0.9906672797794162,1.0,0.0,0.0,0.0,1.0,0.0,0.0,0.0,1.0,-0.0027568209916353226,-0.003972340375185013,-0.0002985671162605281,1.2184696791468346e-07,0.0,0.0,0.0,1.2184696791468346e-07,0.0,0.0,0.0,1.2184696791468346e-07,-2.6017346382141113,0.2573969960212719,9.411811828613281,8.999999999999999e-08,0.0,0.0,0.0,8.999999999999999e-08,0.0,0.0,0.0,8.999999999999999e-08
1759811045715979904,167127,1759811045708818752,base_link,-0.020960165136786075,-0.13099607194767904,0.03126153979913701,-0.9906682070100834,1.0,0.0,0.0,0.0,1.0,0.0,0.0,0.0,1.0,-0.0010369995143264532,-0.0010805920464918024,-0.005296214018017054,1.2184696791468346e-07,0.0,0.0,0.0,1.2184696791468346e-07,0.0,0.0,0.0,1.2184696791468346e-07,-2.591442346572876,0.3493551611900341,9.455644607543945,8.999999999999999e-08,0.0,0.0,0.0,8.999999999999999e-08,0.0,0.0,0.0,8.999999999999999e-08
1759811045719950816,167128,1759811045713818752,base_link,-0.02095512858838902,-0.13100969591646017,0.03124645122737011,-0.9906669426046281,1.0,0.0,0.0,0.0,1.0,0.0,0.0,0.0,1.0,-0.0015524066984653473,0.002693868009373546,0.0032562399283051486,1.2184696791468346e-07,0.0,0.0,0.0,1.2184696791468346e-07,0.0,0.0,0.0,1.2184696791468346e-07,-2.5385589599609375,0.3840267658233654,9.44514274597168,8.999999999999999e-08,0.0,0.0,0.0,8.999999999999999e-08,0.0,0.0,0.0,8.999999999999999e-08
1759811045726167232,167129,1759811045719818752,base_link,-0.020950439751492182,-0.1310113396435521,0.03123924411627472,-0.9906670690451735,1.0,0.0,0.0,0.0,1.0,0.0,0.0,0.0,1.0,-0.0018131434917449951,-0.0010549534345045684,0.0022478043101727962,1.2184696791468346e-07,0.0,0.0,0.0,1.2184696791468346e-07,0.0,0.0,0.0,1.2184696791468346e-07,-2.582547426223755,0.31310164928436396,9.459319114685059,8.999999999999999e-08,0.0,0.0,0.0,8.999999999999999e-08,0.0,0.0,0.0,8.999999999999999e-08
1759811045736182720,167130,1759811045729818752,base_link,-0.020950281700810272,-0.1310008872251214,0.03126271991089532,-0.9906677012479013,1.0,0.0,0.0,0.0,1.0,0.0,0.0,0.0,1.0,0.0012531062820926309,-0.0020115938968956475,-0.004522368311882019,1.2184696791468346e-07,0.0,0.0,0.0,1.2184696791468346e-07,0.0,0.0,0.0,1.2184696791468346e-07,-2.570504665374756,0.30941140651703,9.444245338439941,8.999999999999999e-08,0.0,0.0,0.0,8.999999999999999e-08,0.0,0.0,0.0,8.999999999999999e-08
1759811045739959264,167131,1759811045734818752,base_link,-0.020942142090691604,-0.1309968358593083,0.03126588092453359,-0.9906683334506289,1.0,0.0,0.0,0.0,1.0,0.0,0.0,0.0,1.0,-0.002261948073282838,-0.0011498451931402092,-0.003248760709539056,1.2184696791468346e-07,0.0,0.0,0.0,1.2184696791468346e-07,0.0,0.0,0.0,1.2184696791468346e-07,-2.5188136100769043,0.4263780117034924,9.467061996459961,8.999999999999999e-08,0.0,0.0,0.0,8.999999999999999e-08,0.0,0.0,0.0,8.999999999999999e-08
1759811045747912288,167132,1759811045739818752,base_link,-0.020927885919182796,-0.130997225717657,0.031256355736770144,-0.990668923506508,1.0,0.0,0.0,0.0,1.0,0.0,0.0,0.0,1.0,-0.004781232215464115,-0.0007970022270455952,0.003975804429501295,1.2184696791468346e-07,0.0,0.0,0.0,1.2184696791468346e-07,0.0,0.0,0.0,1.2184696791468346e-07,-2.573651075363159,0.371514141559602,9.479765892028809,8.999999999999999e-08,0.0,0.0,0.0,8.999999999999999e-08,0.0,0.0,0.0,8.999999999999999e-08
1759811045753843232,167133,1759811045750818752,base_link,-0.020920573440966154,-0.13100074497950767,0.031261919120773606,-0.990668417744326,1.0,0.0,0.0,0.0,1.0,0.0,0.0,0.0,1.0,-0.0009999023750424385,0.0008045419817790388,-0.0011900365352630615,1.2184696791468346e-07,0.0,0.0,0.0,1.2184696791468346e-07,0.0,0.0,0.0,1.2184696791468346e-07,-2.5937066078186035,0.25427931547165034,9.463773727416992,8.999999999999999e-08,0.0,0.0,0.0,8.999999999999999e-08,0.0,0.0,0.0,8.999999999999999e-08
1759811045762784672,167134,1759811045759817984,base_link,-0.020915089082303665,-0.13100045521992418,0.03127717627993456,-0.9906680805695379,1.0,0.0,0.0,0.0,1.0,0.0,0.0,0.0,1.0,0.0016165071865543723,9.384553413838082e-05,-0.00544580677524209,1.2184696791468346e-07,0.0,0.0,0.0,1.2184696791468346e-07,0.0,0.0,0.0,1.2184696791468346e-07,-2.538039445877075,0.37691104412078974,9.45026683807373,8.999999999999999e-08,0.0,0.0,0.0,8.999999999999999e-08,0.0,0.0,0.0,8.999999999999999e-08
1759811045768940416,167135,1759811045766817984,base_link,-0.02093874926938647,-0.1310051598618892,0.031262045561319146,-0.9906674483668102,1.0,0.0,0.0,0.0,1.0,0.0,0.0,0.0,1.0,0.004688743036240339,0.00070308247813955,0.004064608830958605,1.2184696791468346e-07,0.0,0.0,0.0,1.2184696791468346e-07,0.0,0.0,0.0,1.2184696791468346e-07,-2.5982816219329834,0.2576295137405407,9.449687004089355,8.999999999999999e-08,0.0,0.0,0.0,8.999999999999999e-08,0.0,0.0,0.0,8.999999999999999e-08
1759811045778723072,167136,1759811045771817984,base_link,-0.020930146043934186,-0.13099474432195093,0.03128130667108858,-0.9906684177443259,1.0,0.0,0.0,0.0,1.0,0.0,0.0,0.0,1.0,0.0005372976884245872,-0.001820406294427812,-0.0008590603247284887,1.2184696791468346e-07,0.0,0.0,0.0,1.2184696791468346e-07,0.0,0.0,0.0,1.2184696791468346e-07,-2.609049081802368,0.23912714421749232,9.444186210632324,8.999999999999999e-08,0.0,0.0,0.0,8.999999999999999e-08,0.0,0.0,0.0,8.999999999999999e-08
1759811045783178496,167137,1759811045776817984,base_link,-0.02094048255853148,-0.13099844270790778,0.03129116903364012,-0.9906674062199617,1.0,0.0,0.0,0.0,1.0,0.0,0.0,0.0,1.0,0.0033695572055876255,-0.0005242099286988383,-0.00418342649936676,1.2184696791468346e-07,0.0,0.0,0.0,1.2184696791468346e-07,0.0,0.0,0.0,1.2184696791468346e-07,-2.579514980316162,0.3340974450111401,9.455580711364746,8.999999999999999e-08,0.0,0.0,0.0,8.999999999999999e-08,0.0,0.0,0.0,8.999999999999999e-08
1759811045789181728,167138,1759811045781817984,base_link,-0.020948037381127067,-0.1309979580191499,0.03128931457230569,-0.9906673219262647,1.0,0.0,0.0,0.0,1.0,0.0,0.0,0.0,1.0,0.0022696000523865223,-0.001580485724844038,0.003156618680804968,1.2184696791468346e-07,0.0,0.0,0.0,1.2184696791468346e-07,0.0,0.0,0.0,1.2184696791468346e-07,-2.4922502040863037,0.43093919754028437,9.471607208251953,8.999999999999999e-08,0.0,0.0,0.0,8.999999999999999e-08,0.0,0.0,0.0,8.999999999999999e-08
1759811045796946272,167139,1759811045792817984,base_link,-0.02096176144867342,-0.13099308478979083,0.031273846678902185,-0.9906682070100834,1.0,0.0,0.0,0.0,1.0,0.0,0.0,0.0,1.0,0.0025101518258452415,-0.0006026686169207092,0.003513284958899021,1.2184696791468346e-07,0.0,0.0,0.0,1.2184696791468346e-07,0.0,0.0,0.0,1.2184696791468346e-07,-2.6481540203094482,0.24325376749038813,9.448180198669434,8.999999999999999e-08,0.0,0.0,0.0,8.999999999999999e-08,0.0,0.0,0.0,8.999999999999999e-08
1759811045803005408,167140,1759811045798817984,base_link,-0.020965702179009192,-0.13098822736549995,0.031294920103157604,-0.9906681227163864,1.0,0.0,0.0,0.0,1.0,0.0,0.0,0.0,1.0,0.002613191492855549,-0.0012459134450182325,-0.005383220501244068,1.2184696791468346e-07,0.0,0.0,0.0,1.2184696791468346e-07,0.0,0.0,0.0,1.2184696791468346e-07,-2.5824766159057617,0.2755150198936474,9.471161842346191,8.999999999999999e-08,0.0,0.0,0.0,8.999999999999999e-08,0.0,0.0,0.0,8.999999999999999e-08
1759811045807894528,167141,1759811045803817984,base_link,-0.020959791083505538,-0.13098831165919697,0.03130474031886068,-0.9906679119821439,1.0,0.0,0.0,0.0,1.0,0.0,0.0,0.0,1.0,0.0005074061919003725,-0.0011434938060119755,-0.005474680569022894,1.2184696791468346e-07,0.0,0.0,0.0,1.2184696791468346e-07,0.0,0.0,0.0,1.2184696791468346e-07,-2.5287089347839355,0.3977495431900036,9.43029499053955,8.999999999999999e-08,0.0,0.0,0.0,8.999999999999999e-08,0.0,0.0,0.0,8.999999999999999e-08
1759811045813800224,167142,1759811045808817984,base_link,-0.020950202675469307,-0.13099427543826125,0.0312941193130359,-0.9906676591010527,1.0,0.0,0.0,0.0,1.0,0.0,0.0,0.0,1.0,-0.0023553287610411644,0.0014748604735359552,0.0009737397776916621,1.2184696791468346e-07,0.0,0.0,0.0,1.2184696791468346e-07,0.0,0.0,0.0,1.2184696791468346e-07,-2.5241384506225586,0.42234617471695063,9.421966552734375,8.999999999999999e-08,0.0,0.0,0.0,8.999999999999999e-08,0.0,0.0,0.0,8.999999999999999e-08
1759811045821162496,167143,1759811045814817984,base_link,-0.020957077880132652,-0.1309924157085707,0.03128661717400098,-0.9906679962758409,1.0,0.0,0.0,0.0,1.0,0.0,0.0,0.0,1.0,0.00019572372548282146,0.0002056128578260542,0.0009694189066067338,1.2184696791468346e-07,0.0,0.0,0.0,1.2184696791468346e-07,0.0,0.0,0.0,1.2184696791468346e-07,-2.597898483276367,0.2953173518180859,9.45953369140625,8.999999999999999e-08,0.0,0.0,0.0,8.999999999999999e-08,0.0,0.0,0.0,8.999999999999999e-08
1759811045829122976,167144,1759811045824817984,base_link,-0.020946915221285452,-0.1309958137982319,0.03130356020710237,-0.9906671533388707,1.0,0.0,0.0,0.0,1.0,0.0,0.0,0.0,1.0,-0.0006301527027972043,4.9620866775509095e-06,-0.0029398631304502487,1.2184696791468346e-07,0.0,0.0,0.0,1.2184696791468346e-07,0.0,0.0,0.0,1.2184696791468346e-07,-2.5539591312408447,0.3561163544654858,9.462043762207031,8.999999999999999e-08,0.0,0.0,0.0,8.999999999999999e-08,0.0,0.0,0.0,8.999999999999999e-08
1759811045834400544,167145,1759811045829817984,base_link,-0.020948869781385153,-0.1309997387234995,0.03130297015122322,-0.9906666475766885,1.0,0.0,0.0,0.0,1.0,0.0,0.0,0.0,1.0,-0.0007375064305961132,0.0012902483576908708,0.0005768394330516456,1.2184696791468346e-07,0.0,0.0,0.0,1.2184696791468346e-07,0.0,0.0,0.0,1.2184696791468346e-07,-2.484009265899658,0.4150934815406811,9.452338218688965,8.999999999999999e-08,0.0,0.0,0.0,8.999999999999999e-08,0.0,0.0,0.0,8.999999999999999e-08
1759811045841217952,167146,1759811045834817984,base_link,-0.020942252726168935,-0.13099710454546756,0.03127405741314474,-0.9906680805695379,1.0,0.0,0.0,0.0,1.0,0.0,0.0,0.0,1.0,-0.0016757751582190394,0.0006147515960037717,0.007252512499690056,1.2184696791468346e-07,0.0,0.0,0.0,1.2184696791468346e-07,0.0,0.0,0.0,1.2184696791468346e-07,-2.6137847900390625,0.3055811524391186,9.46424674987793,8.999999999999999e-08,0.0,0.0,0.0,8.999999999999999e-08,0.0,0.0,0.0,8.999999999999999e-08
1759811045853174368,167147,1759811045845817984,base_link,-0.020935914893824122,-0.1309977841633998,0.031276670517752424,-0.9906679962758409,1.0,0.0,0.0,0.0,1.0,0.0,0.0,0.0,1.0,-0.001526711042970419,-0.00045711093116551627,0.0007633987115696074,1.2184696791468346e-07,0.0,0.0,0.0,1.2184696791468346e-07,0.0,0.0,0.0,1.2184696791468346e-07,-2.5391972064971924,0.2932578325271618,9.498411178588867,8.999999999999999e-08,0.0,0.0,0.0,8.999999999999999e-08,0.0,0.0,0.0,8.999999999999999e-08
1759811045858125216,167148,1759811045850817984,base_link,-0.02094260043766915,-0.13100048683006055,0.031280421587269854,-0.9906673640731132,1.0,0.0,0.0,0.0,1.0,0.0,0.0,0.0,1.0,0.0008084705332294106,0.0014902295079082248,-0.0016512256115674975,1.2184696791468346e-07,0.0,0.0,0.0,1.2184696791468346e-07,0.0,0.0,0.0,1.2184696791468346e-07,-2.5179896354675293,0.4132307171821606,9.46742057800293,8.999999999999999e-08,0.0,0.0,0.0,8.999999999999999e-08,0.0,0.0,0.0,8.999999999999999e-08
1759811045863907296,167149,1759811045856816960,base_link,-0.020940498363599673,-0.13100860536675496,0.03127245583290132,-0.9906666475766885,1.0,0.0,0.0,0.0,1.0,0.0,0.0,0.0,1.0,-0.001264655962586403,0.0003107496304437522,0.003268652595579624,1.2184696791468346e-07,0.0,0.0,0.0,1.2184696791468346e-07,0.0,0.0,0.0,1.2184696791468346e-07,-2.5669171810150146,0.3474733233451855,9.49134349822998,8.999999999999999e-08,0.0,0.0,0.0,8.999999999999999e-08,0.0,0.0,0.0,8.999999999999999e-08
1759811045871131648,167150,1759811045866816960,base_link,-0.020934882296035604,-0.13098473971378566,0.0312836668946052,-0.9906695135623872,1.0,0.0,0.0,0.0,1.0,0.0,0.0,0.0,1.0,0.00012774381320923567,-0.0035296590067446236,-0.0033572579268366094,1.2184696791468346e-07,0.0,0.0,0.0,1.2184696791468346e-07,0.0,0.0,0.0,1.2184696791468346e-07,-2.6090102195739746,0.264300048351289,9.497007369995117,8.999999999999999e-08,0.0,0.0,0.0,8.999999999999999e-08,0.0,0.0,0.0,8.999999999999999e-08
1759811045876847424,167151,1759811045871816960,base_link,-0.020937253056264333,-0.13098865937069717,0.03129369784455078,-0.990668670625417,1.0,0.0,0.0,0.0,1.0,0.0,0.0,0.0,1.0,0.000856357510201633,-0.0006500568706542259,-0.004582497291266918,1.2184696791468346e-07,0.0,0.0,0.0,1.2184696791468346e-07,0.0,0.0,0.0,1.2184696791468346e-07,-2.5472962856292725,0.3895691633224499,9.43625545501709,8.999999999999999e-08,0.0,0.0,0.0,8.999999999999999e-08,0.0,0.0,0.0,8.999999999999999e-08
1759811045883169088,167152,1759811045877816960,base_link,-0.020936773635862528,-0.13099646180602775,0.03129597377437038,-0.9906675748073557,1.0,0.0,0.0,0.0,1.0,0.0,0.0,0.0,1.0,0.002235438209027052,0.002242031507194042,0.00015156914014369222,1.2184696791468346e-07,0.0,0.0,0.0,1.2184696791468346e-07,0.0,0.0,0.0,1.2184696791468346e-07,-2.5162599086761475,0.3942393064498913,9.4373140335083,8.999999999999999e-08,0.0,0.0,0.0,8.999999999999999e-08,0.0,0.0,0.0,8.999999999999999e-08
1759811045892736896,167153,1759811045882816960,base_link,-0.020945044954882787,-0.13099758923422541,0.03128682790824354,-0.9906675326605072,1.0,0.0,0.0,0.0,1.0,0.0,0.0,0.0,1.0,0.0016235684743151069,0.00014011166058480745,0.0005374165484681726,1.2184696791468346e-07,0.0,0.0,0.0,1.2184696791468346e-07,0.0,0.0,0.0,1.2184696791468346e-07,-2.6121389865875244,0.31380814313888666,9.454723358154297,8.999999999999999e-08,0.0,0.0,0.0,8.999999999999999e-08,0.0,0.0,0.0,8.999999999999999e-08
1759811045897403584,167154,1759811045893816960,base_link,-0.020940424606614785,-0.13101541208278947,0.031313422569653915,-0.990664455940566,1.0,0.0,0.0,0.0,1.0,0.0,0.0,0.0,1.0,0.0002500977134332061,0.003746197093278169,-0.004351185634732247,1.2184696791468346e-07,0.0,0.0,0.0,1.2184696791468346e-07,0.0,0.0,0.0,1.2184696791468346e-07,-2.523890495300293,0.34614592790603754,9.462902069091797,8.999999999999999e-08,0.0,0.0,0.0,8.999999999999999e-08,0.0,0.0,0.0,8.999999999999999e-08
1759811045903858944,167155,1759811045898816960,base_link,-0.02094425470147321,-0.13100745159677699,0.03130895500371174,-0.9906655517586271,1.0,0.0,0.0,0.0,1.0,0.0,0.0,0.0,1.0,8.973293006420135e-06,2.4811946786940054e-05,-0.0003680820809677243,1.2184696791468346e-07,0.0,0.0,0.0,1.2184696791468346e-07,0.0,0.0,0.0,1.2184696791468346e-07,-2.5142815113067627,0.413033962249757,9.486498832702637,8.999999999999999e-08,0.0,0.0,0.0,8.999999999999999e-08,0.0,0.0,0.0,8.999999999999999e-08
1759811045911812640,167156,1759811045903816960,base_link,-0.020955096978252638,-0.13100786252854996,0.0312866593208495,-0.9906659310802638,1.0,0.0,0.0,0.0,1.0,0.0,0.0,0.0,1.0,0.0021564471535384655,-4.058529157191441e-05,0.006050094962120056,1.2184696791468346e-07,0.0,0.0,0.0,1.2184696791468346e-07,0.0,0.0,0.0,1.2184696791468346e-07,-2.5591542720794678,0.3290123939514172,9.498518943786621,8.999999999999999e-08,0.0,0.0,0.0,8.999999999999999e-08,0.0,0.0,0.0,8.999999999999999e-08
1759811045916945664,167157,1759811045913816960,base_link,-0.02095325832198634,-0.1310088477111339,0.031290199656124375,-0.9906657624928698,1.0,0.0,0.0,0.0,1.0,0.0,0.0,0.0,1.0,0.0007750684162601829,-0.0005333453882485628,0.0001826492371037603,1.2184696791468346e-07,0.0,0.0,0.0,1.2184696791468346e-07,0.0,0.0,0.0,1.2184696791468346e-07,-2.6356263160705566,0.24540914595127222,9.463903427124023,8.999999999999999e-08,0.0,0.0,0.0,8.999999999999999e-08,0.0,0.0,0.0,8.999999999999999e-08
1759811045923906912,167158,1759811045919816960,base_link,-0.02096831528361686,-0.13100659285473856,0.03131118878668283,-0.9906650881432936,1.0,0.0,0.0,0.0,1.0,0.0,0.0,0.0,1.0,0.0033594872802495956,-0.0002324882661923771,-0.004083847161382437,1.2184696791468346e-07,0.0,0.0,0.0,1.2184696791468346e-07,0.0,0.0,0.0,1.2184696791468346e-07,-2.5579280853271484,0.36712193489074824,9.447949409484863,8.999999999999999e-08,0.0,0.0,0.0,8.999999999999999e-08,0.0,0.0,0.0,8.999999999999999e-08
1759811045929282656,167159,1759811045924816960,base_link,-0.020966165794342805,-0.13100415887423705,0.031302127214253,-0.9906657203460213,1.0,0.0,0.0,0.0,1.0,0.0,0.0,0.0,1.0,0.0018713615136221051,-0.0008477846859022974,0.0008316371822729708,1.2184696791468346e-07,0.0,0.0,0.0,1.2184696791468346e-07,0.0,0.0,0.0,1.2184696791468346e-07,-2.5460493564605713,0.3613145351409924,9.490948677062988,8.999999999999999e-08,0.0,0.0,0.0,8.999999999999999e-08,0.0,0.0,0.0,8.999999999999999e-08
1759811045937301824,167160,1759811045930816960,base_link,-0.02096875255717016,-0.13099733635313435,0.03128227604860434,-0.9906671954857191,1.0,0.0,0.0,0.0,1.0,0.0,0.0,0.0,1.0,0.0011299100005999207,-0.0013960885116830462,0.00486003840342164,1.2184696791468346e-07,0.0,0.0,0.0,1.2184696791468346e-07,0.0,0.0,0.0,1.2184696791468346e-07,-2.5791175365448,0.2698278427124035,9.465669631958008,8.999999999999999e-08,0.0,0.0,0.0,8.999999999999999e-08,0.0,0.0,0.0,8.999999999999999e-08
1759811045942907968,167161,1759811045935816960,base_link,-0.020976876362220648,-0.13100085561498503,0.031292728467035034,-0.9906661839613549,1.0,0.0,0.0,0.0,1.0,0.0,0.0,0.0,1.0,0.0016292048385366797,0.0006790800835005935,-0.003913792781531811,1.2184696791468346e-07,0.0,0.0,0.0,1.2184696791468346e-07,0.0,0.0,0.0,1.2184696791468346e-07,-2.6277406215667725,0.22880853712558863,9.427924156188965,8.999999999999999e-08,0.0,0.0,0.0,8.999999999999999e-08,0.0,0.0,0.0,8.999999999999999e-08
1759811045948881088,167162,1759811045945816960,base_link,-0.02096685594898717,-0.13101842031410194,0.03131620426165559,-0.9906633601225047,1.0,0.0,0.0,0.0,1.0,0.0,0.0,0.0,1.0,-0.0008499036193825305,0.0033751931041479106,-0.00456932233646512,1.2184696791468346e-07,0.0,0.0,0.0,1.2184696791468346e-07,0.0,0.0,0.0,1.2184696791468346e-07,-2.5358099937438965,0.42736601829528925,9.462008476257324,8.999999999999999e-08,0.0,0.0,0.0,8.999999999999999e-08,0.0,0.0,0.0,8.999999999999999e-08
1759811045957134272,167163,1759811045951816960,base_link,-0.02097045423617879,-0.13101047036480157,0.03130073636825214,-0.9906648352622025,1.0,0.0,0.0,0.0,1.0,0.0,0.0,0.0,1.0,0.00030950980726629496,-0.0014258363517001267,0.004147709347307682,1.2184696791468346e-07,0.0,0.0,0.0,1.2184696791468346e-07,0.0,0.0,0.0,1.2184696791468346e-07,-2.5979764461517334,0.32475894689560053,9.458174705505371,8.999999999999999e-08,0.0,0.0,0.0,8.999999999999999e-08,0.0,0.0,0.0,8.999999999999999e-08
1759811045959902432,167164,1759811045956816960,base_link,-0.020971813472043264,-0.13100711969034495,0.0312952572779457,-0.9906654253180817,1.0,0.0,0.0,0.0,1.0,0.0,0.0,0.0,1.0,-0.00011153984814882278,-0.0020909896120429035,0.004716535564512014,1.2184696791468346e-07,0.0,0.0,0.0,1.2184696791468346e-07,0.0,0.0,0.0,1.2184696791468346e-07,-2.6213266849517822,0.23592048883438227,9.430752754211426,8.999999999999999e-08,0.0,0.0,0.0,8.999999999999999e-08,0.0,0.0,0.0,8.999999999999999e-08
1759811045970077312,167165,1759811045961815936,base_link,-0.020959785815149477,-0.1310109497852034,0.031307859185650454,-0.990664793115354,1.0,0.0,0.0,0.0,1.0,0.0,0.0,0.0,1.0,-0.002295849611982703,-0.0009650693973526361,-0.001957872649654746,1.2184696791468346e-07,0.0,0.0,0.0,1.2184696791468346e-07,0.0,0.0,0.0,1.2184696791468346e-07,-2.552172899246216,0.2783602476120007,9.492098808288574,8.999999999999999e-08,0.0,0.0,0.0,8.999999999999999e-08,0.0,0.0,0.0,8.999999999999999e-08
1759811045974021632,167166,1759811045967815936,base_link,-0.020947399910043327,-0.13100270480796344,0.03131611996795862,-0.9906658889334153,1.0,0.0,0.0,0.0,1.0,0.0,0.0,0.0,1.0,-0.0028208005242049694,-0.0015229006530717015,-0.0005059645045548675,1.2184696791468346e-07,0.0,0.0,0.0,1.2184696791468346e-07,0.0,0.0,0.0,1.2184696791468346e-07,-2.5221521854400635,0.41052883863449213,9.428316116333008,8.999999999999999e-08,0.0,0.0,0.0,8.999999999999999e-08,0.0,0.0,0.0,8.999999999999999e-08
1759811045979761408,167167,1759811045972815936,base_link,-0.020956698558496047,-0.13100344764616845,0.03128303469187754,-0.99066660542984,1.0,0.0,0.0,0.0,1.0,0.0,0.0,0.0,1.0,0.001221359590999782,-0.0003568108659237612,0.009405229240655899,1.2184696791468346e-07,0.0,0.0,0.0,1.2184696791468346e-07,0.0,0.0,0.0,1.2184696791468346e-07,-2.5523173809051514,0.37772095203399775,9.48871898651123,8.999999999999999e-08,0.0,0.0,0.0,8.999999999999999e-08,0.0,0.0,0.0,8.999999999999999e-08
1759811045987916416,167168,1759811045983815936,base_link,-0.02095666694835966,-0.1310108022712336,0.03127026419677875,-0.9906660575208093,1.0,0.0,0.0,0.0,1.0,0.0,0.0,0.0,1.0,-0.00023885502014309168,0.001024886500090361,0.0033162129111588,1.2184696791468346e-07,0.0,0.0,0.0,1.2184696791468346e-07,0.0,0.0,0.0,1.2184696791468346e-07,-2.5819294452667236,0.25360381603241083,9.464670181274414,8.999999999999999e-08,0.0,0.0,0.0,8.999999999999999e-08,0.0,0.0,0.0,8.999999999999999e-08
1759811045993435264,167169,1759811045988815936,base_link,-0.020952668266107203,-0.13102860404637337,0.03127957865029965,-0.9906634865630501,1.0,0.0,0.0,0.0,1.0,0.0,0.0,0.0,1.0,-0.0017816118197515607,0.004861620720475911,-0.003626689780503512,1.2184696791468346e-07,0.0,0.0,0.0,1.2184696791468346e-07,0.0,0.0,0.0,1.2184696791468346e-07,-2.544530153274536,0.31655931472778437,9.459490776062012,8.999999999999999e-08,0.0,0.0,0.0,8.999999999999999e-08,0.0,0.0,0.0,8.999999999999999e-08
1759811046003018496,167170,1759811045998815936,base_link,-0.020954043307039868,-0.13102301432058963,0.03126760894532256,-0.9906645823811114,1.0,0.0,0.0,0.0,1.0,0.0,0.0,0.0,1.0,0.0007962685776874423,-0.00080511684063822,0.002665963489562273,1.2184696791468346e-07,0.0,0.0,0.0,1.2184696791468346e-07,0.0,0.0,0.0,1.2184696791468346e-07,-2.5937750339508057,0.34142899513244745,9.469400405883789,8.999999999999999e-08,0.0,0.0,0.0,8.999999999999999e-08,0.0,0.0,0.0,8.999999999999999e-08
1759811046011845824,167171,1759811046004815936,base_link,-0.02096232516277225,-0.13102697612434966,0.03127283515453794,-0.9906637394441412,1.0,0.0,0.0,0.0,1.0,0.0,0.0,0.0,1.0,0.0045152329839766026,-0.00028513185679912567,3.072770778089765e-05,1.2184696791468346e-07,0.0,0.0,0.0,1.2184696791468346e-07,0.0,0.0,0.0,1.2184696791468346e-07,-2.5971760749816895,0.2312538623809826,9.437912940979004,8.999999999999999e-08,0.0,0.0,0.0,8.999999999999999e-08,0.0,0.0,0.0,8.999999999999999e-08
1759811046017122048,167172,1759811046009815936,base_link,-0.02096883685086719,-0.1310258592328641,0.03128387762884778,-0.9906634022693531,1.0,0.0,0.0,0.0,1.0,0.0,0.0,0.0,1.0,0.0017203459283336997,-0.0010484241647645835,-0.002991474000737071,1.2184696791468346e-07,0.0,0.0,0.0,1.2184696791468346e-07,0.0,0.0,0.0,1.2184696791468346e-07,-2.526064395904541,0.33108156919479487,9.419487953186035,8.999999999999999e-08,0.0,0.0,0.0,8.999999999999999e-08,0.0,0.0,0.0,8.999999999999999e-08
1759811046022929888,167173,1759811046020815936,base_link,-0.020954117064024752,-0.13101911573710237,0.0312612869180459,-0.9906652567306876,1.0,0.0,0.0,0.0,1.0,0.0,0.0,0.0,1.0,-0.0029426205437630415,-0.0017347120447084303,0.0041352370753884315,1.2184696791468346e-07,0.0,0.0,0.0,1.2184696791468346e-07,0.0,0.0,0.0,1.2184696791468346e-07,-2.4964702129364014,0.38196289539337275,9.47412395477295,8.999999999999999e-08,0.0,0.0,0.0,8.999999999999999e-08,0.0,0.0,0.0,8.999999999999999e-08
1759811046028908032,167174,1759811046025815936,base_link,-0.020957552032178396,-0.1310190209066932,0.031268494029141294,-0.990665045996445,1.0,0.0,0.0,0.0,1.0,0.0,0.0,0.0,1.0,-0.002659250982105732,-0.0013635501964017747,0.002451574429869652,1.2184696791468346e-07,0.0,0.0,0.0,1.2184696791468346e-07,0.0,0.0,0.0,1.2184696791468346e-07,-2.5582449436187744,0.35889381170272944,9.462559700012207,8.999999999999999e-08,0.0,0.0,0.0,8.999999999999999e-08,0.0,0.0,0.0,8.999999999999999e-08
1759811046035872256,167175,1759811046030815936,base_link,-0.02096421650259918,-0.13100407458054003,0.03128012655933028,-0.9906664789892944,1.0,0.0,0.0,0.0,1.0,0.0,0.0,0.0,1.0,0.0021703517995774746,-0.004249757621437311,-0.002930602757260203,1.2184696791468346e-07,0.0,0.0,0.0,1.2184696791468346e-07,0.0,0.0,0.0,1.2184696791468346e-07,-2.586003065109253,0.2753263115882885,9.442534446716309,8.999999999999999e-08,0.0,0.0,0.0,8.999999999999999e-08,0.0,0.0,0.0,8.999999999999999e-08
1759811046041934656,167176,1759811046035815936,base_link,-0.02096201432976448,-0.1310129991757122,0.031288893103820534,-0.9906650459964451,1.0,0.0,0.0,0.0,1.0,0.0,0.0,0.0,1.0,0.0010853734565898776,0.0005018243100494142,-0.003177459817379713,1.2184696791468346e-07,0.0,0.0,0.0,1.2184696791468346e-07,0.0,0.0,0.0,1.2184696791468346e-07,-2.5330379009246826,0.40694785118103144,9.497268676757812,8.999999999999999e-08,0.0,0.0,0.0,8.999999999999999e-08,0.0,0.0,0.0,8.999999999999999e-08
1759811046048994176,167177,1759811046041815936,base_link,-0.020957151637117543,-0.13100716710554952,0.03128177028642221,-0.9906661839613549,1.0,0.0,0.0,0.0,1.0,0.0,0.0,0.0,1.0,-0.0012807589955627918,-0.0026307445950806137,0.004996791016310453,1.2184696791468346e-07,0.0,0.0,0.0,1.2184696791468346e-07,0.0,0.0,0.0,1.2184696791468346e-07,-2.529109001159668,0.42311412096023676,9.464029312133789,8.999999999999999e-08,0.0,0.0,0.0,8.999999999999999e-08,0.0,0.0,0.0,8.999999999999999e-08
1759811046059406656,167178,1759811046051815936,base_link,-0.02096104495224874,-0.13099294781253315,0.03127064351841534,-0.9906682913037804,1.0,0.0,0.0,0.0,1.0,0.0,0.0,0.0,1.0,0.0012784929713234305,-0.0020892792381346226,-0.00021870073396712517,1.2184696791468346e-07,0.0,0.0,0.0,1.2184696791468346e-07,0.0,0.0,0.0,1.2184696791468346e-07,-2.633737564086914,0.2338643521070492,9.44133186340332,8.999999999999999e-08,0.0,0.0,0.0,8.999999999999999e-08,0.0,0.0,0.0,8.999999999999999e-08
1759811046069178176,167179,1759811046062815424,base_link,-0.02095600313549562,-0.13100196196975844,0.031282781810786475,-0.990666858310931,1.0,0.0,0.0,0.0,1.0,0.0,0.0,0.0,1.0,0.0001509679714217782,0.0010953549062833188,-0.0023300109896808863,1.2184696791468346e-07,0.0,0.0,0.0,1.2184696791468346e-07,0.0,0.0,0.0,1.2184696791468346e-07,-2.49206805229187,0.4178264737129223,9.461556434631348,8.999999999999999e-08,0.0,0.0,0.0,8.999999999999999e-08,0.0,0.0,0.0,8.999999999999999e-08
1759811046074045792,167180,1759811046067815424,base_link,-0.02096405845191726,-0.13099365377224573,0.031271486455385564,-0.9906681227163864,1.0,0.0,0.0,0.0,1.0,0.0,0.0,0.0,1.0,0.0022248425520956516,-0.0015757303917780512,0.004485228098928928,1.2184696791468346e-07,0.0,0.0,0.0,1.2184696791468346e-07,0.0,0.0,0.0,1.2184696791468346e-07,-2.5446224212646484,0.32618546485900995,9.467240333557129,8.999999999999999e-08,0.0,0.0,0.0,8.999999999999999e-08,0.0,0.0,0.0,8.999999999999999e-08
1759811046078909280,167181,1759811046072815424,base_link,-0.020962883608515028,-0.13100189874948567,0.031269379112960016,-0.9906671111920221,1.0,0.0,0.0,0.0,1.0,0.0,0.0,0.0,1.0,0.0006328556919470429,0.002156204776838422,-8.417048957198884e-05,1.2184696791468346e-07,0.0,0.0,0.0,1.2184696791468346e-07,0.0,0.0,0.0,1.2184696791468346e-07,-2.653102397918701,0.1870245039463055,9.441802978515625,8.999999999999999e-08,0.0,0.0,0.0,8.999999999999999e-08,0.0,0.0,0.0,8.999999999999999e-08
1759811046086072000,167182,1759811046078815424,base_link,-0.02096216711209033,-0.13101933700805704,0.03129382428509633,-0.9906640766189293,1.0,0.0,0.0,0.0,1.0,0.0,0.0,0.0,1.0,0.0008721790509298444,0.004098330158740281,-0.005521796178072692,1.2184696791468346e-07,0.0,0.0,0.0,1.2184696791468346e-07,0.0,0.0,0.0,1.2184696791468346e-07,-2.607466220855713,0.2650424838066113,9.448267936706543,8.999999999999999e-08,0.0,0.0,0.0,8.999999999999999e-08,0.0,0.0,0.0,8.999999999999999e-08
1759811046093105600,167183,1759811046088815424,base_link,-0.020978298818357877,-0.13102648089887964,0.03129323422921718,-0.990662812213474,1.0,0.0,0.0,0.0,1.0,0.0,0.0,0.0,1.0,0.0035852277651429176,0.0009375932277180257,0.0017860581865534184,1.2184696791468346e-07,0.0,0.0,0.0,1.2184696791468346e-07,0.0,0.0,0.0,1.2184696791468346e-07,-2.5215187072753906,0.39829879999160883,9.41655445098877,8.999999999999999e-08,0.0,0.0,0.0,8.999999999999999e-08,0.0,0.0,0.0,8.999999999999999e-08
1759811046099381440,167184,1759811046094815424,base_link,-0.020993729833268932,-0.13101926851942822,0.03128640643975844,-0.9906636551504442,1.0,0.0,0.0,0.0,1.0,0.0,0.0,0.0,1.0,0.0046706306748092175,-0.002430974971503019,0.003951326012611389,1.2184696791468346e-07,0.0,0.0,0.0,1.2184696791468346e-07,0.0,0.0,0.0,1.2184696791468346e-07,-2.581434726715088,0.2346677184104931,9.449756622314453,8.999999999999999e-08,0.0,0.0,0.0,8.999999999999999e-08,0.0,0.0,0.0,8.999999999999999e-08
1759811046108410368,167185,1759811046099815424,base_link,-0.020992475964525737,-0.13101926851942822,0.031296142361764444,-0.9906633601225047,1.0,0.0,0.0,0.0,1.0,0.0,0.0,0.0,1.0,-0.00046617939369753003,-0.0006202838849276307,-0.0026127116288989782,1.2184696791468346e-07,0.0,0.0,0.0,1.2184696791468346e-07,0.0,0.0,0.0,1.2184696791468346e-07,-2.602187395095825,0.24896381795406458,9.448447227478027,8.999999999999999e-08,0.0,0.0,0.0,8.999999999999999e-08,0.0,0.0,0.0,8.999999999999999e-08
1759811046111924960,167186,1759811046108815424,base_link,-0.020980216499965128,-0.13102230836087705,0.031300399193464064,-0.990663065094565,1.0,0.0,0.0,0.0,1.0,0.0,0.0,0.0,1.0,-0.005115740932524204,0.001194935874082148,-0.00037049315869808213,1.2184696791468346e-07,0.0,0.0,0.0,1.2184696791468346e-07,0.0,0.0,0.0,1.2184696791468346e-07,-2.5223844051361084,0.3717188239097607,9.445192337036133,8.999999999999999e-08,0.0,0.0,0.0,8.999999999999999e-08,0.0,0.0,0.0,8.999999999999999e-08
1759811046118809120,167187,1759811046115815424,base_link,-0.020955228687154225,-0.13101951086380717,0.03127755560157112,-0.9906646666748085,1.0,0.0,0.0,0.0,1.0,0.0,0.0,0.0,1.0,-0.004862846340984106,-0.0010240600677207108,0.003290039487183094,1.2184696791468346e-07,0.0,0.0,0.0,1.2184696791468346e-07,0.0,0.0,0.0,1.2184696791468346e-07,-2.5649359226226807,0.30191892385482905,9.470673561096191,8.999999999999999e-08,0.0,0.0,0.0,8.999999999999999e-08,0.0,0.0,0.0,8.999999999999999e-08
1759811046127852352,167188,1759811046120815424,base_link,-0.020952641924326876,-0.13102694451421326,0.031289988921881826,-0.9906633601225047,1.0,0.0,0.0,0.0,1.0,0.0,0.0,0.0,1.0,-0.0022032861597836018,0.000944628613069653,-0.004066945053637028,1.2184696791468346e-07,0.0,0.0,0.0,1.2184696791468346e-07,0.0,0.0,0.0,1.2184696791468346e-07,-2.620161771774292,0.23928448557853815,9.448307991027832,8.999999999999999e-08,0.0,0.0,0.0,8.999999999999999e-08,0.0,0.0,0.0,8.999999999999999e-08
1759811046132932000,167189,1759811046125815424,base_link,-0.02094660438827769,-0.13103567944856714,0.03131333827595685,-0.9906615899548672,1.0,0.0,0.0,0.0,1.0,0.0,0.0,0.0,1.0,-0.001620274968445301,0.0008287768578156822,-0.005521057639271021,1.2184696791468346e-07,0.0,0.0,0.0,1.2184696791468346e-07,0.0,0.0,0.0,1.2184696791468346e-07,-2.5442731380462646,0.33331525325775263,9.460664749145508,8.999999999999999e-08,0.0,0.0,0.0,8.999999999999999e-08,0.0,0.0,0.0,8.999999999999999e-08
1759811046140334752,167190,1759811046136815424,base_link,-0.0209223594136718,-0.13102955761882093,0.031292306998549936,-0.9906635708567472,1.0,0.0,0.0,0.0,1.0,0.0,0.0,0.0,1.0,-0.004444252699613571,-0.001132464385591447,0.0030201231129467487,1.2184696791468346e-07,0.0,0.0,0.0,1.2184696791468346e-07,0.0,0.0,0.0,1.2184696791468346e-07,-2.4745943546295166,0.41406106948852656,9.473201751708984,8.999999999999999e-08,0.0,0.0,0.0,8.999999999999999e-08,0.0,0.0,0.0,8.999999999999999e-08
1759811046149990560,167191,1759811046146815424,base_link,-0.020925346571560005,-0.13103031099373807,0.03130060992770661,-0.9906631915351106,1.0,0.0,0.0,0.0,1.0,0.0,0.0,0.0,1.0,0.000740218092687428,-0.000448883860372007,-0.0007966294651851057,1.2184696791468346e-07,0.0,0.0,0.0,1.2184696791468346e-07,0.0,0.0,0.0,1.2184696791468346e-07,-2.6202640533447266,0.23920440673828242,9.423979759216309,8.999999999999999e-08,0.0,0.0,0.0,8.999999999999999e-08,0.0,0.0,0.0,8.999999999999999e-08
1759811046158865824,167192,1759811046156815424,base_link,-0.020919777919200508,-0.13103427806585416,0.03131321183541137,-0.9906623907449889,1.0,0.0,0.0,0.0,1.0,0.0,0.0,0.0,1.0,-0.0008765895036049187,0.00031795148970559223,-0.0014275083085522056,1.2184696791468346e-07,0.0,0.0,0.0,1.2184696791468346e-07,0.0,0.0,0.0,1.2184696791468346e-07,-2.6237494945526123,0.25709855556488154,9.446707725524902,8.999999999999999e-08,0.0,0.0,0.0,8.999999999999999e-08,0.0,0.0,0.0,8.999999999999999e-08
1759811046167265664,167193,1759811046162813632,base_link,-0.02091151186853631,-0.13103383025558873,0.03128627999921291,-0.9906634444162017,1.0,0.0,0.0,0.0,1.0,0.0,0.0,0.0,1.0,-0.0027815457433462143,-0.000424460158683359,0.004970679525285959,1.2184696791468346e-07,0.0,0.0,0.0,1.2184696791468346e-07,0.0,0.0,0.0,1.2184696791468346e-07,-2.5965425968170166,0.2921524643898022,9.456135749816895,8.999999999999999e-08,0.0,0.0,0.0,8.999999999999999e-08,0.0,0.0,0.0,8.999999999999999e-08
1759811046172887872,167194,1759811046168813632,base_link,-0.020911385427990772,-0.1310519850105848,0.031304698172012146,-0.9906604519899573,1.0,0.0,0.0,0.0,1.0,0.0,0.0,0.0,1.0,0.0004133591428399086,0.0041060736402869225,-0.0023862272500991826,1.2184696791468346e-07,0.0,0.0,0.0,1.2184696791468346e-07,0.0,0.0,0.0,1.2184696791468346e-07,-2.6041314601898193,0.2469302564859402,9.452181816101074,8.999999999999999e-08,0.0,0.0,0.0,8.999999999999999e-08,0.0,0.0,0.0,8.999999999999999e-08
1759811046179729312,167195,1759811046173813632,base_link,-0.020913250426037384,-0.13104757012820328,0.031324928659297396,-0.9906603676962604,1.0,0.0,0.0,0.0,1.0,0.0,0.0,0.0,1.0,0.0016094286693260074,-0.00014674384146928874,-0.007170224096626043,1.2184696791468346e-07,0.0,0.0,0.0,1.2184696791468346e-07,0.0,0.0,0.0,1.2184696791468346e-07,-2.5448617935180664,0.34887599945068476,9.478556632995605,8.999999999999999e-08,0.0,0.0,0.0,8.999999999999999e-08,0.0,0.0,0.0,8.999999999999999e-08
1759811046182129024,167196,1759811046178813632,base_link,-0.020902740055689976,-0.13104886087543893,0.03132758391075354,-0.9906603255494119,1.0,0.0,0.0,0.0,1.0,0.0,0.0,0.0,1.0,-0.0003537549637258053,-0.0005719313630834228,-0.005105582065880299,1.2184696791468346e-07,0.0,0.0,0.0,1.2184696791468346e-07,0.0,0.0,0.0,1.2184696791468346e-07,-2.5448617935180664,0.34887599945068476,9.478556632995605,8.999999999999999e-08,0.0,0.0,0.0,8.999999999999999e-08,0.0,0.0,0.0,8.999999999999999e-08
1759811046189861280,167197,1759811046184813632,base_link,-0.020904752567706374,-0.1310487344348934,0.03129508869055168,-0.9906613792206247,1.0,0.0,0.0,0.0,1.0,0.0,0.0,0.0,1.0,-0.0024648942053318024,-5.113752558827313e-05,0.0071105677634477615,1.2184696791468346e-07,0.0,0.0,0.0,1.2184696791468346e-07,0.0,0.0,0.0,1.2184696791468346e-07,-2.490548849105835,0.4049689173698437,9.421954154968262,8.999999999999999e-08,0.0,0.0,0.0,8.999999999999999e-08,0.0,0.0,0.0,8.999999999999999e-08
1759811046197164384,167198,1759811046189813632,base_link,-0.02089710291470164,-0.1310445197500423,0.031297196032977224,-0.9906619692765039,1.0,0.0,0.0,0.0,1.0,0.0,0.0,0.0,1.0,-5.630357190966606e-05,-0.001233008340932429,-0.0012515226844698189,1.2184696791468346e-07,0.0,0.0,0.0,1.2184696791468346e-07,0.0,0.0,0.0,1.2184696791468346e-07,-2.64250111579895,0.23964488506317255,9.439837455749512,8.999999999999999e-08,0.0,0.0,0.0,8.999999999999999e-08,0.0,0.0,0.0,8.999999999999999e-08
1759811046202816096,167199,1759811046199813632,base_link,-0.020890396297432345,-0.13104974069090158,0.03132408572232717,-0.9906606205773515,1.0,0.0,0.0,0.0,1.0,0.0,0.0,0.0,1.0,-0.00022944260854274035,7.113057654350936e-05,-0.004857794847339392,1.2184696791468346e-07,0.0,0.0,0.0,1.2184696791468346e-07,0.0,0.0,0.0,1.2184696791468346e-07,-2.6035990715026855,0.3221442103385937,9.448019981384277,8.999999999999999e-08,0.0,0.0,0.0,8.999999999999999e-08,0.0,0.0,0.0,8.999999999999999e-08
1759811046209755680,167200,1759811046205813632,base_link,-0.020893725898464707,-0.1310410479033962,0.031308112066741535,-0.9906621800107464,1.0,0.0,0.0,0.0,1.0,0.0,0.0,0.0,1.0,-0.0008687785593792796,-0.0018699768697842953,0.0018897972768172624,1.2184696791468346e-07,0.0,0.0,0.0,1.2184696791468346e-07,0.0,0.0,0.0,1.2184696791468346e-07,-2.5468785762786865,0.3753162622451794,9.420570373535156,8.999999999999999e-08,0.0,0.0,0.0,8.999999999999999e-08,0.0,0.0,0.0,8.999999999999999e-08
1759811046216764096,167201,1759811046210813632,base_link,-0.020893820728873858,-0.13103257638684554,0.03129361355085378,-0.9906637815909898,1.0,0.0,0.0,0.0,1.0,0.0,0.0,0.0,1.0,0.0005043040728196502,-0.004159253556281327,0.005212454590946437,1.2184696791468346e-07,0.0,0.0,0.0,1.2184696791468346e-07,0.0,0.0,0.0,1.2184696791468346e-07,-2.593022346496582,0.25384426116943476,9.45503044128418,8.999999999999999e-08,0.0,0.0,0.0,8.999999999999999e-08,0.0,0.0,0.0,8.999999999999999e-08
1759811046220899424,167202,1759811046215813632,base_link,-0.020898499029058566,-0.1310311223205719,0.031299429815948306,-0.9906636972972928,1.0,0.0,0.0,0.0,1.0,0.0,0.0,0.0,1.0,0.0006416209507733583,-0.0011109955376014113,-0.0007977574132382869,1.2184696791468346e-07,0.0,0.0,0.0,1.2184696791468346e-07,0.0,0.0,0.0,1.2184696791468346e-07,-2.61043643951416,0.23402136564254877,9.436627388000488,8.999999999999999e-08,0.0,0.0,0.0,8.999999999999999e-08,0.0,0.0,0.0,8.999999999999999e-08
1759811046226929568,167203,1759811046220813632,base_link,-0.020887719972551913,-0.13103726522374237,0.03131540347153389,-0.9906625593323829,1.0,0.0,0.0,0.0,1.0,0.0,0.0,0.0,1.0,-0.0022310996428132057,0.0018514258554205292,-0.004883043933659792,1.2184696791468346e-07,0.0,0.0,0.0,1.2184696791468346e-07,0.0,0.0,0.0,1.2184696791468346e-07,-2.555248975753784,0.3671857118606579,9.45858097076416,8.999999999999999e-08,0.0,0.0,0.0,8.999999999999999e-08,0.0,0.0,0.0,8.999999999999999e-08
1759811046233929024,167204,1759811046226813632,base_link,-0.020888504957605417,-0.13104084243750974,0.03131080946504624,-0.9906622643044434,1.0,0.0,0.0,0.0,1.0,0.0,0.0,0.0,1.0,0.0007374660344794393,0.0011323096696287396,0.0014392192242667077,1.2184696791468346e-07,0.0,0.0,0.0,1.2184696791468346e-07,0.0,0.0,0.0,1.2184696791468346e-07,-2.511733293533325,0.43477958440780756,9.458232879638672,8.999999999999999e-08,0.0,0.0,0.0,8.999999999999999e-08,0.0,0.0,0.0,8.999999999999999e-08
1759811046241908672,167205,1759811046231813632,base_link,-0.02089711345141377,-0.13103931461425122,0.031300652074555076,-0.9906625593323829,1.0,0.0,0.0,0.0,1.0,0.0,0.0,0.0,1.0,0.0007590091554448009,-0.0005587962223216888,0.0028173387981951237,1.2184696791468346e-07,0.0,0.0,0.0,1.2184696791468346e-07,0.0,0.0,0.0,1.2184696791468346e-07,-2.6097891330718994,0.2879088521003735,9.424162864685059,8.999999999999999e-08,0.0,0.0,0.0,8.999999999999999e-08,0.0,0.0,0.0,8.999999999999999e-08
1759811046246971520,167206,1759811046242813632,base_link,-0.02088235678607889,-0.1310346521191347,0.03132387498808461,-0.9906627700666255,1.0,0.0,0.0,0.0,1.0,0.0,0.0,0.0,1.0,-0.0013889052206650376,-0.0012045599287375814,-0.005402234848588705,1.2184696791468346e-07,0.0,0.0,0.0,1.2184696791468346e-07,0.0,0.0,0.0,1.2184696791468346e-07,-2.5894875526428223,0.30116593837738154,9.504546165466309,8.999999999999999e-08,0.0,0.0,0.0,8.999999999999999e-08,0.0,0.0,0.0,8.999999999999999e-08
1759811046252914752,167207,1759811046247813632,base_link,-0.020886745326680098,-0.13103605877020374,0.031328047526087206,-0.9906623907449889,1.0,0.0,0.0,0.0,1.0,0.0,0.0,0.0,1.0,0.0010666045127436519,-0.0005524402949959043,-0.0027901139110326767,1.2184696791468346e-07,0.0,0.0,0.0,1.2184696791468346e-07,0.0,0.0,0.0,1.2184696791468346e-07,-2.5082242488861084,0.4031114578247082,9.47304916381836,8.999999999999999e-08,0.0,0.0,0.0,8.999999999999999e-08,0.0,0.0,0.0,8.999999999999999e-08
1759811046260390816,167208,1759811046252813632,base_link,-0.02089520103816259,-0.13103142788522362,0.03131047229025815,-0.9906633601225047,1.0,0.0,0.0,0.0,1.0,0.0,0.0,0.0,1.0,0.0027858540415763855,-0.001609770930372178,0.004720401484519243,1.2184696791468346e-07,0.0,0.0,0.0,1.2184696791468346e-07,0.0,0.0,0.0,1.2184696791468346e-07,-2.5313303470611572,0.3647530078887951,9.48927116394043,8.999999999999999e-08,0.0,0.0,0.0,8.999999999999999e-08,0.0,0.0,0.0,8.999999999999999e-08
1759811046261831936,167209,1759811046258813632,base_link,-0.02090374631169817,-0.1310395938371226,0.03130136857097976,-0.9906623485981404,1.0,0.0,0.0,0.0,1.0,0.0,0.0,0.0,1.0,0.0031042168848216534,0.0005420875386334962,0.005419571418315172,1.2184696791468346e-07,0.0,0.0,0.0,1.2184696791468346e-07,0.0,0.0,0.0,1.2184696791468346e-07,-2.5313303470611572,0.3647530078887951,9.48927116394043,8.999999999999999e-08,0.0,0.0,0.0,8.999999999999999e-08,0.0,0.0,0.0,8.999999999999999e-08
1759811046273766720,167210,1759811046268812352,base_link,-0.020891291917963205,-0.13104264948363964,0.03133112424602846,-0.9906612527800791,1.0,0.0,0.0,0.0,1.0,0.0,0.0,0.0,1.0,-0.001969193108379841,6.344344001263312e-05,-0.0055657983757555485,1.2184696791468346e-07,0.0,0.0,0.0,1.2184696791468346e-07,0.0,0.0,0.0,1.2184696791468346e-07,-2.526942253112793,0.3775660991668713,9.44606876373291,8.999999999999999e-08,0.0,0.0,0.0,8.999999999999999e-08,0.0,0.0,0.0,8.999999999999999e-08
1759811046281810560,167211,1759811046273812352,base_link,-0.020885033110959333,-0.1310477281788852,0.03130861782892367,-0.9906615056611702,1.0,0.0,0.0,0.0,1.0,0.0,0.0,0.0,1.0,-0.002781190909445286,0.00045367563143372574,0.003077492117881775,1.2184696791468346e-07,0.0,0.0,0.0,1.2184696791468346e-07,0.0,0.0,0.0,1.2184696791468346e-07,-2.5225014686584473,0.416633188724519,9.478821754455566,8.999999999999999e-08,0.0,0.0,0.0,8.999999999999999e-08,0.0,0.0,0.0,8.999999999999999e-08
1759811046286658944,167212,1759811046279812352,base_link,-0.020877415068090995,-0.13104242821268497,0.031284046216241826,-0.990663149388262,1.0,0.0,0.0,0.0,1.0,0.0,0.0,0.0,1.0,-0.0030004035215824842,-0.002234998624771833,0.004506828263401985,1.2184696791468346e-07,0.0,0.0,0.0,1.2184696791468346e-07,0.0,0.0,0.0,1.2184696791468346e-07,-2.5898427963256836,0.2473032325506222,9.457256317138672,8.999999999999999e-08,0.0,0.0,0.0,8.999999999999999e-08,0.0,0.0,0.0,8.999999999999999e-08
1759811046292747904,167213,1759811046284812352,base_link,-0.020873405849126392,-0.13103656453238588,0.03129504654370315,-0.9906636130035957,1.0,0.0,0.0,0.0,1.0,0.0,0.0,0.0,1.0,0.0001981192035600543,-0.002490737941116095,-0.0052336156368255615,1.2184696791468346e-07,0.0,0.0,0.0,1.2184696791468346e-07,0.0,0.0,0.0,1.2184696791468346e-07,-2.6262314319610596,0.24150687456131098,9.408547401428223,8.999999999999999e-08,0.0,0.0,0.0,8.999999999999999e-08,0.0,0.0,0.0,8.999999999999999e-08
1759811046297959488,167214,1759811046293812352,base_link,-0.02087510752813503,-0.1310284249222672,0.03131848019147519,-0.9906639501783838,1.0,0.0,0.0,0.0,1.0,0.0,0.0,0.0,1.0,0.001121858018450439,-0.0051678549498319635,-0.007153690792620181,1.2184696791468346e-07,0.0,0.0,0.0,1.2184696791468346e-07,0.0,0.0,0.0,1.2184696791468346e-07,-2.553156614303589,0.32853579521179316,9.41623592376709,8.999999999999999e-08,0.0,0.0,0.0,8.999999999999999e-08,0.0,0.0,0.0,8.999999999999999e-08
1759811046302739232,167215,1759811046295812352,base_link,-0.020875655437165668,-0.13102219772539972,0.031333273735302515,-0.9906642452063233,1.0,0.0,0.0,0.0,1.0,0.0,0.0,0.0,1.0,0.002352382056415081,-0.0013481209753081205,-0.0016250311164185403,1.2184696791468346e-07,0.0,0.0,0.0,1.2184696791468346e-07,0.0,0.0,0.0,1.2184696791468346e-07,-2.5306365489959717,0.3999220728874218,9.46483039855957,8.999999999999999e-08,0.0,0.0,0.0,8.999999999999999e-08,0.0,0.0,0.0,8.999999999999999e-08
1759811046309037760,167216,1759811046305812352,base_link,-0.020868743354009872,-0.1310267495850389,0.031326277358449735,-0.9906639923252323,1.0,0.0,0.0,0.0,1.0,0.0,0.0,0.0,1.0,-0.0021947051864117384,0.0006936748395673932,0.0007477187318727373,1.2184696791468346e-07,0.0,0.0,0.0,1.2184696791468346e-07,0.0,0.0,0.0,1.2184696791468346e-07,-2.6177597045898438,0.25576883554458735,9.43039608001709,8.999999999999999e-08,0.0,0.0,0.0,8.999999999999999e-08,0.0,0.0,0.0,8.999999999999999e-08
1759811046319727360,167217,1759811046310812352,base_link,-0.020875771340999074,-0.13102449472864358,0.03134389474112725,-0.9906636551504442,1.0,0.0,0.0,0.0,1.0,0.0,0.0,0.0,1.0,0.0006289253942668438,-0.002366932108998299,-0.004536777269095182,1.2184696791468346e-07,0.0,0.0,0.0,1.2184696791468346e-07,0.0,0.0,0.0,1.2184696791468346e-07,-2.578976631164551,0.29870975017547724,9.475811004638672,8.999999999999999e-08,0.0,0.0,0.0,8.999999999999999e-08,0.0,0.0,0.0,8.999999999999999e-08
1759811046321947104,167218,1759811046316812352,base_link,-0.020866778257198064,-0.13101603901716108,0.031350258915252414,-0.990664708821657,1.0,0.0,0.0,0.0,1.0,0.0,0.0,0.0,1.0,-0.0006916248239576817,-0.003128624521195889,-0.004192395601421595,1.2184696791468346e-07,0.0,0.0,0.0,1.2184696791468346e-07,0.0,0.0,0.0,1.2184696791468346e-07,-2.5213470458984375,0.4237102866172802,9.486037254333496,8.999999999999999e-08,0.0,0.0,0.0,8.999999999999999e-08,0.0,0.0,0.0,8.999999999999999e-08
1759811046326823680,167219,1759811046321812352,base_link,-0.02085593598041863,-0.13101805152917748,0.03134444265015794,-0.9906648774090511,1.0,0.0,0.0,0.0,1.0,0.0,0.0,0.0,1.0,-0.002988048829138279,-0.0009855745593085883,0.0010528542334213855,1.2184696791468346e-07,0.0,0.0,0.0,1.2184696791468346e-07,0.0,0.0,0.0,1.2184696791468346e-07,-2.547950267791748,0.40855216979980585,9.466825485229492,8.999999999999999e-08,0.0,0.0,0.0,8.999999999999999e-08,0.0,0.0,0.0,8.999999999999999e-08
1759811046336979040,167220,1759811046332812352,base_link,-0.02084176410260684,-0.13102264553566514,0.0313547686280431,-0.9906642452063233,1.0,0.0,0.0,0.0,1.0,0.0,0.0,0.0,1.0,-0.0023347092792391777,0.0006529388483613724,-0.004538173787295818,1.2184696791468346e-07,0.0,0.0,0.0,1.2184696791468346e-07,0.0,0.0,0.0,1.2184696791468346e-07,-2.5906646251678467,0.25071936845779536,9.477090835571289,8.999999999999999e-08,0.0,0.0,0.0,8.999999999999999e-08,0.0,0.0,0.0,8.999999999999999e-08
1759811046342850976,167221,1759811046337812352,base_link,-0.020845799663351764,-0.13101925271436002,0.031370657989931716,-0.9906641187657779,1.0,0.0,0.0,0.0,1.0,0.0,0.0,0.0,1.0,0.0011575607350096107,0.0011920412071049207,-0.00553144933655858,1.2184696791468346e-07,0.0,0.0,0.0,1.2184696791468346e-07,0.0,0.0,0.0,1.2184696791468346e-07,-2.5340850353240967,0.3373722434043896,9.48448371887207,8.999999999999999e-08,0.0,0.0,0.0,8.999999999999999e-08,0.0,0.0,0.0,8.999999999999999e-08
1759811046350771168,167222,1759811046342812352,base_link,-0.02084885004151274,-0.13103501036734705,0.031371248045810825,-0.9906619271296553,1.0,0.0,0.0,0.0,1.0,0.0,0.0,0.0,1.0,0.0007798882434144616,0.0019233571365475655,0.0004959072684869168,1.2184696791468346e-07,0.0,0.0,0.0,1.2184696791468346e-07,0.0,0.0,0.0,1.2184696791468346e-07,-2.509397268295288,0.40608316659927485,9.462512969970703,8.999999999999999e-08,0.0,0.0,0.0,8.999999999999999e-08,0.0,0.0,0.0,8.999999999999999e-08
1759811046359763200,167223,1759811046353812352,base_link,-0.020849519122732845,-0.13102275090278642,0.031356117327195454,-0.9906639923252323,1.0,0.0,0.0,0.0,1.0,0.0,0.0,0.0,1.0,-0.00013975752517580986,-0.00215314095839858,0.004085908643901348,1.2184696791468346e-07,0.0,0.0,0.0,1.2184696791468346e-07,0.0,0.0,0.0,1.2184696791468346e-07,-2.651928663253784,0.2262603640556347,9.430217742919922,8.999999999999999e-08,0.0,0.0,0.0,8.999999999999999e-08,0.0,0.0,0.0,8.999999999999999e-08
1759811046363927808,167224,1759811046358811584,base_link,-0.02085821717859428,-0.13102446311850718,0.03137200668908402,-0.9906631072414136,1.0,0.0,0.0,0.0,1.0,0.0,0.0,0.0,1.0,0.0033362628892064095,-0.001294395537115634,-0.0027274377644062042,1.2184696791468346e-07,0.0,0.0,0.0,1.2184696791468346e-07,0.0,0.0,0.0,1.2184696791468346e-07,-2.5370776653289795,0.3151586055755627,9.44261360168457,8.999999999999999e-08,0.0,0.0,0.0,8.999999999999999e-08,0.0,0.0,0.0,8.999999999999999e-08
1759811046372867392,167225,1759811046369811584,base_link,-0.020876756523583014,-0.13101872587875366,0.03135215552343542,-0.9906640766189293,1.0,0.0,0.0,0.0,1.0,0.0,0.0,0.0,1.0,0.003799096681177616,-0.0013471458805724974,0.0038384273648262024,1.2184696791468346e-07,0.0,0.0,0.0,1.2184696791468346e-07,0.0,0.0,0.0,1.2184696791468346e-07,-2.5176901817321777,0.3924992680549633,9.502827644348145,8.999999999999999e-08,0.0,0.0,0.0,8.999999999999999e-08,0.0,0.0,0.0,8.999999999999999e-08
1759811046380094816,167226,1759811046374811584,base_link,-0.020879332749698234,-0.13101490632060733,0.03134958456567624,-0.99066462452796,1.0,0.0,0.0,0.0,1.0,0.0,0.0,0.0,1.0,0.0028660213574767113,-0.0016272041248157616,0.0036813090555369854,1.2184696791468346e-07,0.0,0.0,0.0,1.2184696791468346e-07,0.0,0.0,0.0,1.2184696791468346e-07,-2.602569818496704,0.20911809802055475,9.467297554016113,8.999999999999999e-08,0.0,0.0,0.0,8.999999999999999e-08,0.0,0.0,0.0,8.999999999999999e-08
1759811046386888992,167227,1759811046379811584,base_link,-0.02088392148782986,-0.1310210228819975,0.031368466353809146,-0.9906631072414136,1.0,0.0,0.0,0.0,1.0,0.0,0.0,0.0,1.0,0.0021988190710544586,-0.0008574490202590829,-0.004445076920092106,1.2184696791468346e-07,0.0,0.0,0.0,1.2184696791468346e-07,0.0,0.0,0.0,1.2184696791468346e-07,-2.6227221488952637,0.27063965797424433,9.419307708740234,8.999999999999999e-08,0.0,0.0,0.0,8.999999999999999e-08,0.0,0.0,0.0,8.999999999999999e-08
1759811046392939680,167228,1759811046385811584,base_link,-0.02088771470419584,-0.1310217499151343,0.031371795954841464,-0.990662812213474,1.0,0.0,0.0,0.0,1.0,0.0,0.0,0.0,1.0,-0.0005868393345735967,0.0011907608713954685,-0.0010378512088209393,1.2184696791468346e-07,0.0,0.0,0.0,1.2184696791468346e-07,0.0,0.0,0.0,1.2184696791468346e-07,-2.515930414199829,0.38942492008209345,9.50886058807373,8.999999999999999e-08,0.0,0.0,0.0,8.999999999999999e-08,0.0,0.0,0.0,8.999999999999999e-08
1759811046399937120,167229,1759811046390811584,base_link,-0.02087911674709962,-0.1310263123114856,0.0313618071517444,-0.9906627700666255,1.0,0.0,0.0,0.0,1.0,0.0,0.0,0.0,1.0,-0.0012736457865685225,0.0023515676148235802,0.0019136752234771846,1.2184696791468346e-07,0.0,0.0,0.0,1.2184696791468346e-07,0.0,0.0,0.0,1.2184696791468346e-07,-2.5072853565216064,0.3929111361503613,9.479137420654297,8.999999999999999e-08,0.0,0.0,0.0,8.999999999999999e-08,0.0,0.0,0.0,8.999999999999999e-08
1759811046402859968,167230,1759811046395811584,base_link,-0.020877309700969716,-0.13103398830627064,0.0313532091946482,-0.9906620114233523,1.0,0.0,0.0,0.0,1.0,0.0,0.0,0.0,1.0,-0.0013191055040806532,0.0024289130233228207,0.0012899859575554726,1.2184696791468346e-07,0.0,0.0,0.0,1.2184696791468346e-07,0.0,0.0,0.0,1.2184696791468346e-07,-2.59078311920166,0.25258189439773676,9.455862998962402,8.999999999999999e-08,0.0,0.0,0.0,8.999999999999999e-08,0.0,0.0,0.0,8.999999999999999e-08
1759811046409728544,167231,1759811046406811584,base_link,-0.02087843712916739,-0.13104421945374667,0.0313696043187189,-0.9906601148151694,1.0,0.0,0.0,0.0,1.0,0.0,0.0,0.0,1.0,0.0005730825942009687,0.0014104003785178063,-0.0023717028088867664,1.2184696791468346e-07,0.0,0.0,0.0,1.2184696791468346e-07,0.0,0.0,0.0,1.2184696791468346e-07,-2.5654375553131104,0.34324115514755366,9.442967414855957,8.999999999999999e-08,0.0,0.0,0.0,8.999999999999999e-08,0.0,0.0,0.0,8.999999999999999e-08
1759811046416940224,167232,1759811046411811584,base_link,-0.02087801039232621,-0.13105347595535088,0.03136838206011208,-0.9906589768502595,1.0,0.0,0.0,0.0,1.0,0.0,0.0,0.0,1.0,0.0007404038915410638,0.0024419156834483147,0.0004972749156877395,1.2184696791468346e-07,0.0,0.0,0.0,1.2184696791468346e-07,0.0,0.0,0.0,1.2184696791468346e-07,-2.5012154579162598,0.39384222030639765,9.469202041625977,8.999999999999999e-08,0.0,0.0,0.0,8.999999999999999e-08,0.0,0.0,0.0,8.999999999999999e-08
1759811046423078112,167233,1759811046416811584,base_link,-0.020888931694446593,-0.1310600455953625,0.03135759246689331,-0.9906582182069863,1.0,0.0,0.0,0.0,1.0,0.0,0.0,0.0,1.0,0.0019055361626669765,0.0011988695478066809,0.004942466039210558,1.2184696791468346e-07,0.0,0.0,0.0,1.2184696791468346e-07,0.0,0.0,0.0,1.2184696791468346e-07,-2.5593762397766113,0.31786915659904597,9.433866500854492,8.999999999999999e-08,0.0,0.0,0.0,8.999999999999999e-08,0.0,0.0,0.0,8.999999999999999e-08
1759811046429175968,167234,1759811046422811584,base_link,-0.020881945854305913,-0.1310566633107695,0.03135282987301161,-0.990658934703411,1.0,0.0,0.0,0.0,1.0,0.0,0.0,0.0,1.0,0.0014696881407871842,-0.0016133522149175406,-0.0006168591789901254,1.2184696791468346e-07,0.0,0.0,0.0,1.2184696791468346e-07,0.0,0.0,0.0,1.2184696791468346e-07,-2.595794200897217,0.2263944894075405,9.400290489196777,8.999999999999999e-08,0.0,0.0,0.0,8.999999999999999e-08,0.0,0.0,0.0,8.999999999999999e-08
1759811046439667808,167235,1759811046427811584,base_link,-0.02089613880554196,-0.13105406074287396,0.03137124804581084,-0.9906583867943803,1.0,0.0,0.0,0.0,1.0,0.0,0.0,0.0,1.0,0.0021996661089360714,0.0002500792033970352,-0.0029779961332678795,1.2184696791468346e-07,0.0,0.0,0.0,1.2184696791468346e-07,0.0,0.0,0.0,1.2184696791468346e-07,-2.603273630142212,0.2880233228206646,9.419574737548828,8.999999999999999e-08,0.0,0.0,0.0,8.999999999999999e-08,0.0,0.0,0.0,8.999999999999999e-08
1759811046442844864,167236,1759811046438811584,base_link,-0.020895532944594612,-0.13104862906777212,0.03136155427065335,-0.9906594826124416,1.0,0.0,0.0,0.0,1.0,0.0,0.0,0.0,1.0,6.460875738412142e-05,-0.0023372648283839226,0.0013296542456373575,1.2184696791468346e-07,0.0,0.0,0.0,1.2184696791468346e-07,0.0,0.0,0.0,1.2184696791468346e-07,-2.552370071411133,0.4082611203193676,9.437155723571777,8.999999999999999e-08,0.0,0.0,0.0,8.999999999999999e-08,0.0,0.0,0.0,8.999999999999999e-08
1759811046446785440,167237,1759811046443811584,base_link,-0.02090817699914789,-0.13104684836342254,0.03135084897113159,-0.9906597354935327,1.0,0.0,0.0,0.0,1.0,0.0,0.0,0.0,1.0,0.0017121561104431748,-0.002468974562361836,0.005148269236087799,1.2184696791468346e-07,0.0,0.0,0.0,1.2184696791468346e-07,0.0,0.0,0.0,1.2184696791468346e-07,-2.5440075397491455,0.40347802639007685,9.447038650512695,8.999999999999999e-08,0.0,0.0,0.0,8.999999999999999e-08,0.0,0.0,0.0,8.999999999999999e-08
1759811046453850112,167238,1759811046448811584,base_link,-0.02090632780616946,-0.13105776966554292,0.031357044557862666,-0.9906581760601378,1.0,0.0,0.0,0.0,1.0,0.0,0.0,0.0,1.0,0.000621312647126615,0.0012000307906419039,-0.00042695563752204196,1.2184696791468346e-07,0.0,0.0,0.0,1.2184696791468346e-07,0.0,0.0,0.0,1.2184696791468346e-07,-2.586480140686035,0.25846844911575434,9.467429161071777,8.999999999999999e-08,0.0,0.0,0.0,8.999999999999999e-08,0.0,0.0,0.0,8.999999999999999e-08
1759811046459014016,167239,1759811046453811584,base_link,-0.020903493430607108,-0.131044082476489,0.03136686477356574,-0.9906597354935327,1.0,0.0,0.0,0.0,1.0,0.0,0.0,0.0,1.0,-0.0006222939118742943,-0.0027444080915302043,-0.002249431330710649,1.2184696791468346e-07,0.0,0.0,0.0,1.2184696791468346e-07,0.0,0.0,0.0,1.2184696791468346e-07,-2.5626726150512695,0.39739999175071833,9.462928771972656,8.999999999999999e-08,0.0,0.0,0.0,8.999999999999999e-08,0.0,0.0,0.0,8.999999999999999e-08
1759811046468157504,167240,1759811046459809792,base_link,-0.02090487373989584,-0.13104125863763877,0.03135485292174008,-0.9906604519899574,1.0,0.0,0.0,0.0,1.0,0.0,0.0,0.0,1.0,-0.00025958323385566473,-0.004191146232187747,0.003949707373976708,1.2184696791468346e-07,0.0,0.0,0.0,1.2184696791468346e-07,0.0,0.0,0.0,1.2184696791468346e-07,-2.51332688331604,0.40570145845413325,9.478487014770508,8.999999999999999e-08,0.0,0.0,0.0,8.999999999999999e-08,0.0,0.0,0.0,8.999999999999999e-08
1759811046470606752,167241,1759811046464809792,base_link,-0.020910705810058543,-0.13103200213603458,0.031341534517610695,-0.9906619692765037,1.0,0.0,0.0,0.0,1.0,0.0,0.0,0.0,1.0,0.001896939123980701,-0.0030585064087063065,0.005532811861485243,1.2184696791468346e-07,0.0,0.0,0.0,1.2184696791468346e-07,0.0,0.0,0.0,1.2184696791468346e-07,-2.5996041297912598,0.31103086471557734,9.428010940551758,8.999999999999999e-08,0.0,0.0,0.0,8.999999999999999e-08,0.0,0.0,0.0,8.999999999999999e-08
1759811046478853696,167242,1759811046469809792,base_link,-0.020917043642403356,-0.13102621221272037,0.03134536988082514,-0.9906624328918374,1.0,0.0,0.0,0.0,1.0,0.0,0.0,0.0,1.0,0.000504908268339932,-0.0003577863099053506,-0.0030459961853921413,1.2184696791468346e-07,0.0,0.0,0.0,1.2184696791468346e-07,0.0,0.0,0.0,1.2184696791468346e-07,-2.635894536972046,0.25234720110893366,9.406038284301758,8.999999999999999e-08,0.0,0.0,0.0,8.999999999999999e-08,0.0,0.0,0.0,8.999999999999999e-08
1759811046480946752,167243,1759811046474809792,base_link,-0.020903846410463382,-0.13103230770068627,0.03136892996914278,-0.9906612106332306,1.0,0.0,0.0,0.0,1.0,0.0,0.0,0.0,1.0,-0.0017034694319590926,5.762930959463039e-05,-0.006566804368048906,1.2184696791468346e-07,0.0,0.0,0.0,1.2184696791468346e-07,0.0,0.0,0.0,1.2184696791468346e-07,-2.5607187747955322,0.3133566379547131,9.416282653808594,8.999999999999999e-08,0.0,0.0,0.0,8.999999999999999e-08,0.0,0.0,0.0,8.999999999999999e-08
1759811046488795712,167244,1759811046485809792,base_link,-0.02091197548386993,-0.13103650658046917,0.03135628591458946,-0.9906608734584424,1.0,0.0,0.0,0.0,1.0,0.0,0.0,0.0,1.0,0.000802369904704392,0.0008882981492206456,0.0021658549085259438,1.2184696791468346e-07,0.0,0.0,0.0,1.2184696791468346e-07,0.0,0.0,0.0,1.2184696791468346e-07,-2.5501925945281982,0.37152466177940485,9.473006248474121,8.999999999999999e-08,0.0,0.0,0.0,8.999999999999999e-08,0.0,0.0,0.0,8.999999999999999e-08
1759811046500056704,167245,1759811046496809792,base_link,-0.02091224417002919,-0.13102997908730604,0.0313637037599274,-0.9906615478080186,1.0,0.0,0.0,0.0,1.0,0.0,0.0,0.0,1.0,0.0007051249267533422,-0.0011511084157973528,-0.0007977221393957733,1.2184696791468346e-07,0.0,0.0,0.0,1.2184696791468346e-07,0.0,0.0,0.0,1.2184696791468346e-07,-2.5804333686828613,0.2679204642772686,9.421229362487793,8.999999999999999e-08,0.0,0.0,0.0,8.999999999999999e-08,0.0,0.0,0.0,8.999999999999999e-08
1759811046510042432,167246,1759811046501809792,base_link,-0.020907471039435323,-0.131038471677281,0.03137310250714532,-0.9906601569620178,1.0,0.0,0.0,0.0,1.0,0.0,0.0,0.0,1.0,-0.0007759184809401631,0.002662160899490118,-0.0009130883263424042,1.2184696791468346e-07,0.0,0.0,0.0,1.2184696791468346e-07,0.0,0.0,0.0,1.2184696791468346e-07,-2.549471139907837,0.3809196650981915,9.48914909362793,8.999999999999999e-08,0.0,0.0,0.0,8.999999999999999e-08,0.0,0.0,0.0,8.999999999999999e-08
1759811046515888480,167247,1759811046511809792,base_link,-0.020914678150530684,-0.13103237092095904,0.031348488747614964,-0.9906615899548672,1.0,0.0,0.0,0.0,1.0,0.0,0.0,0.0,1.0,0.0009909329237416387,-0.0019457172602415078,0.004542534705251455,1.2184696791468346e-07,0.0,0.0,0.0,1.2184696791468346e-07,0.0,0.0,0.0,1.2184696791468346e-07,-2.586656093597412,0.2859677672386181,9.440677642822266,8.999999999999999e-08,0.0,0.0,0.0,8.999999999999999e-08,0.0,0.0,0.0,8.999999999999999e-08
1759811046520844480,167248,1759811046517809792,base_link,-0.02092617370346203,-0.1310249003920605,0.03134612852409834,-0.9906624328918374,1.0,0.0,0.0,0.0,1.0,0.0,0.0,0.0,1.0,0.0025996961630880833,-0.003398276166990399,0.004098749253898859,1.2184696791468346e-07,0.0,0.0,0.0,1.2184696791468346e-07,0.0,0.0,0.0,1.2184696791468346e-07,-2.615061044692993,0.2505402565002453,9.447080612182617,8.999999999999999e-08,0.0,0.0,0.0,8.999999999999999e-08,0.0,0.0,0.0,8.999999999999999e-08
1759811046527024608,167249,1759811046522809792,base_link,-0.02092280722393722,-0.13102034326406525,0.031363914494169955,-0.9906626014792315,1.0,0.0,0.0,0.0,1.0,0.0,0.0,0.0,1.0,0.0008690283866599202,-0.0023470073938369755,-0.003952451050281525,1.2184696791468346e-07,0.0,0.0,0.0,1.2184696791468346e-07,0.0,0.0,0.0,1.2184696791468346e-07,-2.54150390625,0.3447274267673504,9.454627990722656,8.999999999999999e-08,0.0,0.0,0.0,8.999999999999999e-08,0.0,0.0,0.0,8.999999999999999e-08
1759811046533422144,167250,1759811046527809792,base_link,-0.02090495803359287,-0.1310251163946591,0.03135666523622605,-0.9906625171855344,1.0,0.0,0.0,0.0,1.0,0.0,0.0,0.0,1.0,-0.004956061951816082,-0.0006699863588437438,-0.0001381710171699523,1.2184696791468346e-07,0.0,0.0,0.0,1.2184696791468346e-07,0.0,0.0,0.0,1.2184696791468346e-07,-2.498385190963745,0.4566444158554089,9.467012405395508,8.999999999999999e-08,0.0,0.0,0.0,8.999999999999999e-08,0.0,0.0,0.0,8.999999999999999e-08
1759811046539609216,167251,1759811046533809792,base_link,-0.020899141768498355,-0.13101396855322797,0.031343304685248145,-0.9906645823811114,1.0,0.0,0.0,0.0,1.0,0.0,0.0,0.0,1.0,-0.0029264348559081554,-0.004139529541134833,0.0035859211347997193,1.2184696791468346e-07,0.0,0.0,0.0,1.2184696791468346e-07,0.0,0.0,0.0,1.2184696791468346e-07,-2.5651919841766357,0.33960962295532343,9.466362953186035,8.999999999999999e-08,0.0,0.0,0.0,8.999999999999999e-08,0.0,0.0,0.0,8.999999999999999e-08
1759811046548548320,167252,1759811046538809792,base_link,-0.02090033241696879,-0.13100664553829922,0.03133504390293997,-0.9906657624928698,1.0,0.0,0.0,0.0,1.0,0.0,0.0,0.0,1.0,-0.00020398502238094807,-0.0014526010490953922,0.0007985170232132079,1.2184696791468346e-07,0.0,0.0,0.0,1.2184696791468346e-07,0.0,0.0,0.0,1.2184696791468346e-07,-2.619431495666504,0.2476689368486416,9.43614673614502,8.999999999999999e-08,0.0,0.0,0.0,8.999999999999999e-08,0.0,0.0,0.0,8.999999999999999e-08
1759811046555818080,167253,1759811046548809792,base_link,-0.02089644963854972,-0.13101341537584127,0.03135051179634348,-0.990664455940566,1.0,0.0,0.0,0.0,1.0,0.0,0.0,0.0,1.0,0.0002416069619357586,0.0015596639132127164,-0.0014001302188262346,1.2184696791468346e-07,0.0,0.0,0.0,1.2184696791468346e-07,0.0,0.0,0.0,1.2184696791468346e-07,-2.5142974853515625,0.42262390255928156,9.442936897277832,8.999999999999999e-08,0.0,0.0,0.0,8.999999999999999e-08,0.0,0.0,0.0,8.999999999999999e-08
1759811046559769120,167254,1759811046554809792,base_link,-0.020901301794484545,-0.13101393694309157,0.031338499944517886,-0.9906646666748085,1.0,0.0,0.0,0.0,1.0,0.0,0.0,0.0,1.0,0.0005438968073576689,0.000781334412749857,0.0030389949679374695,1.2184696791468346e-07,0.0,0.0,0.0,1.2184696791468346e-07,0.0,0.0,0.0,1.2184696791468346e-07,-2.507490873336792,0.4103387594223034,9.461645126342773,8.999999999999999e-08,0.0,0.0,0.0,8.999999999999999e-08,0.0,0.0,0.0,8.999999999999999e-08
1759811046566769792,167255,1759811046559808000,base_link,-0.02089195573082725,-0.13102172357335398,0.031327583910753576,-0.9906642030594749,1.0,0.0,0.0,0.0,1.0,0.0,0.0,0.0,1.0,-0.0021804349962621927,0.0018390102777630095,0.00280366837978363,1.2184696791468346e-07,0.0,0.0,0.0,1.2184696791468346e-07,0.0,0.0,0.0,1.2184696791468346e-07,-2.611957311630249,0.25537672638893244,9.404997825622559,8.999999999999999e-08,0.0,0.0,0.0,8.999999999999999e-08,0.0,0.0,0.0,8.999999999999999e-08
1759811046572673984,167256,1759811046564808000,base_link,-0.02088810983090064,-0.13102935215293446,0.031328890463057424,-0.9906632336819591,1.0,0.0,0.0,0.0,1.0,0.0,0.0,0.0,1.0,0.0003871240187436342,0.0015509927179664373,8.110364433377962e-05,1.2184696791468346e-07,0.0,0.0,0.0,1.2184696791468346e-07,0.0,0.0,0.0,1.2184696791468346e-07,-2.6141531467437744,0.2347224652767193,9.441423416137695,8.999999999999999e-08,0.0,0.0,0.0,8.999999999999999e-08,0.0,0.0,0.0,8.999999999999999e-08
1759811046576787552,167257,1759811046570808000,base_link,-0.020891139135637348,-0.13103053753304883,0.031332388651483786,-0.9906628543603225,1.0,0.0,0.0,0.0,1.0,0.0,0.0,0.0,1.0,-0.0001401081681251526,0.000621841987594962,-0.0010838632006198168,1.2184696791468346e-07,0.0,0.0,0.0,1.2184696791468346e-07,0.0,0.0,0.0,1.2184696791468346e-07,-2.5344042778015137,0.350442022085191,9.466226577758789,8.999999999999999e-08,0.0,0.0,0.0,8.999999999999999e-08,0.0,0.0,0.0,8.999999999999999e-08
1759811046583520480,167258,1759811046575808000,base_link,-0.020886929719142328,-0.13102956288717701,0.031330365602755254,-0.9906631072414136,1.0,0.0,0.0,0.0,1.0,0.0,0.0,0.0,1.0,-0.0005908122402615845,1.6775098629295914e-05,0.000730090425349772,1.2184696791468346e-07,0.0,0.0,0.0,1.2184696791468346e-07,0.0,0.0,0.0,1.2184696791468346e-07,-2.5075266361236572,0.3854209482669842,9.516083717346191,8.999999999999999e-08,0.0,0.0,0.0,8.999999999999999e-08,0.0,0.0,0.0,8.999999999999999e-08
1759811046592721344,167259,1759811046585808000,base_link,-0.02089921552548326,-0.13102924678581318,0.031324127869175676,-0.9906631072414136,1.0,0.0,0.0,0.0,1.0,0.0,0.0,0.0,1.0,0.0023387628607451916,-0.0006353064673021434,0.0015571758849546313,1.2184696791468346e-07,0.0,0.0,0.0,1.2184696791468346e-07,0.0,0.0,0.0,1.2184696791468346e-07,-2.61527943611145,0.19991223514080164,9.424485206604004,8.999999999999999e-08,0.0,0.0,0.0,8.999999999999999e-08,0.0,0.0,0.0,8.999999999999999e-08
1759811046596918528,167260,1759811046591808000,base_link,-0.020914794054364094,-0.131035089392688,0.03133909000039705,-0.9906615478080187,1.0,0.0,0.0,0.0,1.0,0.0,0.0,0.0,1.0,0.005814357195049524,0.0007619957323186096,-0.002750216983258724,1.2184696791468346e-07,0.0,0.0,0.0,1.2184696791468346e-07,0.0,0.0,0.0,1.2184696791468346e-07,-2.5653252601623535,0.32091605663299677,9.46578311920166,8.999999999999999e-08,0.0,0.0,0.0,8.999999999999999e-08,0.0,0.0,0.0,8.999999999999999e-08
1759811046603955008,167261,1759811046596808000,base_link,-0.020912049240854824,-0.13103182828028445,0.031339637909427696,-0.9906620114233523,1.0,0.0,0.0,0.0,1.0,0.0,0.0,0.0,1.0,0.001341247116215527,-0.0013279686681926248,0.0010474437149241569,1.2184696791468346e-07,0.0,0.0,0.0,1.2184696791468346e-07,0.0,0.0,0.0,1.2184696791468346e-07,-2.548251152038574,0.4314268827438366,9.499702453613281,8.999999999999999e-08,0.0,0.0,0.0,8.999999999999999e-08,0.0,0.0,0.0,8.999999999999999e-08
1759811046607185024,167262,1759811046601808000,base_link,-0.020918771663192302,-0.13102768735241827,0.031332683679423365,-0.9906626436260799,1.0,0.0,0.0,0.0,1.0,0.0,0.0,0.0,1.0,0.0004954638425260782,-0.0017480649985373016,0.002771143801510334,1.2184696791468346e-07,0.0,0.0,0.0,1.2184696791468346e-07,0.0,0.0,0.0,1.2184696791468346e-07,-2.547240972518921,0.3614900410175335,9.457653999328613,8.999999999999999e-08,0.0,0.0,0.0,8.999999999999999e-08,0.0,0.0,0.0,8.999999999999999e-08
1759811046618194656,167263,1759811046612808000,base_link,-0.020918961324010613,-0.1310284986792521,0.03134844660076645,-0.9906620535702008,1.0,0.0,0.0,0.0,1.0,0.0,0.0,0.0,1.0,0.0012754135532304645,0.00028824468608945554,-0.004286537878215313,1.2184696791468346e-07,0.0,0.0,0.0,1.2184696791468346e-07,0.0,0.0,0.0,1.2184696791468346e-07,-2.592660427093506,0.29871144890785334,9.48049259185791,8.999999999999999e-08,0.0,0.0,0.0,8.999999999999999e-08,0.0,0.0,0.0,8.999999999999999e-08
1759811046624402912,167264,1759811046617808000,base_link,-0.020917991946494855,-0.13102593825820508,0.031355358683922266,-0.9906622221575948,1.0,0.0,0.0,0.0,1.0,0.0,0.0,0.0,1.0,0.0020283833146095276,-0.0011932395864278082,-0.004159705247730017,1.2184696791468346e-07,0.0,0.0,0.0,1.2184696791468346e-07,0.0,0.0,0.0,1.2184696791468346e-07,-2.541593551635742,0.3660545945167553,9.451762199401855,8.999999999999999e-08,0.0,0.0,0.0,8.999999999999999e-08,0.0,0.0,0.0,8.999999999999999e-08
1759811046632176448,167265,1759811046622808000,base_link,-0.02092621585031055,-0.13101789347849555,0.03134869948185751,-0.9906633179756561,1.0,0.0,0.0,0.0,1.0,0.0,0.0,0.0,1.0,0.00192003243137151,-0.0020862566307187076,0.002151791006326676,1.2184696791468346e-07,0.0,0.0,0.0,1.2184696791468346e-07,0.0,0.0,0.0,1.2184696791468346e-07,-2.5192501544952393,0.40200126171112177,9.47465705871582,8.999999999999999e-08,0.0,0.0,0.0,8.999999999999999e-08,0.0,0.0,0.0,8.999999999999999e-08
1759811046636700896,167266,1759811046633808000,base_link,-0.020926315949075753,-0.13101844665588225,0.03134199813294431,-0.9906634444162017,1.0,0.0,0.0,0.0,1.0,0.0,0.0,0.0,1.0,-0.0002846344141289592,-0.0008023583795875309,0.002101921010762453,1.2184696791468346e-07,0.0,0.0,0.0,1.2184696791468346e-07,0.0,0.0,0.0,1.2184696791468346e-07,-2.592557430267334,0.21080674231052515,9.46081829071045,8.999999999999999e-08,0.0,0.0,0.0,8.999999999999999e-08,0.0,0.0,0.0,8.999999999999999e-08
1759811046643388320,167267,1759811046638808000,base_link,-0.020916901396789634,-0.13100869492880804,0.03136551607441337,-0.9906642030594749,1.0,0.0,0.0,0.0,1.0,0.0,0.0,0.0,1.0,-0.0011364927049726248,-0.0026975434739142665,-0.005344823934137821,1.2184696791468346e-07,0.0,0.0,0.0,1.2184696791468346e-07,0.0,0.0,0.0,1.2184696791468346e-07,-2.5605628490448,0.3098735213279736,9.474295616149902,8.999999999999999e-08,0.0,0.0,0.0,8.999999999999999e-08,0.0,0.0,0.0,8.999999999999999e-08
1759811046648882720,167268,1759811046644808000,base_link,-0.02091260241824152,-0.1310037742842444,0.0313610906553197,-0.9906650881432936,1.0,0.0,0.0,0.0,1.0,0.0,0.0,0.0,1.0,-0.0015078815631568432,-0.0033089539501816034,-0.0012341686524450775,1.2184696791468346e-07,0.0,0.0,0.0,1.2184696791468346e-07,0.0,0.0,0.0,1.2184696791468346e-07,-2.529249668121338,0.4196907281875622,9.4679536819458,8.999999999999999e-08,0.0,0.0,0.0,8.999999999999999e-08,0.0,0.0,0.0,8.999999999999999e-08
1759811046664288192,167269,1759811046660806720,base_link,-0.020922406828876368,-0.13099606667932298,0.03137339753508493,-0.9906655096117787,1.0,0.0,0.0,0.0,1.0,0.0,0.0,0.0,1.0,0.0009576781885698438,-0.001200955361127854,-0.0056198276579380035,1.2184696791468346e-07,0.0,0.0,0.0,1.2184696791468346e-07,0.0,0.0,0.0,1.2184696791468346e-07,-2.594473123550415,0.1889810115098965,9.4689359664917,8.999999999999999e-08,0.0,0.0,0.0,8.999999999999999e-08,0.0,0.0,0.0,8.999999999999999e-08
1759811046669968256,167270,1759811046665806720,base_link,-0.020926500341538,-0.13100185660263716,0.03138481933103138,-0.9906642873531719,1.0,0.0,0.0,0.0,1.0,0.0,0.0,0.0,1.0,0.0008406435372307897,0.0008836694760248057,-0.0058290995657444,1.2184696791468346e-07,0.0,0.0,0.0,1.2184696791468346e-07,0.0,0.0,0.0,1.2184696791468346e-07,-2.50712251663208,0.38976615667343256,9.51409912109375,8.999999999999999e-08,0.0,0.0,0.0,8.999999999999999e-08,0.0,0.0,0.0,8.999999999999999e-08
1759811046677190944,167271,1759811046670806720,base_link,-0.020931947821708027,-0.13101611277414596,0.03137567346490448,-0.9906625593323829,1.0,0.0,0.0,0.0,1.0,0.0,0.0,0.0,1.0,0.0011899162782356143,0.0033382093533873562,0.0032903421670198436,1.2184696791468346e-07,0.0,0.0,0.0,1.2184696791468346e-07,0.0,0.0,0.0,1.2184696791468346e-07,-2.514732599258423,0.40497776865959284,9.521780014038086,8.999999999999999e-08,0.0,0.0,0.0,8.999999999999999e-08,0.0,0.0,0.0,8.999999999999999e-08
1759811046686913536,167272,1759811046681806720,base_link,-0.020930003798320464,-0.13101531725238033,0.03138646305812326,-0.9906623064512918,1.0,0.0,0.0,0.0,1.0,0.0,0.0,0.0,1.0,0.000550796976312995,0.0015535067068412893,-0.0060061258263885975,1.2184696791468346e-07,0.0,0.0,0.0,1.2184696791468346e-07,0.0,0.0,0.0,1.2184696791468346e-07,-2.5993754863739014,0.2236419022083294,9.437743186950684,8.999999999999999e-08,0.0,0.0,0.0,8.999999999999999e-08,0.0,0.0,0.0,8.999999999999999e-08
1759811046696746016,167273,1759811046691806720,base_link,-0.02093832780090136,-0.13102114405418694,0.031393501581824614,-0.9906611684863821,1.0,0.0,0.0,0.0,1.0,0.0,0.0,0.0,1.0,0.0013038263423368335,0.0005754184676334264,0.0016238578828051686,1.2184696791468346e-07,0.0,0.0,0.0,1.2184696791468346e-07,0.0,0.0,0.0,1.2184696791468346e-07,-2.489744186401367,0.387387663125993,9.431008338928223,8.999999999999999e-08,0.0,0.0,0.0,8.999999999999999e-08,0.0,0.0,0.0,8.999999999999999e-08
1759811046702958304,167274,1759811046697806720,base_link,-0.020943343275874157,-0.13102170249992973,0.03137634781448066,-0.9906615478080186,1.0,0.0,0.0,0.0,1.0,0.0,0.0,0.0,1.0,0.0017945043509826064,0.00015211512800306152,0.0058065177872776985,1.2184696791468346e-07,0.0,0.0,0.0,1.2184696791468346e-07,0.0,0.0,0.0,1.2184696791468346e-07,-2.549549102783203,0.34144601225853083,9.458301544189453,8.999999999999999e-08,0.0,0.0,0.0,8.999999999999999e-08,0.0,0.0,0.0,8.999999999999999e-08
1759811046711282208,167275,1759811046702806720,base_link,-0.02094894353837005,-0.13103408840503586,0.03137959312181602,-0.9906596511998357,1.0,0.0,0.0,0.0,1.0,0.0,0.0,0.0,1.0,0.0014579548733308911,0.0033515540417283773,0.0005792627343907948,1.2184696791468346e-07,0.0,0.0,0.0,1.2184696791468346e-07,0.0,0.0,0.0,1.2184696791468346e-07,-2.62343168258667,0.2008593231439602,9.426033973693848,8.999999999999999e-08,0.0,0.0,0.0,8.999999999999999e-08,0.0,0.0,0.0,8.999999999999999e-08
1759811046714860256,167276,1759811046707806720,base_link,-0.020954707119903902,-0.13103924085726631,0.03140155162989018,-0.9906581760601377,1.0,0.0,0.0,0.0,1.0,0.0,0.0,0.0,1.0,0.003571789711713791,0.0008762883953750127,-0.00535891717299819,1.2184696791468346e-07,0.0,0.0,0.0,1.2184696791468346e-07,0.0,0.0,0.0,1.2184696791468346e-07,-2.579353094100952,0.2976914346218121,9.43543529510498,8.999999999999999e-08,0.0,0.0,0.0,8.999999999999999e-08,0.0,0.0,0.0,8.999999999999999e-08
1759811046720827392,167277,1759811046712806720,base_link,-0.020964227039311303,-0.13102997381894999,0.03140930665001616,-0.990658934703411,1.0,0.0,0.0,0.0,1.0,0.0,0.0,0.0,1.0,0.0025413623079657555,-0.0026311601977795362,-0.0006899564759805795,1.2184696791468346e-07,0.0,0.0,0.0,1.2184696791468346e-07,0.0,0.0,0.0,1.2184696791468346e-07,-2.5236310958862305,0.4096402227878582,9.48654842376709,8.999999999999999e-08,0.0,0.0,0.0,8.999999999999999e-08,0.0,0.0,0.0,8.999999999999999e-08
1759811046727962656,167278,1759811046723806720,base_link,-0.020977640273849896,-0.13102372554865824,0.03138119470205944,-0.9906604098431089,1.0,0.0,0.0,0.0,1.0,0.0,0.0,0.0,1.0,0.002824116498231888,-0.001437957398593425,0.006010080222040415,1.2184696791468346e-07,0.0,0.0,0.0,1.2184696791468346e-07,0.0,0.0,0.0,1.2184696791468346e-07,-2.618314027786255,0.2413040846586239,9.492609024047852,8.999999999999999e-08,0.0,0.0,0.0,8.999999999999999e-08,0.0,0.0,0.0,8.999999999999999e-08
1759811046732987392,167279,1759811046728806720,base_link,-0.020990068325804547,-0.13102583815943986,0.031389413337519045,-0.9906596090529871,1.0,0.0,0.0,0.0,1.0,0.0,0.0,0.0,1.0,0.003934893757104874,0.0007621614495292306,0.00041695975232869376,1.2184696791468346e-07,0.0,0.0,0.0,1.2184696791468346e-07,0.0,0.0,0.0,1.2184696791468346e-07,-2.5950655937194824,0.28148397803306696,9.467856407165527,8.999999999999999e-08,0.0,0.0,0.0,8.999999999999999e-08,0.0,0.0,0.0,8.999999999999999e-08
1759811046740116160,167280,1759811046734806720,base_link,-0.020992012349192117,-0.13103060602167765,0.03140235242001189,-0.9906585553817744,1.0,0.0,0.0,0.0,1.0,0.0,0.0,0.0,1.0,0.002803992945700884,0.0008146372856572265,-0.004432336892932653,1.2184696791468346e-07,0.0,0.0,0.0,1.2184696791468346e-07,0.0,0.0,0.0,1.2184696791468346e-07,-2.5093865394592285,0.38212758302688715,9.45804500579834,8.999999999999999e-08,0.0,0.0,0.0,8.999999999999999e-08,0.0,0.0,0.0,8.999999999999999e-08
1759811046749120224,167281,1759811046739806720,base_link,-0.020984462794952603,-0.13102902024650243,0.03140091942716251,-0.9906588925565625,1.0,0.0,0.0,0.0,1.0,0.0,0.0,0.0,1.0,-0.0017790396232157946,0.0022486711386591196,0.0007150879828259346,1.2184696791468346e-07,0.0,0.0,0.0,1.2184696791468346e-07,0.0,0.0,0.0,1.2184696791468346e-07,-2.523226022720337,0.40307810902595637,9.453630447387695,8.999999999999999e-08,0.0,0.0,0.0,8.999999999999999e-08,0.0,0.0,0.0,8.999999999999999e-08
1759811046752897408,167282,1759811046748806720,base_link,-0.020983382781959506,-0.13104274431404878,0.031395524630553104,-0.990657290976319,1.0,0.0,0.0,0.0,1.0,0.0,0.0,0.0,1.0,-0.0009762489935383201,0.001012965454719961,0.0017894714837893841,1.2184696791468346e-07,0.0,0.0,0.0,1.2184696791468346e-07,0.0,0.0,0.0,1.2184696791468346e-07,-2.5842766761779785,0.2752425968647015,9.422578811645508,8.999999999999999e-08,0.0,0.0,0.0,8.999999999999999e-08,0.0,0.0,0.0,8.999999999999999e-08
1759811046759417824,167283,1759811046750806720,base_link,-0.020981702176375138,-0.13103322439464138,0.03139767411982716,-0.9906585132349259,1.0,0.0,0.0,0.0,1.0,0.0,0.0,0.0,1.0,0.0002680112374946475,-0.0027232153806835413,-0.0006983885541558262,1.2184696791468346e-07,0.0,0.0,0.0,1.2184696791468346e-07,0.0,0.0,0.0,1.2184696791468346e-07,-2.6200618743896484,0.2395217567682278,9.431406021118164,8.999999999999999e-08,0.0,0.0,0.0,8.999999999999999e-08,0.0,0.0,0.0,8.999999999999999e-08
1759811046763013888,167284,1759811046755804928,base_link,-0.02098763434530304,-0.13102592245313688,0.03141887398462817,-0.9906587239691684,1.0,0.0,0.0,0.0,1.0,0.0,0.0,0.0,1.0,0.002380525693297386,-0.0024005915038287644,-0.0039902739226818085,1.2184696791468346e-07,0.0,0.0,0.0,1.2184696791468346e-07,0.0,0.0,0.0,1.2184696791468346e-07,-2.5554044246673584,0.31408110260963557,9.41872501373291,8.999999999999999e-08,0.0,0.0,0.0,8.999999999999999e-08,0.0,0.0,0.0,8.999999999999999e-08
1759811046766851232,167285,1759811046760804928,base_link,-0.020986880970385913,-0.13102259812046058,0.0314197590684469,-0.9906591032908051,1.0,0.0,0.0,0.0,1.0,0.0,0.0,0.0,1.0,0.0016312241787090898,-0.0014553200453519821,-0.0004053413867950438,1.2184696791468346e-07,0.0,0.0,0.0,1.2184696791468346e-07,0.0,0.0,0.0,1.2184696791468346e-07,-2.521449565887451,0.398762494325639,9.490561485290527,8.999999999999999e-08,0.0,0.0,0.0,8.999999999999999e-08,0.0,0.0,0.0,8.999999999999999e-08
1759811046777005696,167286,1759811046771804928,base_link,-0.02099384573710234,-0.13101779337973035,0.031402141685769325,-0.9906601991088663,1.0,0.0,0.0,0.0,1.0,0.0,0.0,0.0,1.0,0.0005909940227866173,-0.0016937132459133863,0.0007644373690709474,1.2184696791468346e-07,0.0,0.0,0.0,1.2184696791468346e-07,0.0,0.0,0.0,1.2184696791468346e-07,-2.640923023223877,0.23230658471584437,9.469274520874023,8.999999999999999e-08,0.0,0.0,0.0,8.999999999999999e-08,0.0,0.0,0.0,8.999999999999999e-08
1759811046783294560,167287,1759811046776804928,base_link,-0.02099724909511959,-0.13101791982027589,0.03142557533354137,-0.9906593561718962,1.0,0.0,0.0,0.0,1.0,0.0,0.0,0.0,1.0,0.001279274350963533,-0.0003359523834660657,-0.006040028762072325,1.2184696791468346e-07,0.0,0.0,0.0,1.2184696791468346e-07,0.0,0.0,0.0,1.2184696791468346e-07,-2.590339183807373,0.28699916601181147,9.459526062011719,8.999999999999999e-08,0.0,0.0,0.0,8.999999999999999e-08,0.0,0.0,0.0,8.999999999999999e-08
1759811046790969632,167288,1759811046787804928,base_link,-0.020991143070441576,-0.13103025304182137,0.03143164447972697,-0.9906576702979557,1.0,0.0,0.0,0.0,1.0,0.0,0.0,0.0,1.0,-0.0006701477686874568,0.0024390621110796924,-0.0019697686657309537,1.2184696791468346e-07,0.0,0.0,0.0,1.2184696791468346e-07,0.0,0.0,0.0,1.2184696791468346e-07,-2.5391972064971924,0.3819159567356121,9.469661712646484,8.999999999999999e-08,0.0,0.0,0.0,8.999999999999999e-08,0.0,0.0,0.0,8.999999999999999e-08
1759811046796937440,167289,1759811046792804928,base_link,-0.020995099605845537,-0.13101932120298887,0.03142443736863157,-0.9906592297313506,1.0,0.0,0.0,0.0,1.0,0.0,0.0,0.0,1.0,0.00041419058106839657,-0.0032790771219879384,0.0018041128059849147,1.2184696791468346e-07,0.0,0.0,0.0,1.2184696791468346e-07,0.0,0.0,0.0,1.2184696791468346e-07,-2.601447582244873,0.2723766267299664,9.414085388183594,8.999999999999999e-08,0.0,0.0,0.0,8.999999999999999e-08,0.0,0.0,0.0,8.999999999999999e-08
1759811046807382592,167290,1759811046802804928,base_link,-0.02099177000481317,-0.13100406404382792,0.031450104799374747,-0.9906604519899574,1.0,0.0,0.0,0.0,1.0,0.0,0.0,0.0,1.0,-0.00013440509792417288,-0.0033467586617916827,-0.0036760699003934856,1.2184696791468346e-07,0.0,0.0,0.0,1.2184696791468346e-07,0.0,0.0,0.0,1.2184696791468346e-07,-2.5170087814331055,0.35813587903976557,9.4578218460083,8.999999999999999e-08,0.0,0.0,0.0,8.999999999999999e-08,0.0,0.0,0.0,8.999999999999999e-08
1759811046813271040,167291,1759811046808804928,base_link,-0.020977408466183085,-0.1310030735928879,0.03144930400925303,-0.990660999898988,1.0,0.0,0.0,0.0,1.0,0.0,0.0,0.0,1.0,-0.0036183535121381283,-0.0013153348118066788,-0.0007343434263020753,1.2184696791468346e-07,0.0,0.0,0.0,1.2184696791468346e-07,0.0,0.0,0.0,1.2184696791468346e-07,-2.49674654006958,0.376780539751054,9.493014335632324,8.999999999999999e-08,0.0,0.0,0.0,8.999999999999999e-08,0.0,0.0,0.0,8.999999999999999e-08
1759811046819846144,167292,1759811046813804928,base_link,-0.020961666618264277,-0.13100024975403768,0.031431602332878436,-0.9906622643044434,1.0,0.0,0.0,0.0,1.0,0.0,0.0,0.0,1.0,-0.004522329196333885,-0.0014088107272982593,0.003353267442435026,1.2184696791468346e-07,0.0,0.0,0.0,1.2184696791468346e-07,0.0,0.0,0.0,1.2184696791468346e-07,-2.573249340057373,0.2995413839817059,9.459521293640137,8.999999999999999e-08,0.0,0.0,0.0,8.999999999999999e-08,0.0,0.0,0.0,8.999999999999999e-08
1759811046832083904,167293,1759811046824804928,base_link,-0.020971634347937095,-0.13098785858057546,0.03145731191047007,-0.9906628543603225,1.0,0.0,0.0,0.0,1.0,0.0,0.0,0.0,1.0,0.0036009997129440308,-0.004044366069138051,-0.0051929247565567485,1.2184696791468346e-07,0.0,0.0,0.0,1.2184696791468346e-07,0.0,0.0,0.0,1.2184696791468346e-07,-2.5390992164611816,0.2824951410293591,9.427088737487793,8.999999999999999e-08,0.0,0.0,0.0,8.999999999999999e-08,0.0,0.0,0.0,8.999999999999999e-08
1759811046835753888,167294,1759811046829804928,base_link,-0.020977150316735957,-0.13098353326024706,0.031468565119022525,-0.990662980800868,1.0,0.0,0.0,0.0,1.0,0.0,0.0,0.0,1.0,0.0024200226180255413,-0.0023005912080407147,-0.005245390348136425,1.2184696791468346e-07,0.0,0.0,0.0,1.2184696791468346e-07,0.0,0.0,0.0,1.2184696791468346e-07,-2.5084385871887207,0.39538994431495783,9.439464569091797,8.999999999999999e-08,0.0,0.0,0.0,8.999999999999999e-08,0.0,0.0,0.0,8.999999999999999e-08
1759811046838823040,167295,1759811046834804928,base_link,-0.020971887229028163,-0.13098679437265057,0.031456216092408784,-0.9906630229477166,1.0,0.0,0.0,0.0,1.0,0.0,0.0,0.0,1.0,-0.0007138413493521512,-0.00026942195836454614,0.0013279035920277238,1.2184696791468346e-07,0.0,0.0,0.0,1.2184696791468346e-07,0.0,0.0,0.0,1.2184696791468346e-07,-2.5663671493530273,0.39518615603447077,9.478706359863281,8.999999999999999e-08,0.0,0.0,0.0,8.999999999999999e-08,0.0,0.0,0.0,8.999999999999999e-08
1759811046847611232,167296,1759811046840804928,base_link,-0.02097482170335573,-0.13098460800488407,0.031450189093071755,-0.9906634865630501,1.0,0.0,0.0,0.0,1.0,0.0,0.0,0.0,1.0,0.0002034612698480487,0.0009082928299903869,-0.0006018739659339191,1.2184696791468346e-07,0.0,0.0,0.0,1.2184696791468346e-07,0.0,0.0,0.0,1.2184696791468346e-07,-2.6142075061798096,0.2243925333023083,9.459431648254395,8.999999999999999e-08,0.0,0.0,0.0,8.999999999999999e-08,0.0,0.0,0.0,8.999999999999999e-08
1759811046854002016,167297,1759811046850804928,base_link,-0.020976755190031175,-0.13099472851688274,0.03147151539841825,-0.9906613792206246,1.0,0.0,0.0,0.0,1.0,0.0,0.0,0.0,1.0,0.0014224991900846362,0.0008736061863601204,-0.0029030791483819485,1.2184696791468346e-07,0.0,0.0,0.0,1.2184696791468346e-07,0.0,0.0,0.0,1.2184696791468346e-07,-2.545691728591919,0.36063933372497675,9.491148948669434,8.999999999999999e-08,0.0,0.0,0.0,8.999999999999999e-08,0.0,0.0,0.0,8.999999999999999e-08
1759811046866063392,167298,1759811046855803904,base_link,-0.02098663335765091,-0.13100124547333375,0.03145773337895519,-0.990660747017897,1.0,0.0,0.0,0.0,1.0,0.0,0.0,0.0,1.0,0.0008484161226078868,0.0016042117495089776,0.005698468070477247,1.2184696791468346e-07,0.0,0.0,0.0,1.2184696791468346e-07,0.0,0.0,0.0,1.2184696791468346e-07,-2.5278398990631104,0.4126341044902813,9.42861270904541,8.999999999999999e-08,0.0,0.0,0.0,8.999999999999999e-08,0.0,0.0,0.0,8.999999999999999e-08
1759811046870849856,167299,1759811046866803904,base_link,-0.02099032647525167,-0.13101231428942392,0.03144964118404113,-0.9906594826124416,1.0,0.0,0.0,0.0,1.0,0.0,0.0,0.0,1.0,0.0005492183845490217,0.0019435717258602383,0.0018804973224177954,1.2184696791468346e-07,0.0,0.0,0.0,1.2184696791468346e-07,0.0,0.0,0.0,1.2184696791468346e-07,-2.6349575519561768,0.23424720764160273,9.474000930786133,8.999999999999999e-08,0.0,0.0,0.0,8.999999999999999e-08,0.0,0.0,0.0,8.999999999999999e-08
1759811046877351040,167300,1759811046871803904,base_link,-0.02099533141351235,-0.13101480095348605,0.03146582557386927,-0.9906585553817744,1.0,0.0,0.0,0.0,1.0,0.0,0.0,0.0,1.0,0.00158873840700835,0.0015244103269651528,-0.0033638079185038805,1.2184696791468346e-07,0.0,0.0,0.0,1.2184696791468346e-07,0.0,0.0,0.0,1.2184696791468346e-07,-2.5562775135040283,0.3337604999542248,9.443257331848145,8.999999999999999e-08,0.0,0.0,0.0,8.999999999999999e-08,0.0,0.0,0.0,8.999999999999999e-08
1759811046883763232,167301,1759811046876803904,base_link,-0.02099505745899703,-0.13102349374099143,0.03145710117622754,-0.9906576702979556,1.0,0.0,0.0,0.0,1.0,0.0,0.0,0.0,1.0,0.0002129500498995185,0.001447343267500401,0.0028171311132609844,1.2184696791468346e-07,0.0,0.0,0.0,1.2184696791468346e-07,0.0,0.0,0.0,1.2184696791468346e-07,-2.527244806289673,0.4304603338241589,9.476795196533203,8.999999999999999e-08,0.0,0.0,0.0,8.999999999999999e-08,0.0,0.0,0.0,8.999999999999999e-08
1759811046886891968,167302,1759811046882803904,base_link,-0.020989446659789017,-0.13102481609836347,0.031437250010578885,-0.9906582182069863,1.0,0.0,0.0,0.0,1.0,0.0,0.0,0.0,1.0,-0.001938070054166019,0.0010390670504421002,0.005180160980671644,1.2184696791468346e-07,0.0,0.0,0.0,1.2184696791468346e-07,0.0,0.0,0.0,1.2184696791468346e-07,-2.559040069580078,0.3489478826522839,9.441214561462402,8.999999999999999e-08,0.0,0.0,0.0,8.999999999999999e-08,0.0,0.0,0.0,8.999999999999999e-08
1759811046892070752,167303,1759811046887803904,base_link,-0.020984573430429945,-0.13102049077803504,0.03144154898912701,-0.9906587239691684,1.0,0.0,0.0,0.0,1.0,0.0,0.0,0.0,1.0,-0.0017815390601754189,-0.0006331152981147169,0.0006254502804949881,1.2184696791468346e-07,0.0,0.0,0.0,1.2184696791468346e-07,0.0,0.0,0.0,1.2184696791468346e-07,-2.621669292449951,0.2212753891944897,9.455841064453125,8.999999999999999e-08,0.0,0.0,0.0,8.999999999999999e-08,0.0,0.0,0.0,8.999999999999999e-08
1759811046898868064,167304,1759811046892803904,base_link,-0.020982682090603014,-0.13102126522637642,0.03145950354659267,-0.9906581339132893,1.0,0.0,0.0,0.0,1.0,0.0,0.0,0.0,1.0,-0.00172071170527488,-0.001658762805163861,-0.00561184249818325,1.2184696791468346e-07,0.0,0.0,0.0,1.2184696791468346e-07,0.0,0.0,0.0,1.2184696791468346e-07,-2.5572004318237305,0.29718846082687495,9.451723098754883,8.999999999999999e-08,0.0,0.0,0.0,8.999999999999999e-08,0.0,0.0,0.0,8.999999999999999e-08
1759811046908126336,167305,1759811046903803904,base_link,-0.020971149659179223,-0.1310019672381145,0.03143872515027681,-0.9906615478080187,1.0,0.0,0.0,0.0,1.0,0.0,0.0,0.0,1.0,-0.0015021171420812607,-0.003712771693244576,0.003891229629516602,1.2184696791468346e-07,0.0,0.0,0.0,1.2184696791468346e-07,0.0,0.0,0.0,1.2184696791468346e-07,-2.538863182067871,0.39597284793853876,9.466695785522461,8.999999999999999e-08,0.0,0.0,0.0,8.999999999999999e-08,0.0,0.0,0.0,8.999999999999999e-08
1759811046916917216,167306,1759811046913803904,base_link,-0.020970981071785185,-0.13099237883007828,0.03143311961942483,-0.9906630229477166,1.0,0.0,0.0,0.0,1.0,0.0,0.0,0.0,1.0,-9.510514792054892e-05,-0.002179233822971582,0.0018283607205376031,1.2184696791468346e-07,0.0,0.0,0.0,1.2184696791468346e-07,0.0,0.0,0.0,1.2184696791468346e-07,-2.5749378204345703,0.249235048890115,9.480896949768066,8.999999999999999e-08,0.0,0.0,0.0,8.999999999999999e-08,0.0,0.0,0.0,8.999999999999999e-08
1759811046926769440,167307,1759811046923803904,base_link,-0.020971002145209434,-0.1309976050392936,0.03144420424058319,-0.9906619692765037,1.0,0.0,0.0,0.0,1.0,0.0,0.0,0.0,1.0,-0.0007006557425484061,0.0020937998779118057,-0.0019069100962951782,1.2184696791468346e-07,0.0,0.0,0.0,1.2184696791468346e-07,0.0,0.0,0.0,1.2184696791468346e-07,-2.584878921508789,0.3573651611804974,9.492868423461914,8.999999999999999e-08,0.0,0.0,0.0,8.999999999999999e-08,0.0,0.0,0.0,8.999999999999999e-08
1759811046931917600,167308,1759811046929803904,base_link,-0.020962767704681622,-0.13100360569685035,0.031422751494691176,-0.9906620114233523,1.0,0.0,0.0,0.0,1.0,0.0,0.0,0.0,1.0,-0.0022394536063075066,0.0006692514289170508,0.003573535941541195,1.2184696791468346e-07,0.0,0.0,0.0,1.2184696791468346e-07,0.0,0.0,0.0,1.2184696791468346e-07,-2.532041072845459,0.4119922816753399,9.476615905761719,8.999999999999999e-08,0.0,0.0,0.0,8.999999999999999e-08,0.0,0.0,0.0,8.999999999999999e-08
1759811046938396000,167309,1759811046935803904,base_link,-0.020959785815149474,-0.13100754642718612,0.03142717691378478,-0.9906614635143216,1.0,0.0,0.0,0.0,1.0,0.0,0.0,0.0,1.0,-0.0008667681831866503,0.00039835146162658957,0.0021009002812206745,1.2184696791468346e-07,0.0,0.0,0.0,1.2184696791468346e-07,0.0,0.0,0.0,1.2184696791468346e-07,-2.5798394680023193,0.29442617297172663,9.499221801757812,8.999999999999999e-08,0.0,0.0,0.0,8.999999999999999e-08,0.0,0.0,0.0,8.999999999999999e-08
1759811046948885600,167310,1759811046940803904,base_link,-0.020973704811870195,-0.13100386911465356,0.031444541415371285,-0.9906611263395335,1.0,0.0,0.0,0.0,1.0,0.0,0.0,0.0,1.0,0.004081870429217815,-0.000514232437126339,-0.004758183844387531,1.2184696791468346e-07,0.0,0.0,0.0,1.2184696791468346e-07,0.0,0.0,0.0,1.2184696791468346e-07,-2.6350858211517334,0.23109120130539057,9.479474067687988,8.999999999999999e-08,0.0,0.0,0.0,8.999999999999999e-08,0.0,0.0,0.0,8.999999999999999e-08
1759811046952534720,167311,1759811046945803904,base_link,-0.020981749591579713,-0.13100357935507004,0.0314539401625892,-0.9906606627242,1.0,0.0,0.0,0.0,1.0,0.0,0.0,0.0,1.0,0.0030354601331055164,-0.0013721876312047243,-0.0007401283364742992,1.2184696791468346e-07,0.0,0.0,0.0,1.2184696791468346e-07,0.0,0.0,0.0,1.2184696791468346e-07,-2.5293421745300293,0.39641445875167963,9.463233947753906,8.999999999999999e-08,0.0,0.0,0.0,8.999999999999999e-08,0.0,0.0,0.0,8.999999999999999e-08
1759811046960140544,167312,1759811046956803904,base_link,-0.020989920811834765,-0.13099771567477095,0.031441844017066574,-0.9906616321017157,1.0,0.0,0.0,0.0,1.0,0.0,0.0,0.0,1.0,0.0024807793088257313,-0.0008184916805475948,0.002091596368700266,1.2184696791468346e-07,0.0,0.0,0.0,1.2184696791468346e-07,0.0,0.0,0.0,1.2184696791468346e-07,-2.5337564945220947,0.365459978580476,9.483766555786133,8.999999999999999e-08,0.0,0.0,0.0,8.999999999999999e-08,0.0,0.0,0.0,8.999999999999999e-08
1759811046971871200,167313,1759811046966802880,base_link,-0.02099124843756286,-0.1310059027000942,0.03146392896568632,-0.9906598619340783,1.0,0.0,0.0,0.0,1.0,0.0,0.0,0.0,1.0,0.0006443675374612212,0.0014552788343280547,-0.004542738664895296,1.2184696791468346e-07,0.0,0.0,0.0,1.2184696791468346e-07,0.0,0.0,0.0,1.2184696791468346e-07,-2.4963362216949463,0.393347740173341,9.47359848022461,8.999999999999999e-08,0.0,0.0,0.0,8.999999999999999e-08,0.0,0.0,0.0,8.999999999999999e-08
1759811046977607040,167314,1759811046972802880,base_link,-0.020991322194547753,-0.13101611277414596,0.031456974735682,-0.9906587239691684,1.0,0.0,0.0,0.0,1.0,0.0,0.0,0.0,1.0,-0.0006808320176787674,0.002687405562028289,0.0008718193275853988,1.2184696791468346e-07,0.0,0.0,0.0,1.2184696791468346e-07,0.0,0.0,0.0,1.2184696791468346e-07,-2.539536237716675,0.3924397826194775,9.48604965209961,8.999999999999999e-08,0.0,0.0,0.0,8.999999999999999e-08,0.0,0.0,0.0,8.999999999999999e-08
1759811046986758560,167315,1759811046982802880,base_link,-0.02099201761754818,-0.1310160811640096,0.031415038621413656,-0.9906600305214722,1.0,0.0,0.0,0.0,1.0,0.0,0.0,0.0,1.0,-0.00037580408388748765,0.0011087930761277684,0.006251619663089514,1.2184696791468346e-07,0.0,0.0,0.0,1.2184696791468346e-07,0.0,0.0,0.0,1.2184696791468346e-07,-2.606477975845337,0.30605602264404413,9.452152252197266,8.999999999999999e-08,0.0,0.0,0.0,8.999999999999999e-08,0.0,0.0,0.0,8.999999999999999e-08
1759811046993490400,167316,1759811046988802880,base_link,-0.020998903358923647,-0.13102528498205315,0.031428567759785656,-0.9906582182069863,1.0,0.0,0.0,0.0,1.0,0.0,0.0,0.0,1.0,0.002455607056617737,0.0017823791131377216,-0.0031792605295777325,1.2184696791468346e-07,0.0,0.0,0.0,1.2184696791468346e-07,0.0,0.0,0.0,1.2184696791468346e-07,-2.5976037979125977,0.23243066668510554,9.453450202941895,8.999999999999999e-08,0.0,0.0,0.0,8.999999999999999e-08,0.0,0.0,0.0,8.999999999999999e-08
1759811046998124160,167317,1759811046993802880,base_link,-0.020994103886549466,-0.13102731329913772,0.03143021148687759,-0.9906580074727437,1.0,0.0,0.0,0.0,1.0,0.0,0.0,0.0,1.0,-0.001268260064534843,0.00048453971976414323,-0.00017529330216348177,1.2184696791468346e-07,0.0,0.0,0.0,1.2184696791468346e-07,0.0,0.0,0.0,1.2184696791468346e-07,-2.5042777061462402,0.45558238029480097,9.487115859985352,8.999999999999999e-08,0.0,0.0,0.0,8.999999999999999e-08,0.0,0.0,0.0,8.999999999999999e-08
1759811047005819392,167318,1759811047003802880,base_link,-0.02099826061948385,-0.13101921583586756,0.03140462834983148,-0.9906598197872297,1.0,0.0,0.0,0.0,1.0,0.0,0.0,0.0,1.0,0.0004652745556086302,-0.0020326315425336357,0.004815948195755482,1.2184696791468346e-07,0.0,0.0,0.0,1.2184696791468346e-07,0.0,0.0,0.0,1.2184696791468346e-07,-2.5693600177764893,0.3471918702125561,9.458367347717285,8.999999999999999e-08,0.0,0.0,0.0,8.999999999999999e-08,0.0,0.0,0.0,8.999999999999999e-08
1759811047014670528,167319,1759811047009802880,base_link,-0.020996369279656927,-0.13102123361624005,0.0314283570255431,-0.9906588504097139,1.0,0.0,0.0,0.0,1.0,0.0,0.0,0.0,1.0,0.001602456788532436,-0.00010541279334574992,-0.004424540791660547,1.2184696791468346e-07,0.0,0.0,0.0,1.2184696791468346e-07,0.0,0.0,0.0,1.2184696791468346e-07,-2.6371617317199707,0.26397025585174677,9.445514678955078,8.999999999999999e-08,0.0,0.0,0.0,8.999999999999999e-08,0.0,0.0,0.0,8.999999999999999e-08
1759811047021335584,167320,1759811047014802880,base_link,-0.020997380804021186,-0.13103423591900565,0.03144163328282404,-0.9906567009204399,1.0,0.0,0.0,0.0,1.0,0.0,0.0,0.0,1.0,0.0013392301043495536,0.002205479657277464,-0.005523227155208588,1.2184696791468346e-07,0.0,0.0,0.0,1.2184696791468346e-07,0.0,0.0,0.0,1.2184696791468346e-07,-2.5082876682281494,0.3980811834335339,9.486361503601074,8.999999999999999e-08,0.0,0.0,0.0,8.999999999999999e-08,0.0,0.0,0.0,8.999999999999999e-08
1759811047027489920,167321,1759811047019802880,base_link,-0.0210040136643056,-0.13103706502621196,0.03142523815875329,-0.9906566587735914,1.0,0.0,0.0,0.0,1.0,0.0,0.0,0.0,1.0,0.0034006480127573013,0.002058351412415505,0.003370614722371101,1.2184696791468346e-07,0.0,0.0,0.0,1.2184696791468346e-07,0.0,0.0,0.0,1.2184696791468346e-07,-2.5339152812957764,0.3931193947792065,9.468690872192383,8.999999999999999e-08,0.0,0.0,0.0,8.999999999999999e-08,0.0,0.0,0.0,8.999999999999999e-08
1759811047032718624,167322,1759811047025802880,base_link,-0.02101209532250756,-0.13103375649860383,0.03141078178971405,-0.9906573752700161,1.0,0.0,0.0,0.0,1.0,0.0,0.0,0.0,1.0,-0.001279663061723113,0.0007152407779358332,0.0038410695269703865,1.2184696791468346e-07,0.0,0.0,0.0,1.2184696791468346e-07,0.0,0.0,0.0,1.2184696791468346e-07,-2.5937469005584717,0.23733976483345148,9.44727611541748,8.999999999999999e-08,0.0,0.0,0.0,8.999999999999999e-08,0.0,0.0,0.0,8.999999999999999e-08
1759811047039780416,167323,1759811047035802880,base_link,-0.02099135380468413,-0.13103875616850844,0.03142759838226991,-0.9906566587735914,1.0,0.0,0.0,0.0,1.0,0.0,0.0,0.0,1.0,-0.003150087781250477,-2.814631443470753e-05,-0.00300118001177907,1.2184696791468346e-07,0.0,0.0,0.0,1.2184696791468346e-07,0.0,0.0,0.0,1.2184696791468346e-07,-2.5659937858581543,0.35403394699096796,9.472312927246094,8.999999999999999e-08,0.0,0.0,0.0,8.999999999999999e-08,0.0,0.0,0.0,8.999999999999999e-08
1759811047046061952,167324,1759811047040802880,base_link,-0.020993445342041485,-0.13104228069871518,0.031431981654515065,-0.9906559844240153,1.0,0.0,0.0,0.0,1.0,0.0,0.0,0.0,1.0,0.0004733940586447716,-0.000946456100791693,-0.0019501695642247794,1.2184696791468346e-07,0.0,0.0,0.0,1.2184696791468346e-07,0.0,0.0,0.0,1.2184696791468346e-07,-2.5125133991241455,0.4457260370254528,9.410066604614258,8.999999999999999e-08,0.0,0.0,0.0,8.999999999999999e-08,0.0,0.0,0.0,8.999999999999999e-08
1759811047049819776,167325,1759811047046802880,base_link,-0.020987950446666872,-0.13103289775656543,0.03142321511002476,-0.9906575860042587,1.0,0.0,0.0,0.0,1.0,0.0,0.0,0.0,1.0,-0.0006568176322616637,-0.0023119172547012568,0.0008486286969855431,1.2184696791468346e-07,0.0,0.0,0.0,1.2184696791468346e-07,0.0,0.0,0.0,1.2184696791468346e-07,-2.5676839351654053,0.3351795971393597,9.451712608337402,8.999999999999999e-08,0.0,0.0,0.0,8.999999999999999e-08,0.0,0.0,0.0,8.999999999999999e-08
1759811047059828256,167326,1759811047051802880,base_link,-0.02097662348112957,-0.13103724941867417,0.031431560186029946,-0.9906569959483795,1.0,0.0,0.0,0.0,1.0,0.0,0.0,0.0,1.0,-0.0028025396168231964,0.0005483945715241133,-0.0010484822560101748,1.2184696791468346e-07,0.0,0.0,0.0,1.2184696791468346e-07,0.0,0.0,0.0,1.2184696791468346e-07,-2.60941743850708,0.2505071163177502,9.407687187194824,8.999999999999999e-08,0.0,0.0,0.0,8.999999999999999e-08,0.0,0.0,0.0,8.999999999999999e-08
1759811047064003872,167327,1759811047056800832,base_link,-0.020975443369371263,-0.13104494121852742,0.03145069485525386,-0.9906553943681361,1.0,0.0,0.0,0.0,1.0,0.0,0.0,0.0,1.0,-0.0008652966935187578,0.001124044880270957,-0.007449605036526918,1.2184696791468346e-07,0.0,0.0,0.0,1.2184696791468346e-07,0.0,0.0,0.0,1.2184696791468346e-07,-2.5795392990112305,0.3037922382354748,9.457289695739746,8.999999999999999e-08,0.0,0.0,0.0,8.999999999999999e-08,0.0,0.0,0.0,8.999999999999999e-08
1759811047069918752,167328,1759811047067800832,base_link,-0.020972735434354437,-0.131031707108095,0.0314512427642845,-0.990657206682622,1.0,0.0,0.0,0.0,1.0,0.0,0.0,0.0,1.0,0.00045282335486263037,-0.002455918351188302,-0.000227130018174648,1.2184696791468346e-07,0.0,0.0,0.0,1.2184696791468346e-07,0.0,0.0,0.0,1.2184696791468346e-07,-2.500318765640259,0.4159034490585339,9.450966835021973,8.999999999999999e-08,0.0,0.0,0.0,8.999999999999999e-08,0.0,0.0,0.0,8.999999999999999e-08
1759811047075244832,167329,1759811047072800832,base_link,-0.020966308039956534,-0.1310278401347441,0.031448250338040266,-0.9906580074727438,1.0,0.0,0.0,0.0,1.0,0.0,0.0,0.0,1.0,-0.0011091330088675022,-0.003160627325996756,0.0029268590733408932,1.2184696791468346e-07,0.0,0.0,0.0,1.2184696791468346e-07,0.0,0.0,0.0,1.2184696791468346e-07,-2.522752523422241,0.35942688584327814,9.48890495300293,8.999999999999999e-08,0.0,0.0,0.0,8.999999999999999e-08,0.0,0.0,0.0,8.999999999999999e-08
1759811047082487744,167330,1759811047077800832,base_link,-0.020978019595486494,-0.13100962742783134,0.03145722761677306,-0.9906598197872297,1.0,0.0,0.0,0.0,1.0,0.0,0.0,0.0,1.0,0.002912278287112713,-0.005139359273016453,-0.0009198156767524772,1.2184696791468346e-07,0.0,0.0,0.0,1.2184696791468346e-07,0.0,0.0,0.0,1.2184696791468346e-07,-2.6273064613342285,0.2211489379405987,9.474693298339844,8.999999999999999e-08,0.0,0.0,0.0,8.999999999999999e-08,0.0,0.0,0.0,8.999999999999999e-08
1759811047089850240,167331,1759811047083800832,base_link,-0.020974900728696684,-0.1310031473498728,0.03145979857453223,-0.9906607048710484,1.0,0.0,0.0,0.0,1.0,0.0,0.0,0.0,1.0,0.0004800999304279685,-0.0026117025408893824,-0.0013303649611771105,1.2184696791468346e-07,0.0,0.0,0.0,1.2184696791468346e-07,0.0,0.0,0.0,1.2184696791468346e-07,-2.5186820030212402,0.3811223208904278,9.446264266967773,8.999999999999999e-08,0.0,0.0,0.0,8.999999999999999e-08,0.0,0.0,0.0,8.999999999999999e-08
1759811047100053952,167332,1759811047093800832,base_link,-0.020967746301161966,-0.1309992698398098,0.03143826153494319,-0.9906620114233523,1.0,0.0,0.0,0.0,1.0,0.0,0.0,0.0,1.0,-0.00212382385507226,-0.0009183951187878842,0.004403023514896631,1.2184696791468346e-07,0.0,0.0,0.0,1.2184696791468346e-07,0.0,0.0,0.0,1.2184696791468346e-07,-2.60957407951355,0.27280905842781183,9.471078872680664,8.999999999999999e-08,0.0,0.0,0.0,8.999999999999999e-08,0.0,0.0,0.0,8.999999999999999e-08
1759811047106221088,167333,1759811047099800832,base_link,-0.0209556712290636,-0.131005802601329,0.031446690904645344,-0.9906611684863821,1.0,0.0,0.0,0.0,1.0,0.0,0.0,0.0,1.0,-0.003955188672989607,0.0010263270232826471,-0.0007709260098636151,1.2184696791468346e-07,0.0,0.0,0.0,1.2184696791468346e-07,0.0,0.0,0.0,1.2184696791468346e-07,-2.602529287338257,0.23520174622535822,9.446166038513184,8.999999999999999e-08,0.0,0.0,0.0,8.999999999999999e-08,0.0,0.0,0.0,8.999999999999999e-08
1759811047112788096,167334,1759811047109800832,base_link,-0.02094189974631266,-0.13100554972023792,0.03146102083313905,-0.990660999898988,1.0,0.0,0.0,0.0,1.0,0.0,0.0,0.0,1.0,-0.002041802741587162,-0.0008774530142545704,-0.0036946048494428396,1.2184696791468346e-07,0.0,0.0,0.0,1.2184696791468346e-07,0.0,0.0,0.0,1.2184696791468346e-07,-2.541104555130005,0.3358390331268322,9.434803009033203,8.999999999999999e-08,0.0,0.0,0.0,8.999999999999999e-08,0.0,0.0,0.0,8.999999999999999e-08
1759811047120772128,167335,1759811047115800832,base_link,-0.02095824745517882,-0.1310084104375806,0.031436870688942326,-0.9906610420458366,1.0,0.0,0.0,0.0,1.0,0.0,0.0,0.0,1.0,0.0023611197248101234,0.0005374752217903742,0.0069199115969240665,1.2184696791468346e-07,0.0,0.0,0.0,1.2184696791468346e-07,0.0,0.0,0.0,1.2184696791468346e-07,-2.562959909439087,0.32282778620720026,9.47339153289795,8.999999999999999e-08,0.0,0.0,0.0,8.999999999999999e-08,0.0,0.0,0.0,8.999999999999999e-08
1759811047125744960,167336,1759811047120800832,base_link,-0.020960886901566816,-0.13100530737585897,0.03142418448754055,-0.9906618428359583,1.0,0.0,0.0,0.0,1.0,0.0,0.0,0.0,1.0,0.001173444208689034,-0.0015958910807967182,0.0033649392426013947,1.2184696791468346e-07,0.0,0.0,0.0,1.2184696791468346e-07,0.0,0.0,0.0,1.2184696791468346e-07,-2.630797863006592,0.2420118302106869,9.45424747467041,8.999999999999999e-08,0.0,0.0,0.0,8.999999999999999e-08,0.0,0.0,0.0,8.999999999999999e-08
1759811047133495232,167337,1759811047125800832,base_link,-0.020963178636454596,-0.13099953852596904,0.031445763673978104,-0.9906618428359583,1.0,0.0,0.0,0.0,1.0,0.0,0.0,0.0,1.0,0.0030268067494034767,-0.0010634185746312146,-0.0038108746521174908,1.2184696791468346e-07,0.0,0.0,0.0,1.2184696791468346e-07,0.0,0.0,0.0,1.2184696791468346e-07,-2.5805513858795166,0.2399065792560589,9.452302932739258,8.999999999999999e-08,0.0,0.0,0.0,8.999999999999999e-08,0.0,0.0,0.0,8.999999999999999e-08
1759811047138924128,167338,1759811047130800832,base_link,-0.020971665958073482,-0.13099975452856766,0.03144913542185899,-0.9906615056611702,1.0,0.0,0.0,0.0,1.0,0.0,0.0,0.0,1.0,0.0008267507655546069,-0.0008640815503895283,-0.00023860915098339308,1.2184696791468346e-07,0.0,0.0,0.0,1.2184696791468346e-07,0.0,0.0,0.0,1.2184696791468346e-07,-2.5202181339263916,0.35780847072601435,9.446093559265137,8.999999999999999e-08,0.0,0.0,0.0,8.999999999999999e-08,0.0,0.0,0.0,8.999999999999999e-08
1759811047148747904,167339,1759811047136800832,base_link,-0.02096584969297898,-0.130999038032143,0.031437460744821476,-0.9906621378638979,1.0,0.0,0.0,0.0,1.0,0.0,0.0,0.0,1.0,-0.0018868254264816642,-0.0014902418479323385,0.0019404295599088075,1.2184696791468346e-07,0.0,0.0,0.0,1.2184696791468346e-07,0.0,0.0,0.0,1.2184696791468346e-07,-2.5542590618133545,0.37065806984901545,9.510698318481445,8.999999999999999e-08,0.0,0.0,0.0,8.999999999999999e-08,0.0,0.0,0.0,8.999999999999999e-08
1759811047150786400,167340,1759811047146800832,base_link,-0.02096579174106227,-0.13098829585412877,0.031436407073608695,-0.9906636130035957,1.0,0.0,0.0,0.0,1.0,0.0,0.0,0.0,1.0,0.0006046799244359136,-0.0019428934901952741,0.001304301782511175,1.2184696791468346e-07,0.0,0.0,0.0,1.2184696791468346e-07,0.0,0.0,0.0,1.2184696791468346e-07,-2.6159512996673584,0.2337480634450924,9.484807968139648,8.999999999999999e-08,0.0,0.0,0.0,8.999999999999999e-08,0.0,0.0,0.0,8.999999999999999e-08
1759811047155908224,167341,1759811047152800832,base_link,-0.02097152371245976,-0.13098812726673473,0.031449936211980695,-0.990663065094565,1.0,0.0,0.0,0.0,1.0,0.0,0.0,0.0,1.0,0.0017442790558561683,-0.0019659642130136494,-0.0026895364280790086,1.2184696791468346e-07,0.0,0.0,0.0,1.2184696791468346e-07,0.0,0.0,0.0,1.2184696791468346e-07,-2.5467464923858643,0.3735481798648846,9.437226295471191,8.999999999999999e-08,0.0,0.0,0.0,8.999999999999999e-08,0.0,0.0,0.0,8.999999999999999e-08
1759811047169954752,167342,1759811047162800064,base_link,-0.020989378171160186,-0.13098036697825266,0.031431475892332895,-0.9906642452063233,1.0,0.0,0.0,0.0,1.0,0.0,0.0,0.0,1.0,0.0028389552608132362,-0.001044975826516747,0.004414773546159267,1.2184696791468346e-07,0.0,0.0,0.0,1.2184696791468346e-07,0.0,0.0,0.0,1.2184696791468346e-07,-2.585176467895508,0.35687482357025263,9.43625545501709,8.999999999999999e-08,0.0,0.0,0.0,8.999999999999999e-08,0.0,0.0,0.0,8.999999999999999e-08
1759811047179368864,167343,1759811047173800064,base_link,-0.02098544270918048,-0.1309822267079432,0.03144344559730999,-0.9906637394441412,1.0,0.0,0.0,0.0,1.0,0.0,0.0,0.0,1.0,-0.0006206883117556572,-7.705064490437713e-06,-0.0016674873186275363,1.2184696791468346e-07,0.0,0.0,0.0,1.2184696791468346e-07,0.0,0.0,0.0,1.2184696791468346e-07,-2.576303005218506,0.2785268723964703,9.417974472045898,8.999999999999999e-08,0.0,0.0,0.0,8.999999999999999e-08,0.0,0.0,0.0,8.999999999999999e-08
1759811047193020000,167344,1759811047178800064,base_link,-0.020979073266699264,-0.13098519279240717,0.03144643802355427,-0.9906633601225047,1.0,0.0,0.0,0.0,1.0,0.0,0.0,0.0,1.0,-0.0005090558552183211,0.000990867963992059,-0.0013465184019878509,1.2184696791468346e-07,0.0,0.0,0.0,1.2184696791468346e-07,0.0,0.0,0.0,1.2184696791468346e-07,-2.512802839279175,0.4143855273723614,9.481766700744629,8.999999999999999e-08,0.0,0.0,0.0,8.999999999999999e-08,0.0,0.0,0.0,8.999999999999999e-08
1759811047193037536,167345,1759811047183800064,base_link,-0.02099479404119383,-0.13098242163711757,0.03142637612366311,-0.9906640344720808,1.0,0.0,0.0,0.0,1.0,0.0,0.0,0.0,1.0,0.002584551926702261,-0.0006405764725059265,0.004803922493010759,1.2184696791468346e-07,0.0,0.0,0.0,1.2184696791468346e-07,0.0,0.0,0.0,1.2184696791468346e-07,-2.5556843280792236,0.3511554896831524,9.456751823425293,8.999999999999999e-08,0.0,0.0,0.0,8.999999999999999e-08,0.0,0.0,0.0,8.999999999999999e-08
1759811047199905984,167346,1759811047194800064,base_link,-0.02099531034008809,-0.13098217929273864,0.03142367872535841,-0.9906641187657779,1.0,0.0,0.0,0.0,1.0,0.0,0.0,0.0,1.0,-0.00012277381028980017,0.0008816077606752515,0.00017330388072878111,1.2184696791468346e-07,0.0,0.0,0.0,1.2184696791468346e-07,0.0,0.0,0.0,1.2184696791468346e-07,-2.6421761512756348,0.22916980087757227,9.454102516174316,8.999999999999999e-08,0.0,0.0,0.0,8.999999999999999e-08,0.0,0.0,0.0,8.999999999999999e-08
1759811047207533696,167347,1759811047199800064,base_link,-0.020999145703302583,-0.1309980159710666,0.03143598560512359,-0.9906615899548672,1.0,0.0,0.0,0.0,1.0,0.0,0.0,0.0,1.0,0.0014270796673372388,0.0038942894898355003,-0.003093747887760401,1.2184696791468346e-07,0.0,0.0,0.0,1.2184696791468346e-07,0.0,0.0,0.0,1.2184696791468346e-07,-2.5306010246276855,0.38829410076141474,9.477519035339355,8.999999999999999e-08,0.0,0.0,0.0,8.999999999999999e-08,0.0,0.0,0.0,8.999999999999999e-08
1759811047217009536,167348,1759811047210800064,base_link,-0.020992075569464877,-0.13098666793210503,0.031417440991778775,-0.9906638658846868,1.0,0.0,0.0,0.0,1.0,0.0,0.0,0.0,1.0,-0.001796987489797175,-0.0024553043767809864,0.003788912203162909,1.2184696791468346e-07,0.0,0.0,0.0,1.2184696791468346e-07,0.0,0.0,0.0,1.2184696791468346e-07,-2.5896217823028564,0.2682315409183514,9.426342964172363,8.999999999999999e-08,0.0,0.0,0.0,8.999999999999999e-08,0.0,0.0,0.0,8.999999999999999e-08
1759811047220006496,167349,1759811047215800064,base_link,-0.020991201022358283,-0.13098700510689312,0.03143063295536268,-0.9906634022693531,1.0,0.0,0.0,0.0,1.0,0.0,0.0,0.0,1.0,-0.000801176531240344,-0.0021791274193674326,0.00016499485354870585,1.2184696791468346e-07,0.0,0.0,0.0,1.2184696791468346e-07,0.0,0.0,0.0,1.2184696791468346e-07,-2.629572868347168,0.2568413615226757,9.418831825256348,8.999999999999999e-08,0.0,0.0,0.0,8.999999999999999e-08,0.0,0.0,0.0,8.999999999999999e-08
1759811047226866848,167350,1759811047220800064,base_link,-0.020995025848860642,-0.1309909458372289,0.03145453021846835,-0.9906620114233523,1.0,0.0,0.0,0.0,1.0,0.0,0.0,0.0,1.0,0.0017475975910201669,0.0012812631903216234,-0.006438377313315868,1.2184696791468346e-07,0.0,0.0,0.0,1.2184696791468346e-07,0.0,0.0,0.0,1.2184696791468346e-07,-2.5459048748016357,0.3324135541915905,9.444214820861816,8.999999999999999e-08,0.0,0.0,0.0,8.999999999999999e-08,0.0,0.0,0.0,8.999999999999999e-08
1759811047233053728,167351,1759811047226800064,base_link,-0.020999277412204184,-0.13099910652077182,0.031448713953373876,-0.990660999898988,1.0,0.0,0.0,0.0,1.0,0.0,0.0,0.0,1.0,0.000652539893053472,0.0016744869062677026,0.00045903294812887885,1.2184696791468346e-07,0.0,0.0,0.0,1.2184696791468346e-07,0.0,0.0,0.0,1.2184696791468346e-07,-2.489868640899658,0.41723245382309077,9.477584838867188,8.999999999999999e-08,0.0,0.0,0.0,8.999999999999999e-08,0.0,0.0,0.0,8.999999999999999e-08
1759811047238843200,167352,1759811047231800064,base_link,-0.02100030474163663,-0.13100016546034066,0.03143539554924444,-0.9906612527800791,1.0,0.0,0.0,0.0,1.0,0.0,0.0,0.0,1.0,0.0015268371207639575,0.00012286251876503273,0.0035906098783016205,1.2184696791468346e-07,0.0,0.0,0.0,1.2184696791468346e-07,0.0,0.0,0.0,1.2184696791468346e-07,-2.5415406227111816,0.31818795204162714,9.487992286682129,8.999999999999999e-08,0.0,0.0,0.0,8.999999999999999e-08,0.0,0.0,0.0,8.999999999999999e-08
1759811047246929984,167353,1759811047241800064,base_link,-0.021010214519392754,-0.1309947970055116,0.031455120274347506,-0.9906611684863821,1.0,0.0,0.0,0.0,1.0,0.0,0.0,0.0,1.0,0.00268189562484622,-0.0011568821500986819,-0.004307341296225786,1.2184696791468346e-07,0.0,0.0,0.0,1.2184696791468346e-07,0.0,0.0,0.0,1.2184696791468346e-07,-2.605308771133423,0.239202991127969,9.476423263549805,8.999999999999999e-08,0.0,0.0,0.0,8.999999999999999e-08,0.0,0.0,0.0,8.999999999999999e-08
1759811047255265248,167354,1759811047247800064,base_link,-0.021008918503801047,-0.1309867785675824,0.031468522972173965,-0.9906618428359583,1.0,0.0,0.0,0.0,1.0,0.0,0.0,0.0,1.0,0.001512230490334332,-0.002738123526796699,-0.005250409245491028,1.2184696791468346e-07,0.0,0.0,0.0,1.2184696791468346e-07,0.0,0.0,0.0,1.2184696791468346e-07,-2.5189921855926514,0.39840099215507624,9.436319351196289,8.999999999999999e-08,0.0,0.0,0.0,8.999999999999999e-08,0.0,0.0,0.0,8.999999999999999e-08
1759811047257367872,167355,1759811047252800064,base_link,-0.02100965080529392,-0.1309866890055293,0.031457606938409655,-0.9906622221575948,1.0,0.0,0.0,0.0,1.0,0.0,0.0,0.0,1.0,6.654346361756325e-05,-0.0016330003272742035,-0.000970693305134773,1.2184696791468346e-07,0.0,0.0,0.0,1.2184696791468346e-07,0.0,0.0,0.0,1.2184696791468346e-07,-2.5370445251464844,0.37665674090385554,9.446137428283691,8.999999999999999e-08,0.0,0.0,0.0,8.999999999999999e-08,0.0,0.0,0.0,8.999999999999999e-08
1759811047266960704,167356,1759811047257798272,base_link,-0.021009455876119555,-0.13098262710300407,0.0314419704576121,-0.9906632758288076,1.0,0.0,0.0,0.0,1.0,0.0,0.0,0.0,1.0,-0.0002658928860910237,-0.0009874971583485597,0.00546936085447669,1.2184696791468346e-07,0.0,0.0,0.0,1.2184696791468346e-07,0.0,0.0,0.0,1.2184696791468346e-07,-2.5765416622161865,0.25296586751937983,9.460270881652832,8.999999999999999e-08,0.0,0.0,0.0,8.999999999999999e-08,0.0,0.0,0.0,8.999999999999999e-08
1759811047271400192,167357,1759811047263798272,base_link,-0.021012269178257666,-0.13099105647270623,0.031443867065795106,-0.9906619692765037,1.0,0.0,0.0,0.0,1.0,0.0,0.0,0.0,1.0,0.0007821287726983428,0.0011750999838113783,-0.0009298496879637242,1.2184696791468346e-07,0.0,0.0,0.0,1.2184696791468346e-07,0.0,0.0,0.0,1.2184696791468346e-07,-2.621638536453247,0.2622881233692181,9.452278137207031,8.999999999999999e-08,0.0,0.0,0.0,8.999999999999999e-08,0.0,0.0,0.0,8.999999999999999e-08
1759811047273149088,167358,1759811047268798272,base_link,-0.02101164751224212,-0.13100519674038164,0.03146110512683608,-0.9906595669061387,1.0,0.0,0.0,0.0,1.0,0.0,0.0,0.0,1.0,-0.00014607456978410482,0.004413917660713195,-0.00474959146231413,1.2184696791468346e-07,0.0,0.0,0.0,1.2184696791468346e-07,0.0,0.0,0.0,1.2184696791468346e-07,-2.5585551261901855,0.3354789316654217,9.450063705444336,8.999999999999999e-08,0.0,0.0,0.0,8.999999999999999e-08,0.0,0.0,0.0,8.999999999999999e-08
1759811047279846144,167359,1759811047273798272,base_link,-0.02100410322635868,-0.13100448024395694,0.03147176827950932,-0.9906595247592901,1.0,0.0,0.0,0.0,1.0,0.0,0.0,0.0,1.0,-0.0010133020114153624,0.0016262570861726997,-0.002084937412291765,1.2184696791468346e-07,0.0,0.0,0.0,1.2184696791468346e-07,0.0,0.0,0.0,1.2184696791468346e-07,-2.4910728931427,0.3790508210659039,9.476739883422852,8.999999999999999e-08,0.0,0.0,0.0,8.999999999999999e-08,0.0,0.0,0.0,8.999999999999999e-08
1759811047289373504,167360,1759811047284798272,base_link,-0.020998381791673328,-0.13100375321082014,0.03145912422495606,-0.9906601148151692,1.0,0.0,0.0,0.0,1.0,0.0,0.0,0.0,1.0,-0.001971692778170109,-0.001218329183757305,0.0025294022634625435,1.2184696791468346e-07,0.0,0.0,0.0,1.2184696791468346e-07,0.0,0.0,0.0,1.2184696791468346e-07,-2.6120777130126953,0.24321731925010798,9.45446491241455,8.999999999999999e-08,0.0,0.0,0.0,8.999999999999999e-08,0.0,0.0,0.0,8.999999999999999e-08
1759811047297845376,167361,1759811047289798272,base_link,-0.020990479257577528,-0.1310146797812966,0.031469660937083775,-0.9906585132349259,1.0,0.0,0.0,0.0,1.0,0.0,0.0,0.0,1.0,5.893863271921873e-05,0.0020424607209861274,-0.003969964105635881,1.2184696791468346e-07,0.0,0.0,0.0,1.2184696791468346e-07,0.0,0.0,0.0,1.2184696791468346e-07,-2.617593288421631,0.28103688359260676,9.434864044189453,8.999999999999999e-08,0.0,0.0,0.0,8.999999999999999e-08,0.0,0.0,0.0,8.999999999999999e-08
1759811047306074880,167362,1759811047300798272,base_link,-0.020999361705901203,-0.13101242492490126,0.0314611472736846,-0.990658850409714,1.0,0.0,0.0,0.0,1.0,0.0,0.0,0.0,1.0,0.00015152560081332922,-0.0015577019657939666,0.005055297166109085,1.2184696791468346e-07,0.0,0.0,0.0,1.2184696791468346e-07,0.0,0.0,0.0,1.2184696791468346e-07,-2.5624289512634277,0.4100902676582348,9.464553833007812,8.999999999999999e-08,0.0,0.0,0.0,8.999999999999999e-08,0.0,0.0,0.0,8.999999999999999e-08
1759811047309933888,167363,1759811047305798272,base_link,-0.020992533916442443,-0.1310029418839863,0.031448798247070905,-0.9906606627242,1.0,0.0,0.0,0.0,1.0,0.0,0.0,0.0,1.0,-0.0009931068634614348,-0.0030303520616143933,0.00552898645401001,1.2184696791468346e-07,0.0,0.0,0.0,1.2184696791468346e-07,0.0,0.0,0.0,1.2184696791468346e-07,-2.6082961559295654,0.2760278284549725,9.430817604064941,8.999999999999999e-08,0.0,0.0,0.0,8.999999999999999e-08,0.0,0.0,0.0,8.999999999999999e-08
1759811047316961568,167364,1759811047310798272,base_link,-0.020986643894363038,-0.13100335281575928,0.0314543194842258,-0.9906605362836544,1.0,0.0,0.0,0.0,1.0,0.0,0.0,0.0,1.0,-7.032649591565132e-07,-0.0009786915034055712,-0.0016818718286231158,1.2184696791468346e-07,0.0,0.0,0.0,1.2184696791468346e-07,0.0,0.0,0.0,1.2184696791468346e-07,-2.6126251220703125,0.24970023334026453,9.450308799743652,8.999999999999999e-08,0.0,0.0,0.0,8.999999999999999e-08,0.0,0.0,0.0,8.999999999999999e-08
1759811047322881216,167365,1759811047315798272,base_link,-0.02099332943820808,-0.13099859549023363,0.031473074831813164,-0.9906604941368059,1.0,0.0,0.0,0.0,1.0,0.0,0.0,0.0,1.0,0.0005862124962732196,-0.0008620009757578376,-0.0025175318587571383,1.2184696791468346e-07,0.0,0.0,0.0,1.2184696791468346e-07,0.0,0.0,0.0,1.2184696791468346e-07,-2.5245487689971924,0.35961017012596247,9.43639087677002,8.999999999999999e-08,0.0,0.0,0.0,8.999999999999999e-08,0.0,0.0,0.0,8.999999999999999e-08
1759811047329117824,167366,1759811047321798272,base_link,-0.020994794041193834,-0.13100041834143172,0.031464476874716964,-0.9906604941368059,1.0,0.0,0.0,0.0,1.0,0.0,0.0,0.0,1.0,-0.0005371649749577045,-0.0011702883057296274,0.0016509169945493343,1.2184696791468346e-07,0.0,0.0,0.0,1.2184696791468346e-07,0.0,0.0,0.0,1.2184696791468346e-07,-2.4976534843444824,0.4120577573776257,9.460609436035156,8.999999999999999e-08,0.0,0.0,0.0,8.999999999999999e-08,0.0,0.0,0.0,8.999999999999999e-08
1759811047333794400,167367,1759811047326798272,base_link,-0.020993123972321594,-0.1309941964129203,0.03145524671489303,-0.9906616321017157,1.0,0.0,0.0,0.0,1.0,0.0,0.0,0.0,1.0,0.0025912909768521786,-0.0018547675572335716,0.0029211444780230526,1.2184696791468346e-07,0.0,0.0,0.0,1.2184696791468346e-07,0.0,0.0,0.0,1.2184696791468346e-07,-2.569875478744507,0.2959152758121502,9.456604957580566,8.999999999999999e-08,0.0,0.0,0.0,8.999999999999999e-08,0.0,0.0,0.0,8.999999999999999e-08
1759811047341344704,167368,1759811047337798272,base_link,-0.021002496377759205,-0.13098920727972782,0.03146953449653823,-0.9906616742485642,1.0,0.0,0.0,0.0,1.0,0.0,0.0,0.0,1.0,0.0011178281856700778,-0.0013603458646684887,-0.0017111175693571565,1.2184696791468346e-07,0.0,0.0,0.0,1.2184696791468346e-07,0.0,0.0,0.0,1.2184696791468346e-07,-2.5506398677825928,0.31645089387893793,9.470781326293945,8.999999999999999e-08,0.0,0.0,0.0,8.999999999999999e-08,0.0,0.0,0.0,8.999999999999999e-08
1759811047348096096,167369,1759811047342798272,base_link,-0.02101288557591713,-0.13100240978002387,0.03146999811187186,-0.9906596933466841,1.0,0.0,0.0,0.0,1.0,0.0,0.0,0.0,1.0,0.0028191902674734592,0.0033467840403318405,-0.0011883670231327419,1.2184696791468346e-07,0.0,0.0,0.0,1.2184696791468346e-07,0.0,0.0,0.0,1.2184696791468346e-07,-2.493805170059204,0.40694949030876276,9.459471702575684,8.999999999999999e-08,0.0,0.0,0.0,8.999999999999999e-08,0.0,0.0,0.0,8.999999999999999e-08
1759811047356839520,167370,1759811047353798272,base_link,-0.02101868603594345,-0.131010012017824,0.031447196666827486,-0.9906592297313506,1.0,0.0,0.0,0.0,1.0,0.0,0.0,0.0,1.0,0.001024515018798411,0.001486805500462652,0.0045588575303554535,1.2184696791468346e-07,0.0,0.0,0.0,1.2184696791468346e-07,0.0,0.0,0.0,1.2184696791468346e-07,-2.5978260040283203,0.22219374775886652,9.451523780822754,8.999999999999999e-08,0.0,0.0,0.0,8.999999999999999e-08,0.0,0.0,0.0,8.999999999999999e-08
1759811047363780800,167371,1759811047358796736,base_link,-0.02102113582151314,-0.1310072145207541,0.031470208846114414,-0.9906588082628655,1.0,0.0,0.0,0.0,1.0,0.0,0.0,0.0,1.0,0.0015557847218587995,-0.0006459634751081471,-0.003480323124676943,1.2184696791468346e-07,0.0,0.0,0.0,1.2184696791468346e-07,0.0,0.0,0.0,1.2184696791468346e-07,-2.597416877746582,0.2700277268886578,9.466642379760742,8.999999999999999e-08,0.0,0.0,0.0,8.999999999999999e-08,0.0,0.0,0.0,8.999999999999999e-08
1759811047368871648,167372,1759811047363796736,base_link,-0.02102221583450624,-0.1310045329275176,0.03147374918138934,-0.9906590611439565,1.0,0.0,0.0,0.0,1.0,0.0,0.0,0.0,1.0,0.0020962469279766083,-0.0014556448440998797,-0.0038530477322638035,1.2184696791468346e-07,0.0,0.0,0.0,1.2184696791468346e-07,0.0,0.0,0.0,1.2184696791468346e-07,-2.5263283252716064,0.3888866007328045,9.446905136108398,8.999999999999999e-08,0.0,0.0,0.0,8.999999999999999e-08,0.0,0.0,0.0,8.999999999999999e-08
1759811047376877600,167373,1759811047368796736,base_link,-0.021031377505701283,-0.13100482268710112,0.031464814049505054,-0.9906591454376535,1.0,0.0,0.0,0.0,1.0,0.0,0.0,0.0,1.0,0.0012604253133758903,0.0009411641512997453,0.00392491789534688,1.2184696791468346e-07,0.0,0.0,0.0,1.2184696791468346e-07,0.0,0.0,0.0,1.2184696791468346e-07,-2.5393593311309814,0.42134124040603754,9.437172889709473,8.999999999999999e-08,0.0,0.0,0.0,8.999999999999999e-08,0.0,0.0,0.0,8.999999999999999e-08
1759811047383935840,167374,1759811047379796736,base_link,-0.02103452798262748,-0.13100149308606876,0.03146679495138502,-0.9906594404655932,1.0,0.0,0.0,0.0,1.0,0.0,0.0,0.0,1.0,0.0011560103157535195,-0.0007412615232169628,0.0002707064850255848,1.2184696791468346e-07,0.0,0.0,0.0,1.2184696791468346e-07,0.0,0.0,0.0,1.2184696791468346e-07,-2.624998092651367,0.2532626092433941,9.447100639343262,8.999999999999999e-08,0.0,0.0,0.0,8.999999999999999e-08,0.0,0.0,0.0,8.999999999999999e-08
1759811047391245536,167375,1759811047384796736,base_link,-0.021046460809112127,-0.13099854807502906,0.03148517097733579,-0.9906589347034109,1.0,0.0,0.0,0.0,1.0,0.0,0.0,0.0,1.0,0.004122961312532425,-0.0019172886386513717,-0.006131040398031473,1.2184696791468346e-07,0.0,0.0,0.0,1.2184696791468346e-07,0.0,0.0,0.0,1.2184696791468346e-07,-2.519516944885254,0.3489049077034008,9.430869102478027,8.999999999999999e-08,0.0,0.0,0.0,8.999999999999999e-08,0.0,0.0,0.0,8.999999999999999e-08
1759811047396814208,167376,1759811047390796736,base_link,-0.021051723896819922,-0.1310029576890545,0.03148909063424732,-0.9906581339132893,1.0,0.0,0.0,0.0,1.0,0.0,0.0,0.0,1.0,0.002377086319029331,-8.907960727810881e-05,-0.0017734194407239556,1.2184696791468346e-07,0.0,0.0,0.0,1.2184696791468346e-07,0.0,0.0,0.0,1.2184696791468346e-07,-2.515329599380493,0.39655703306198237,9.469911575317383,8.999999999999999e-08,0.0,0.0,0.0,8.999999999999999e-08,0.0,0.0,0.0,8.999999999999999e-08
1759811047401957824,167377,1759811047395796736,base_link,-0.02104395307162573,-0.13100717764226166,0.03147669946078512,-0.9906581339132893,1.0,0.0,0.0,0.0,1.0,0.0,0.0,0.0,1.0,-0.0016216009389609098,0.0009469839860685172,0.0020657191053032875,1.2184696791468346e-07,0.0,0.0,0.0,1.2184696791468346e-07,0.0,0.0,0.0,1.2184696791468346e-07,-2.5862152576446533,0.2848643064498913,9.423320770263672,8.999999999999999e-08,0.0,0.0,0.0,8.999999999999999e-08,0.0,0.0,0.0,8.999999999999999e-08
1759811047411840480,167378,1759811047405796736,base_link,-0.0210399491210172,-0.13099360635704116,0.031508478184562295,-0.9906589768502595,1.0,0.0,0.0,0.0,1.0,0.0,0.0,0.0,1.0,-0.0003021087613888085,-0.002422883175313473,-0.0051244753412902355,1.2184696791468346e-07,0.0,0.0,0.0,1.2184696791468346e-07,0.0,0.0,0.0,1.2184696791468346e-07,-2.5767130851745605,0.29290124773979304,9.453411102294922,8.999999999999999e-08,0.0,0.0,0.0,8.999999999999999e-08,0.0,0.0,0.0,8.999999999999999e-08
1759811047416940512,167379,1759811047411796736,base_link,-0.021038247442008568,-0.13099817402174851,0.031510079764805715,-0.9906583867943803,1.0,0.0,0.0,0.0,1.0,0.0,0.0,0.0,1.0,0.0006155383307486773,-0.0013522922527045014,-0.0026212898083031178,1.2184696791468346e-07,0.0,0.0,0.0,1.2184696791468346e-07,0.0,0.0,0.0,1.2184696791468346e-07,-2.5246424674987793,0.40884277224540827,9.49232292175293,8.999999999999999e-08,0.0,0.0,0.0,8.999999999999999e-08,0.0,0.0,0.0,8.999999999999999e-08
1759811047419864352,167380,1759811047416796736,base_link,-0.02102915425944234,-0.13099658297821723,0.03148769978824645,-0.9906595247592901,1.0,0.0,0.0,0.0,1.0,0.0,0.0,0.0,1.0,-0.002026074333116412,-0.0004957423079758878,0.00394898746162653,1.2184696791468346e-07,0.0,0.0,0.0,1.2184696791468346e-07,0.0,0.0,0.0,1.2184696791468346e-07,-2.5311923027038574,0.35652819275856135,9.47373104095459,8.999999999999999e-08,0.0,0.0,0.0,8.999999999999999e-08,0.0,0.0,0.0,8.999999999999999e-08
1759811047427355936,167381,1759811047421796736,base_link,-0.021030571447223523,-0.1310028575902893,0.031466373482899906,-0.9906593561718962,1.0,0.0,0.0,0.0,1.0,0.0,0.0,0.0,1.0,-0.002352384151890874,0.0006427303887903699,0.00734728155657649,1.2184696791468346e-07,0.0,0.0,0.0,1.2184696791468346e-07,0.0,0.0,0.0,1.2184696791468346e-07,-2.6207363605499268,0.29389280080795405,9.435454368591309,8.999999999999999e-08,0.0,0.0,0.0,8.999999999999999e-08,0.0,0.0,0.0,8.999999999999999e-08
1759811047433849728,167382,1759811047427796736,base_link,-0.021026767694145413,-0.13099782104189223,0.031491535151460956,-0.9906593140250476,1.0,0.0,0.0,0.0,1.0,0.0,0.0,0.0,1.0,-0.0006660222425125539,-0.0004941804800182587,-0.005742613226175308,1.2184696791468346e-07,0.0,0.0,0.0,1.2184696791468346e-07,0.0,0.0,0.0,1.2184696791468346e-07,-2.5989229679107666,0.2546274662017834,9.445810317993164,8.999999999999999e-08,0.0,0.0,0.0,8.999999999999999e-08,0.0,0.0,0.0,8.999999999999999e-08
1759811047437062464,167383,1759811047432796736,base_link,-0.02103029222435213,-0.1310026837345392,0.031513999421717245,-0.9906578388853496,1.0,0.0,0.0,0.0,1.0,0.0,0.0,0.0,1.0,0.001507959677837789,0.0010600341483950606,-0.007776903919875622,1.2184696791468346e-07,0.0,0.0,0.0,1.2184696791468346e-07,0.0,0.0,0.0,1.2184696791468346e-07,-2.527575969696045,0.3746358752250683,9.434755325317383,8.999999999999999e-08,0.0,0.0,0.0,8.999999999999999e-08,0.0,0.0,0.0,8.999999999999999e-08
1759811047442889824,167384,1759811047437796736,base_link,-0.021034796668786736,-0.13100608182420037,0.03150358915013507,-0.9906576281511071,1.0,0.0,0.0,0.0,1.0,0.0,0.0,0.0,1.0,0.0024214726872742176,0.0004091046866960826,0.00224409531801939,1.2184696791468346e-07,0.0,0.0,0.0,1.2184696791468346e-07,0.0,0.0,0.0,1.2184696791468346e-07,-2.49641752243042,0.4276046752929699,9.431354522705078,8.999999999999999e-08,0.0,0.0,0.0,8.999999999999999e-08,0.0,0.0,0.0,8.999999999999999e-08
1759811047453174848,167385,1759811047448796736,base_link,-0.021043800289299877,-0.13098516118227077,0.031495496955220935,-0.9906604941368059,1.0,0.0,0.0,0.0,1.0,0.0,0.0,0.0,1.0,0.0015909321373328567,-0.004256764426827431,0.00241650315001607,1.2184696791468346e-07,0.0,0.0,0.0,1.2184696791468346e-07,0.0,0.0,0.0,1.2184696791468346e-07,-2.6096529960632324,0.22202458977699396,9.442031860351562,8.999999999999999e-08,0.0,0.0,0.0,8.999999999999999e-08,0.0,0.0,0.0,8.999999999999999e-08
1759811047459099040,167386,1759811047453796736,base_link,-0.021042804570003803,-0.13098514537720257,0.0315188041624475,-0.9906597776403813,1.0,0.0,0.0,0.0,1.0,0.0,0.0,0.0,1.0,0.0015356700168922544,-0.0019784001633524903,-0.006275915075093508,1.2184696791468346e-07,0.0,0.0,0.0,1.2184696791468346e-07,0.0,0.0,0.0,1.2184696791468346e-07,-2.562619686126709,0.3388784229755413,9.476278305053711,8.999999999999999e-08,0.0,0.0,0.0,8.999999999999999e-08,0.0,0.0,0.0,8.999999999999999e-08
1759811047469148288,167387,1759811047458795712,base_link,-0.021036614251628765,-0.13098968143177356,0.03151720258220408,-0.990659356171896,1.0,0.0,0.0,0.0,1.0,0.0,0.0,0.0,1.0,-0.0016117116902023554,-0.0006530276732519268,0.00058176729362458,1.2184696791468346e-07,0.0,0.0,0.0,1.2184696791468346e-07,0.0,0.0,0.0,1.2184696791468346e-07,-2.5187649726867676,0.4329448044300091,9.440224647521973,8.999999999999999e-08,0.0,0.0,0.0,8.999999999999999e-08,0.0,0.0,0.0,8.999999999999999e-08
1759811047473047936,167388,1759811047469795712,base_link,-0.02104666100664255,-0.1310024466585163,0.03149233594158267,-0.9906581760601378,1.0,0.0,0.0,0.0,1.0,0.0,0.0,0.0,1.0,0.0013632982736453414,0.0026971157640218743,0.005572554189711809,1.2184696791468346e-07,0.0,0.0,0.0,1.2184696791468346e-07,0.0,0.0,0.0,1.2184696791468346e-07,-2.5421392917633057,0.3483098447322857,9.445058822631836,8.999999999999999e-08,0.0,0.0,0.0,8.999999999999999e-08,0.0,0.0,0.0,8.999999999999999e-08
1759811047478983264,167389,1759811047474795712,base_link,-0.02102334853105996,-0.131001018934023,0.03151227140092829,-0.9906582182069863,1.0,0.0,0.0,0.0,1.0,0.0,0.0,0.0,1.0,-0.0026900493539869785,0.0018030569190159434,-0.005847212392836809,1.2184696791468346e-07,0.0,0.0,0.0,1.2184696791468346e-07,0.0,0.0,0.0,1.2184696791468346e-07,-2.604984760284424,0.2290539294481289,9.467896461486816,8.999999999999999e-08,0.0,0.0,0.0,8.999999999999999e-08,0.0,0.0,0.0,8.999999999999999e-08
1759811047487865984,167390,1759811047479795712,base_link,-0.021021267530414747,-0.13100579733297293,0.03152993093045438,-0.9906570802420765,1.0,0.0,0.0,0.0,1.0,0.0,0.0,0.0,1.0,-0.0014135997043922544,0.0014083327259868375,-0.006581515073776245,1.2184696791468346e-07,0.0,0.0,0.0,1.2184696791468346e-07,0.0,0.0,0.0,1.2184696791468346e-07,-2.5029449462890625,0.3816546201705944,9.465620040893555,8.999999999999999e-08,0.0,0.0,0.0,8.999999999999999e-08,0.0,0.0,0.0,8.999999999999999e-08
1759811047491740960,167391,1759811047485795712,base_link,-0.021026261931963282,-0.1310065770496704,0.03152301884729856,-0.9906570802420765,1.0,0.0,0.0,0.0,1.0,0.0,0.0,0.0,1.0,0.0018873357912525535,-0.0016197866061702366,0.004103576764464378,1.2184696791468346e-07,0.0,0.0,0.0,1.2184696791468346e-07,0.0,0.0,0.0,1.2184696791468346e-07,-2.5262160301208496,0.3861024975776684,9.45832347869873,8.999999999999999e-08,0.0,0.0,0.0,8.999999999999999e-08,0.0,0.0,0.0,8.999999999999999e-08
1759811047497016928,167392,1759811047490795712,base_link,-0.02103481247385493,-0.13099874300420342,0.03150653942953084,-0.9906584710880774,1.0,0.0,0.0,0.0,1.0,0.0,0.0,0.0,1.0,0.00027998245786875486,-0.001513371127657592,0.0018708429997786882,1.2184696791468346e-07,0.0,0.0,0.0,1.2184696791468346e-07,0.0,0.0,0.0,1.2184696791468346e-07,-2.5825037956237793,0.27381801605224726,9.399548530578613,8.999999999999999e-08,0.0,0.0,0.0,8.999999999999999e-08,0.0,0.0,0.0,8.999999999999999e-08
1759811047507483200,167393,1759811047501795712,base_link,-0.02103057144722352,-0.13099851646489266,0.0315374752163378,-0.9906576281511071,1.0,0.0,0.0,0.0,1.0,0.0,0.0,0.0,1.0,0.0006755759241059422,-0.00016049214173108404,-0.005325030535459518,1.2184696791468346e-07,0.0,0.0,0.0,1.2184696791468346e-07,0.0,0.0,0.0,1.2184696791468346e-07,-2.5708320140838623,0.3513756394386303,9.471197128295898,8.999999999999999e-08,0.0,0.0,0.0,8.999999999999999e-08,0.0,0.0,0.0,8.999999999999999e-08
1759811047513856576,167394,1759811047506795712,base_link,-0.021027816097002112,-0.13100312627644856,0.031538402447005044,-0.990657038095228,1.0,0.0,0.0,0.0,1.0,0.0,0.0,0.0,1.0,-0.0013735949760302901,0.002043935004621744,8.8452245108783e-05,1.2184696791468346e-07,0.0,0.0,0.0,1.2184696791468346e-07,0.0,0.0,0.0,1.2184696791468346e-07,-2.5050668716430664,0.3882239460945141,9.482752799987793,8.999999999999999e-08,0.0,0.0,0.0,8.999999999999999e-08,0.0,0.0,0.0,8.999999999999999e-08
1759811047520941152,167395,1759811047517795712,base_link,-0.021024175662961993,-0.1310245632172724,0.03152735997269521,-0.9906546778717115,1.0,0.0,0.0,0.0,1.0,0.0,0.0,0.0,1.0,0.00030548754148185253,0.003336625639349222,0.0006387677276507016,1.2184696791468346e-07,0.0,0.0,0.0,1.2184696791468346e-07,0.0,0.0,0.0,1.2184696791468346e-07,-2.572873592376709,0.30587914586067316,9.5030517578125,8.999999999999999e-08,0.0,0.0,0.0,8.999999999999999e-08,0.0,0.0,0.0,8.999999999999999e-08
1759811047528936352,167396,1759811047522795712,base_link,-0.021032378493353425,-0.13103521056487746,0.03155395463410559,-0.9906522755013463,1.0,0.0,0.0,0.0,1.0,0.0,0.0,0.0,1.0,0.0035195546224713326,0.003111260011792182,-0.005524189677089453,1.2184696791468346e-07,0.0,0.0,0.0,1.2184696791468346e-07,0.0,0.0,0.0,1.2184696791468346e-07,-2.578911542892456,0.296732008457185,9.459182739257812,8.999999999999999e-08,0.0,0.0,0.0,8.999999999999999e-08,0.0,0.0,0.0,8.999999999999999e-08
1759811047533826560,167397,1759811047527795712,base_link,-0.02102753687413074,-0.1310360376967795,0.03156377484980861,-0.9906518961797096,1.0,0.0,0.0,0.0,1.0,0.0,0.0,0.0,1.0,-0.0004927663831040263,0.0013366925995796915,-0.003069794736802578,1.2184696791468346e-07,0.0,0.0,0.0,1.2184696791468346e-07,0.0,0.0,0.0,1.2184696791468346e-07,-2.5001988410949707,0.42488199472427485,9.475423812866211,8.999999999999999e-08,0.0,0.0,0.0,8.999999999999999e-08,0.0,0.0,0.0,8.999999999999999e-08
1759811047535019776,167398,1759811047532795712,base_link,-0.021026072271144978,-0.13103581642582482,0.031540889111067213,-0.9906526969698314,1.0,0.0,0.0,0.0,1.0,0.0,0.0,0.0,1.0,-0.00153769098687917,0.0005050337640568616,0.0017277022125199437,1.2184696791468346e-07,0.0,0.0,0.0,1.2184696791468346e-07,0.0,0.0,0.0,1.2184696791468346e-07,-2.5001988410949707,0.42488199472427485,9.475423812866211,8.999999999999999e-08,0.0,0.0,0.0,8.999999999999999e-08,0.0,0.0,0.0,8.999999999999999e-08
1759811047542367200,167399,1759811047538795712,base_link,-0.02103534984617344,-0.1310294891301921,0.031534356349547994,-0.9906535820536501,1.0,0.0,0.0,0.0,1.0,0.0,0.0,0.0,1.0,0.001396594219841063,-0.0015342606930062168,0.005027401726692915,1.2184696791468346e-07,0.0,0.0,0.0,1.2184696791468346e-07,0.0,0.0,0.0,1.2184696791468346e-07,-2.556241512298584,0.40959995985031245,9.448946952819824,8.999999999999999e-08,0.0,0.0,0.0,8.999999999999999e-08,0.0,0.0,0.0,8.999999999999999e-08
1759811047549529344,167400,1759811047543795712,base_link,-0.02103740977339441,-0.13103187569548905,0.031541479166946364,-0.9906529498509224,1.0,0.0,0.0,0.0,1.0,0.0,0.0,0.0,1.0,0.0010084501700475812,-0.0014193955576047303,-0.001389782642945647,1.2184696791468346e-07,0.0,0.0,0.0,1.2184696791468346e-07,0.0,0.0,0.0,1.2184696791468346e-07,-2.6287496089935303,0.2540890872478497,9.42988395690918,8.999999999999999e-08,0.0,0.0,0.0,8.999999999999999e-08,0.0,0.0,0.0,8.999999999999999e-08
1759811047555758336,167401,1759811047548795712,base_link,-0.02103294220745226,-0.1310179566987683,0.031555008305318356,-0.9906544249906204,1.0,0.0,0.0,0.0,1.0,0.0,0.0,0.0,1.0,0.001710163545794785,-0.0021750358864665036,-0.0024963147006928916,1.2184696791468346e-07,0.0,0.0,0.0,1.2184696791468346e-07,0.0,0.0,0.0,1.2184696791468346e-07,-2.5370824337005615,0.37231519818306086,9.467484474182129,8.999999999999999e-08,0.0,0.0,0.0,8.999999999999999e-08,0.0,0.0,0.0,8.999999999999999e-08
1759811047563066464,167402,1759811047559793920,base_link,-0.021042899400412957,-0.1310232250548322,0.0315280764691199,-0.9906543828437718,1.0,0.0,0.0,0.0,1.0,0.0,0.0,0.0,1.0,0.0011130828643217683,-0.00024393189232796366,0.005331262946128845,1.2184696791468346e-07,0.0,0.0,0.0,1.2184696791468346e-07,0.0,0.0,0.0,1.2184696791468346e-07,-2.527353525161743,0.39077523350715754,9.459813117980957,8.999999999999999e-08,0.0,0.0,0.0,8.999999999999999e-08,0.0,0.0,0.0,8.999999999999999e-08
1759811047568952448,167403,1759811047564793920,base_link,-0.021033822022914914,-0.1310269076357208,0.031539961880399967,-0.9906537084941957,1.0,0.0,0.0,0.0,1.0,0.0,0.0,0.0,1.0,-0.0028171627782285213,0.0007425597868859767,-0.0007265127496793867,1.2184696791468346e-07,0.0,0.0,0.0,1.2184696791468346e-07,0.0,0.0,0.0,1.2184696791468346e-07,-2.602395534515381,0.29679924249649164,9.42507553100586,8.999999999999999e-08,0.0,0.0,0.0,8.999999999999999e-08,0.0,0.0,0.0,8.999999999999999e-08
1759811047576857056,167404,1759811047569793920,base_link,-0.02102409663762103,-0.1310414588351692,0.03155968660550304,-0.990651348270679,1.0,0.0,0.0,0.0,1.0,0.0,0.0,0.0,1.0,-0.0020980050321668386,0.003289303742349147,-0.007191099692136049,1.2184696791468346e-07,0.0,0.0,0.0,1.2184696791468346e-07,0.0,0.0,0.0,1.2184696791468346e-07,-2.542205333709717,0.32743310928344843,9.461101531982422,8.999999999999999e-08,0.0,0.0,0.0,8.999999999999999e-08,0.0,0.0,0.0,8.999999999999999e-08
1759811047582938176,167405,1759811047575793920,base_link,-0.021020003124959406,-0.13104464619058784,0.031573679359208656,-0.9906505896274058,1.0,0.0,0.0,0.0,1.0,0.0,0.0,0.0,1.0,-0.0018976132851094007,0.0003827091422863303,-0.0011247857473790646,1.2184696791468346e-07,0.0,0.0,0.0,1.2184696791468346e-07,0.0,0.0,0.0,1.2184696791468346e-07,-2.5360519886016846,0.42344206571579096,9.472115516662598,8.999999999999999e-08,0.0,0.0,0.0,8.999999999999999e-08,0.0,0.0,0.0,8.999999999999999e-08
1759811047591265632,167406,1759811047585793920,base_link,-0.021036213856567912,-0.13104861326270392,0.03154754831313191,-0.9906505896274058,1.0,0.0,0.0,0.0,1.0,0.0,0.0,0.0,1.0,0.002894129604101181,0.0008292059646919375,0.0047139497473835945,1.2184696791468346e-07,0.0,0.0,0.0,1.2184696791468346e-07,0.0,0.0,0.0,1.2184696791468346e-07,-2.613901138305664,0.22396105527877924,9.45292854309082,8.999999999999999e-08,0.0,0.0,0.0,8.999999999999999e-08,0.0,0.0,0.0,8.999999999999999e-08
1759811047595925216,167407,1759811047591793920,base_link,-0.021034791400430672,-0.13104725402683945,0.03155905440277538,-0.9906504631868603,1.0,0.0,0.0,0.0,1.0,0.0,0.0,0.0,1.0,0.002009499818086624,0.0005010664463043211,-0.0016719831619411707,1.2184696791468346e-07,0.0,0.0,0.0,1.2184696791468346e-07,0.0,0.0,0.0,1.2184696791468346e-07,-2.5848093032836914,0.24765938520431635,9.457615852355957,8.999999999999999e-08,0.0,0.0,0.0,8.999999999999999e-08,0.0,0.0,0.0,8.999999999999999e-08
1759811047601077248,167408,1759811047596793920,base_link,-0.021017637633086735,-0.131050762751978,0.03157595528902826,-0.9906497466904356,1.0,0.0,0.0,0.0,1.0,0.0,0.0,0.0,1.0,-0.0028998367488384247,0.0005776013713330023,-0.005881852935999632,1.2184696791468346e-07,0.0,0.0,0.0,1.2184696791468346e-07,0.0,0.0,0.0,1.2184696791468346e-07,-2.498851776123047,0.383956164121629,9.491186141967773,8.999999999999999e-08,0.0,0.0,0.0,8.999999999999999e-08,0.0,0.0,0.0,8.999999999999999e-08
1759811047608912288,167409,1759811047601793920,base_link,-0.021014097297811823,-0.13106071994493868,0.031570139023933734,-0.9906487351660713,1.0,0.0,0.0,0.0,1.0,0.0,0.0,0.0,1.0,-0.001178273232653737,0.0018574232235550883,0.0020522098056972022,1.2184696791468346e-07,0.0,0.0,0.0,1.2184696791468346e-07,0.0,0.0,0.0,1.2184696791468346e-07,-2.532118320465088,0.38572886586189387,9.468762397766113,8.999999999999999e-08,0.0,0.0,0.0,8.999999999999999e-08,0.0,0.0,0.0,8.999999999999999e-08
1759811047615894432,167410,1759811047612793920,base_link,-0.021012701183454892,-0.13106034589165816,0.03156335338132351,-0.990649030194011,1.0,0.0,0.0,0.0,1.0,0.0,0.0,0.0,1.0,-0.0010918121552094817,-0.0002159897703677414,0.0015951927052810788,1.2184696791468346e-07,0.0,0.0,0.0,1.2184696791468346e-07,0.0,0.0,0.0,1.2184696791468346e-07,-2.5717945098876953,0.27438449859619257,9.434693336486816,8.999999999999999e-08,0.0,0.0,0.0,8.999999999999999e-08,0.0,0.0,0.0,8.999999999999999e-08
1759811047621616832,167411,1759811047617793920,base_link,-0.021011494729916282,-0.13106819047383725,0.03158143437933465,-0.990647386466919,1.0,0.0,0.0,0.0,1.0,0.0,0.0,0.0,1.0,0.00031223834957927465,0.0014999824343249195,-0.005332861095666885,1.2184696791468346e-07,0.0,0.0,0.0,1.2184696791468346e-07,0.0,0.0,0.0,1.2184696791468346e-07,-2.593616008758545,0.24737089872360346,9.451883316040039,8.999999999999999e-08,0.0,0.0,0.0,8.999999999999999e-08,0.0,0.0,0.0,8.999999999999999e-08
1759811047629827520,167412,1759811047622793920,base_link,-0.021013617877410014,-0.13107075616324035,0.03158400533709383,-0.9906469228515854,1.0,0.0,0.0,0.0,1.0,0.0,0.0,0.0,1.0,0.0011583507293835282,0.001731396303512156,-0.00038774858694523595,1.2184696791468346e-07,0.0,0.0,0.0,1.2184696791468346e-07,0.0,0.0,0.0,1.2184696791468346e-07,-2.5172924995422363,0.38552790880203364,9.47901439666748,8.999999999999999e-08,0.0,0.0,0.0,8.999999999999999e-08,0.0,0.0,0.0,8.999999999999999e-08
1759811047637096288,167413,1759811047633793920,base_link,-0.021013317581114372,-0.13107354312359812,0.03157279427538994,-0.9906469228515854,1.0,0.0,0.0,0.0,1.0,0.0,0.0,0.0,1.0,2.3480853997170925e-05,5.3769559599459415e-05,0.0020126337185502052,1.2184696791468346e-07,0.0,0.0,0.0,1.2184696791468346e-07,0.0,0.0,0.0,1.2184696791468346e-07,-2.5975427627563477,0.18973343074321863,9.44892692565918,8.999999999999999e-08,0.0,0.0,0.0,8.999999999999999e-08,0.0,0.0,0.0,8.999999999999999e-08
1759811047645752096,167414,1759811047638793920,base_link,-0.021014271153561925,-0.13105873377470262,0.031587629966065775,-0.9906484401381318,1.0,0.0,0.0,0.0,1.0,0.0,0.0,0.0,1.0,0.0015125070931389928,-0.0033147307112813,-0.0034137424081563945,1.2184696791468346e-07,0.0,0.0,0.0,1.2184696791468346e-07,0.0,0.0,0.0,1.2184696791468346e-07,-2.5545237064361572,0.28217476606369135,9.417677879333496,8.999999999999999e-08,0.0,0.0,0.0,8.999999999999999e-08,0.0,0.0,0.0,8.999999999999999e-08
1759811047650856992,167415,1759811047643793920,base_link,-0.02102255827765039,-0.13106584078703276,0.03159875673407264,-0.9906470071452824,1.0,0.0,0.0,0.0,1.0,0.0,0.0,0.0,1.0,0.000856054131872952,0.0013147366698831315,-0.003219698555767536,1.2184696791468346e-07,0.0,0.0,0.0,1.2184696791468346e-07,0.0,0.0,0.0,1.2184696791468346e-07,-2.5082719326019287,0.3971922099590313,9.479969024658203,8.999999999999999e-08,0.0,0.0,0.0,8.999999999999999e-08,0.0,0.0,0.0,8.999999999999999e-08
1759811047655840704,167416,1759811047649793920,base_link,-0.02101813285855674,-0.1310685171119132,0.03159841955928455,-0.9906467542641914,1.0,0.0,0.0,0.0,1.0,0.0,0.0,0.0,1.0,0.000399942509829998,0.0010379285085946324,0.001497834571637213,1.2184696791468346e-07,0.0,0.0,0.0,1.2184696791468346e-07,0.0,0.0,0.0,1.2184696791468346e-07,-2.5152196884155273,0.3597519695758831,9.445404052734375,8.999999999999999e-08,0.0,0.0,0.0,8.999999999999999e-08,0.0,0.0,0.0,8.999999999999999e-08
1759811047664067936,167417,1759811047660791872,base_link,-0.021017263579806197,-0.1310736326856512,0.03159272973473562,-0.9906462063551608,1.0,0.0,0.0,0.0,1.0,0.0,0.0,0.0,1.0,-0.0003284446429461241,0.0007731245132163168,0.0005346386460587381,1.2184696791468346e-07,0.0,0.0,0.0,1.2184696791468346e-07,0.0,0.0,0.0,1.2184696791468346e-07,-2.611006736755371,0.21850009262561915,9.434476852416992,8.999999999999999e-08,0.0,0.0,0.0,8.999999999999999e-08,0.0,0.0,0.0,8.999999999999999e-08
1759811047675352640,167418,1759811047670791872,base_link,-0.021007553999580503,-0.13107004493517171,0.031591886797765395,-0.990646964998434,1.0,0.0,0.0,0.0,1.0,0.0,0.0,0.0,1.0,-0.0014677796280011535,-0.00045583734754472966,0.00025849009398370987,1.2184696791468346e-07,0.0,0.0,0.0,1.2184696791468346e-07,0.0,0.0,0.0,1.2184696791468346e-07,-2.50089955329895,0.4182149767875683,9.486551284790039,8.999999999999999e-08,0.0,0.0,0.0,8.999999999999999e-08,0.0,0.0,0.0,8.999999999999999e-08
1759811047680974368,167419,1759811047675791872,base_link,-0.021010188177612445,-0.13107295306771896,0.031576882519695516,-0.990646964998434,1.0,0.0,0.0,0.0,1.0,0.0,0.0,0.0,1.0,-0.0014678991865366697,0.00014501006808131985,0.004250383470207453,1.2184696791468346e-07,0.0,0.0,0.0,1.2184696791468346e-07,0.0,0.0,0.0,1.2184696791468346e-07,-2.5786309242248535,0.2844392955303204,9.470968246459961,8.999999999999999e-08,0.0,0.0,0.0,8.999999999999999e-08,0.0,0.0,0.0,8.999999999999999e-08
1759811047686791360,167420,1759811047681791872,base_link,-0.02099745982936214,-0.13107217335102153,0.03157633461066487,-0.9906473443200705,1.0,0.0,0.0,0.0,1.0,0.0,0.0,0.0,1.0,-0.0028465627692639828,0.00015211012214422234,0.0007483145454898477,1.2184696791468346e-07,0.0,0.0,0.0,1.2184696791468346e-07,0.0,0.0,0.0,1.2184696791468346e-07,-2.618342876434326,0.23610323667526362,9.449117660522461,8.999999999999999e-08,0.0,0.0,0.0,8.999999999999999e-08,0.0,0.0,0.0,8.999999999999999e-08
1759811047692881728,167421,1759811047686791872,base_link,-0.020998323839756618,-0.1310811822398907,0.03159146532928029,-0.9906457005929786,1.0,0.0,0.0,0.0,1.0,0.0,0.0,0.0,1.0,-0.001752487733028829,0.0010294807143509384,-0.003228383604437113,1.2184696791468346e-07,0.0,0.0,0.0,1.2184696791468346e-07,0.0,0.0,0.0,1.2184696791468346e-07,-2.542175531387329,0.3106532990932476,9.450335502624512,8.999999999999999e-08,0.0,0.0,0.0,8.999999999999999e-08,0.0,0.0,0.0,8.999999999999999e-08
1759811047697780832,167422,1759811047691791872,base_link,-0.020993450610397545,-0.13107499192151567,0.03159538498619176,-0.9906465013831003,1.0,0.0,0.0,0.0,1.0,0.0,0.0,0.0,1.0,-0.0004897848702967167,-0.0017241922905668618,-0.0016997711500152943,1.2184696791468346e-07,0.0,0.0,0.0,1.2184696791468346e-07,0.0,0.0,0.0,1.2184696791468346e-07,-2.5027682781219482,0.41787460446357844,9.474902153015137,8.999999999999999e-08,0.0,0.0,0.0,8.999999999999999e-08,0.0,0.0,0.0,8.999999999999999e-08
1759811047712791328,167423,1759811047702791872,base_link,-0.02099003144731211,-0.13106325929256146,0.03158489042091255,-0.9906483979912832,1.0,0.0,0.0,0.0,1.0,0.0,0.0,0.0,1.0,0.0010647975141182542,-0.0021081268787384033,-0.0005292195128276942,1.2184696791468346e-07,0.0,0.0,0.0,1.2184696791468346e-07,0.0,0.0,0.0,1.2184696791468346e-07,-2.6099789142608643,0.2414799630641949,9.423084259033203,8.999999999999999e-08,0.0,0.0,0.0,8.999999999999999e-08,0.0,0.0,0.0,8.999999999999999e-08
1759811047715832064,167424,1759811047711791872,base_link,-0.020989262267326777,-0.13106512429060807,0.031598208825041996,-0.9906478079354041,1.0,0.0,0.0,0.0,1.0,0.0,0.0,0.0,1.0,0.0010238458635285497,-0.0005040110554546124,-0.004893932491540909,1.2184696791468346e-07,0.0,0.0,0.0,1.2184696791468346e-07,0.0,0.0,0.0,1.2184696791468346e-07,-2.6083056926727295,0.2776595056056988,9.417617797851562,8.999999999999999e-08,0.0,0.0,0.0,8.999999999999999e-08,0.0,0.0,0.0,8.999999999999999e-08
1759811047724771104,167425,1759811047718791872,base_link,-0.020983572442777803,-0.1310683590612313,0.031591212448189215,-0.9906477236417072,1.0,0.0,0.0,0.0,1.0,0.0,0.0,0.0,1.0,-0.001983451656997204,0.001043917494826019,0.002582086715847254,1.2184696791468346e-07,0.0,0.0,0.0,1.2184696791468346e-07,0.0,0.0,0.0,1.2184696791468346e-07,-2.5159623622894287,0.3731298744678509,9.423933029174805,8.999999999999999e-08,0.0,0.0,0.0,8.999999999999999e-08,0.0,0.0,0.0,8.999999999999999e-08
1759811047728783264,167426,1759811047723791872,base_link,-0.02098041669749556,-0.13106880687149672,0.03158678702909555,-0.9906478500822526,1.0,0.0,0.0,0.0,1.0,0.0,0.0,0.0,1.0,0.00024108472280204296,-0.002066368237137794,0.002284904941916466,1.2184696791468346e-07,0.0,0.0,0.0,1.2184696791468346e-07,0.0,0.0,0.0,1.2184696791468346e-07,-2.6063594818115234,0.2696715891361248,9.446267127990723,8.999999999999999e-08,0.0,0.0,0.0,8.999999999999999e-08,0.0,0.0,0.0,8.999999999999999e-08
1759811047736327616,167427,1759811047728791872,base_link,-0.020994225058738936,-0.1310577169819823,0.03159062239231006,-0.9906489037534654,1.0,0.0,0.0,0.0,1.0,0.0,0.0,0.0,1.0,0.001423496869392693,-0.0009335997747257355,-0.002704234328120947,1.2184696791468346e-07,0.0,0.0,0.0,1.2184696791468346e-07,0.0,0.0,0.0,1.2184696791468346e-07,-2.5909459590911865,0.24406637251377222,9.45942497253418,8.999999999999999e-08,0.0,0.0,0.0,8.999999999999999e-08,0.0,0.0,0.0,8.999999999999999e-08
1759811047742977792,167428,1759811047739791872,base_link,-0.02099080062729743,-0.13106701036207893,0.031604067236985035,-0.9906473443200705,1.0,0.0,0.0,0.0,1.0,0.0,0.0,0.0,1.0,0.00024329184088855982,0.0007010145345702764,-0.0024131862446665764,1.2184696791468346e-07,0.0,0.0,0.0,1.2184696791468346e-07,0.0,0.0,0.0,1.2184696791468346e-07,-2.5236666202545166,0.4027232229709637,9.475186347961426,8.999999999999999e-08,0.0,0.0,0.0,8.999999999999999e-08,0.0,0.0,0.0,8.999999999999999e-08
1759811047749220608,167429,1759811047744791872,base_link,-0.020998803260158436,-0.1310667206024954,0.031579369183757665,-0.9906479343759497,1.0,0.0,0.0,0.0,1.0,0.0,0.0,0.0,1.0,0.001884965575300157,7.760617882013406e-05,0.006932704243808985,1.2184696791468346e-07,0.0,0.0,0.0,1.2184696791468346e-07,0.0,0.0,0.0,1.2184696791468346e-07,-2.589785575866699,0.3339985311031353,9.457085609436035,8.999999999999999e-08,0.0,0.0,0.0,8.999999999999999e-08,0.0,0.0,0.0,8.999999999999999e-08
1759811047755837344,167430,1759811047749791872,base_link,-0.021001890516811863,-0.13106038803850667,0.03158172940727428,-0.9906486930192229,1.0,0.0,0.0,0.0,1.0,0.0,0.0,0.0,1.0,0.001563791767694056,-0.0014063030248507853,0.0027828169986605644,1.2184696791468346e-07,0.0,0.0,0.0,1.2184696791468346e-07,0.0,0.0,0.0,1.2184696791468346e-07,-2.6185688972473145,0.21893806755542872,9.434248924255371,8.999999999999999e-08,0.0,0.0,0.0,8.999999999999999e-08,0.0,0.0,0.0,8.999999999999999e-08
1759811047759196512,167431,1759811047755791872,base_link,-0.02099835018153694,-0.13105564651804918,0.031609504180442956,-0.9906484822849803,1.0,0.0,0.0,0.0,1.0,0.0,0.0,0.0,1.0,0.0009078084258362651,-0.002405039500445128,-0.004737439099699259,1.2184696791468346e-07,0.0,0.0,0.0,1.2184696791468346e-07,0.0,0.0,0.0,1.2184696791468346e-07,-2.5973825454711914,0.2641358077526104,9.500786781311035,8.999999999999999e-08,0.0,0.0,0.0,8.999999999999999e-08,0.0,0.0,0.0,8.999999999999999e-08
1759811047768747872,167432,1759811047760791104,base_link,-0.020994804577905965,-0.13106145751478762,0.0316073546911689,-0.9906478500822526,1.0,0.0,0.0,0.0,1.0,0.0,0.0,0.0,1.0,-0.0008457719814032316,0.00020232901442795973,-0.0015287748537957668,1.2184696791468346e-07,0.0,0.0,0.0,1.2184696791468346e-07,0.0,0.0,0.0,1.2184696791468346e-07,-2.516111373901367,0.3998948037624371,9.475746154785156,8.999999999999999e-08,0.0,0.0,0.0,8.999999999999999e-08,0.0,0.0,0.0,8.999999999999999e-08
1759811047770791040,167433,1759811047765791104,base_link,-0.020996627429104055,-0.13106632547579064,0.031587587819217264,-0.9906478079354041,1.0,0.0,0.0,0.0,1.0,0.0,0.0,0.0,1.0,-0.00025135488249361515,0.0010689047630876307,0.004271831829100847,1.2184696791468346e-07,0.0,0.0,0.0,1.2184696791468346e-07,0.0,0.0,0.0,1.2184696791468346e-07,-2.5402798652648926,0.35816204547882197,9.441539764404297,8.999999999999999e-08,0.0,0.0,0.0,8.999999999999999e-08,0.0,0.0,0.0,8.999999999999999e-08
1759811047777766336,167434,1759811047770791104,base_link,-0.020997844419354806,-0.1310633277811903,0.03157068693296438,-0.9906486930192229,1.0,0.0,0.0,0.0,1.0,0.0,0.0,0.0,1.0,-0.000511014019139111,0.0004884248482994741,0.00409791711717844,1.2184696791468346e-07,0.0,0.0,0.0,1.2184696791468346e-07,0.0,0.0,0.0,1.2184696791468346e-07,-2.6329731941223145,0.21831843256950495,9.454305648803711,8.999999999999999e-08,0.0,0.0,0.0,8.999999999999999e-08,0.0,0.0,0.0,8.999999999999999e-08
1759811047783127328,167435,1759811047776791104,base_link,-0.020994746625989266,-0.13107071401639184,0.03159374125909988,-0.990647049292131,1.0,0.0,0.0,0.0,1.0,0.0,0.0,0.0,1.0,-0.0015216865576803684,0.0016193613409996026,-0.004782762844115496,1.2184696791468346e-07,0.0,0.0,0.0,1.2184696791468346e-07,0.0,0.0,0.0,1.2184696791468346e-07,-2.596226453781128,0.23116144537925837,9.48054027557373,8.999999999999999e-08,0.0,0.0,0.0,8.999999999999999e-08,0.0,0.0,0.0,8.999999999999999e-08
1759811047788762720,167436,1759811047781791104,base_link,-0.020985416367400155,-0.1310703715732477,0.03159909390886073,-0.9906470914389794,1.0,0.0,0.0,0.0,1.0,0.0,0.0,0.0,1.0,-0.0010709287598729134,-0.0027097035199403763,-0.001277001108974218,1.2184696791468346e-07,0.0,0.0,0.0,1.2184696791468346e-07,0.0,0.0,0.0,1.2184696791468346e-07,-2.5268726348876953,0.3509998023509991,9.46917724609375,8.999999999999999e-08,0.0,0.0,0.0,8.999999999999999e-08,0.0,0.0,0.0,8.999999999999999e-08
1759811047795877312,167437,1759811047792791104,base_link,-0.020977961643569788,-0.1310564156980345,0.03158206658206236,-0.9906497045435871,1.0,0.0,0.0,0.0,1.0,0.0,0.0,0.0,1.0,-0.0018566513899713755,-0.003130989149212837,0.0032167057506740098,1.2184696791468346e-07,0.0,0.0,0.0,1.2184696791468346e-07,0.0,0.0,0.0,1.2184696791468346e-07,-2.5750198364257812,0.2922272682189953,9.44406509399414,8.999999999999999e-08,0.0,0.0,0.0,8.999999999999999e-08,0.0,0.0,0.0,8.999999999999999e-08
1759811047801836640,167438,1759811047797791104,base_link,-0.020970991608497302,-0.1310653982451234,0.03159125459503773,-0.9906483558444348,1.0,0.0,0.0,0.0,1.0,0.0,0.0,0.0,1.0,-0.0023047407157719135,0.0017949340399354694,-0.0022501440253108744,1.2184696791468346e-07,0.0,0.0,0.0,1.2184696791468346e-07,0.0,0.0,0.0,1.2184696791468346e-07,-2.6197292804718018,0.230832487344743,9.441513061523438,8.999999999999999e-08,0.0,0.0,0.0,8.999999999999999e-08,0.0,0.0,0.0,8.999999999999999e-08
1759811047807785760,167439,1759811047802791104,base_link,-0.020969985352489104,-0.13107908016582123,0.031609504180442914,-0.9906459534740697,1.0,0.0,0.0,0.0,1.0,0.0,0.0,0.0,1.0,-0.00045928056351840496,0.003683142364025115,-0.0055401972495019445,1.2184696791468346e-07,0.0,0.0,0.0,1.2184696791468346e-07,0.0,0.0,0.0,1.2184696791468346e-07,-2.5577473640441895,0.33592125773429987,9.479862213134766,8.999999999999999e-08,0.0,0.0,0.0,8.999999999999999e-08,0.0,0.0,0.0,8.999999999999999e-08
1759811047816890816,167440,1759811047813791104,base_link,-0.020975206293348394,-0.1310971348220521,0.031592519000493015,-0.9906439725721896,1.0,0.0,0.0,0.0,1.0,0.0,0.0,0.0,1.0,0.0005098864203318954,0.004189333412796259,0.0029270574450492855,1.2184696791468346e-07,0.0,0.0,0.0,1.2184696791468346e-07,0.0,0.0,0.0,1.2184696791468346e-07,-2.5593371391296387,0.3278229534626019,9.43867015838623,8.999999999999999e-08,0.0,0.0,0.0,8.999999999999999e-08,0.0,0.0,0.0,8.999999999999999e-08
1759811047822223008,167441,1759811047818791104,base_link,-0.020970917851512408,-0.13109171895201846,0.03158855719673303,-0.9906449840965539,1.0,0.0,0.0,0.0,1.0,0.0,0.0,0.0,1.0,-0.0002272096462547779,0.0004734329995699233,0.004792271181941032,1.2184696791468346e-07,0.0,0.0,0.0,1.2184696791468346e-07,0.0,0.0,0.0,1.2184696791468346e-07,-2.6006975173950195,0.22587002813816187,9.474970817565918,8.999999999999999e-08,0.0,0.0,0.0,8.999999999999999e-08,0.0,0.0,0.0,8.999999999999999e-08
1759811047830991648,167442,1759811047823791104,base_link,-0.02096826260005622,-0.13109333106897397,0.031600021139527985,-0.9906443940406747,1.0,0.0,0.0,0.0,1.0,0.0,0.0,0.0,1.0,-0.0013518242631107569,-0.0009226388065144424,-0.0034214328043162823,1.2184696791468346e-07,0.0,0.0,0.0,1.2184696791468346e-07,0.0,0.0,0.0,1.2184696791468346e-07,-2.603402853012085,0.2543910145759594,9.451653480529785,8.999999999999999e-08,0.0,0.0,0.0,8.999999999999999e-08,0.0,0.0,0.0,8.999999999999999e-08
1759811047835975456,167443,1759811047833791104,base_link,-0.020968826314155052,-0.1310972665309537,0.031610515704807184,-0.9906435932505531,1.0,0.0,0.0,0.0,1.0,0.0,0.0,0.0,1.0,-0.00030274922028183937,-0.0007322180317714811,-0.001043921336531639,1.2184696791468346e-07,0.0,0.0,0.0,1.2184696791468346e-07,0.0,0.0,0.0,1.2184696791468346e-07,-2.5231401920318604,0.41145518422126887,9.441998481750488,8.999999999999999e-08,0.0,0.0,0.0,8.999999999999999e-08,0.0,0.0,0.0,8.999999999999999e-08
1759811047842936992,167444,1759811047839791104,base_link,-0.020964490457114505,-0.13109740877656742,0.031589062958915164,-0.9906443097469777,1.0,0.0,0.0,0.0,1.0,0.0,0.0,0.0,1.0,-0.0010545452823862433,0.0001343222102150326,0.003991339821368456,1.2184696791468346e-07,0.0,0.0,0.0,1.2184696791468346e-07,0.0,0.0,0.0,1.2184696791468346e-07,-2.589681386947632,0.33115059137344477,9.459035873413086,8.999999999999999e-08,0.0,0.0,0.0,8.999999999999999e-08,0.0,0.0,0.0,8.999999999999999e-08
1759811047850007040,167445,1759811047844791104,base_link,-0.020970949461648788,-0.1311002536888419,0.03159934678995181,-0.9906434668100075,1.0,0.0,0.0,0.0,1.0,0.0,0.0,0.0,1.0,0.0012741308892145753,0.0001214289804920553,-0.0010171036701649427,1.2184696791468346e-07,0.0,0.0,0.0,1.2184696791468346e-07,0.0,0.0,0.0,1.2184696791468346e-07,-2.6097774505615234,0.26735362410545466,9.444133758544922,8.999999999999999e-08,0.0,0.0,0.0,8.999999999999999e-08,0.0,0.0,0.0,8.999999999999999e-08
1759811047857320960,167446,1759811047850791104,base_link,-0.020969347881405382,-0.1310916241216093,0.03161473038965829,-0.9906441833064322,1.0,0.0,0.0,0.0,1.0,0.0,0.0,0.0,1.0,0.001135291182436049,-0.0014014596818014986,-0.0044950260780751705,1.2184696791468346e-07,0.0,0.0,0.0,1.2184696791468346e-07,0.0,0.0,0.0,1.2184696791468346e-07,-2.564635992050171,0.35239234566688654,9.456631660461426,8.999999999999999e-08,0.0,0.0,0.0,8.999999999999999e-08,0.0,0.0,0.0,8.999999999999999e-08
1759811047868499232,167447,1759811047855789312,base_link,-0.020973146366127425,-0.13109113416449536,0.03161119005438336,-0.9906442676001292,1.0,0.0,0.0,0.0,1.0,0.0,0.0,0.0,1.0,-0.0006870775250717998,-0.0033367197029292583,0.00068511615972966,1.2184696791468346e-07,0.0,0.0,0.0,1.2184696791468346e-07,0.0,0.0,0.0,1.2184696791468346e-07,-2.535656213760376,0.46392831206321833,9.458102226257324,8.999999999999999e-08,0.0,0.0,0.0,8.999999999999999e-08,0.0,0.0,0.0,8.999999999999999e-08
1759811047868506464,167448,1759811047861789312,base_link,-0.020966065695577595,-0.13107636169409229,0.03160769186595699,-0.9906465013831003,1.0,0.0,0.0,0.0,1.0,0.0,0.0,0.0,1.0,-0.0005132464575581253,-0.003630977123975754,0.000613988959230483,1.2184696791468346e-07,0.0,0.0,0.0,1.2184696791468346e-07,0.0,0.0,0.0,1.2184696791468346e-07,-2.560832977294922,0.3174861967563641,9.442398071289062,8.999999999999999e-08,0.0,0.0,0.0,8.999999999999999e-08,0.0,0.0,0.0,8.999999999999999e-08
1759811047872064640,167449,1759811047866789312,base_link,-0.020965765399281956,-0.13107226818143067,0.03159686012588964,-0.990647386466919,1.0,0.0,0.0,0.0,1.0,0.0,0.0,0.0,1.0,0.0009390037739649415,-0.0023236107081174846,0.0037455018609762196,1.2184696791468346e-07,0.0,0.0,0.0,1.2184696791468346e-07,0.0,0.0,0.0,1.2184696791468346e-07,-2.630753755569458,0.26053026318550226,9.435933113098145,8.999999999999999e-08,0.0,0.0,0.0,8.999999999999999e-08,0.0,0.0,0.0,8.999999999999999e-08
1759811047886018912,167450,1759811047876789312,base_link,-0.020971091707262517,-0.13105870216456622,0.03162488778014939,-0.9906481872570407,1.0,0.0,0.0,0.0,1.0,0.0,0.0,0.0,1.0,0.0015361801488325,-0.003289542626589537,-0.004898492246866226,1.2184696791468346e-07,0.0,0.0,0.0,1.2184696791468346e-07,0.0,0.0,0.0,1.2184696791468346e-07,-2.4842398166656494,0.41406670212745783,9.493077278137207,8.999999999999999e-08,0.0,0.0,0.0,8.999999999999999e-08,0.0,0.0,0.0,8.999999999999999e-08
1759811047887972000,167451,1759811047881789312,base_link,-0.02095842657928499,-0.13106021945111263,0.03161565762032552,-0.9906485665786773,1.0,0.0,0.0,0.0,1.0,0.0,0.0,0.0,1.0,-0.0034470660611987114,-0.0010851420229300854,0.001751426490955055,1.2184696791468346e-07,0.0,0.0,0.0,1.2184696791468346e-07,0.0,0.0,0.0,1.2184696791468346e-07,-2.511831283569336,0.3573541641235363,9.457051277160645,8.999999999999999e-08,0.0,0.0,0.0,8.999999999999999e-08,0.0,0.0,0.0,8.999999999999999e-08
1759811047895737984,167452,1759811047892789312,base_link,-0.020952373238167614,-0.13106109926657528,0.03161991445202513,-0.9906483558444348,1.0,0.0,0.0,0.0,1.0,0.0,0.0,0.0,1.0,-0.0010165015701204538,-0.000174455111846328,-0.0017374145099893212,1.2184696791468346e-07,0.0,0.0,0.0,1.2184696791468346e-07,0.0,0.0,0.0,1.2184696791468346e-07,-2.584357500076294,0.21831919252872584,9.437713623046875,8.999999999999999e-08,0.0,0.0,0.0,8.999999999999999e-08,0.0,0.0,0.0,8.999999999999999e-08
1759811047903845728,167453,1759811047897789312,base_link,-0.02094953886260526,-0.13106201596053038,0.031636815338278015,-0.9906478079354041,1.0,0.0,0.0,0.0,1.0,0.0,0.0,0.0,1.0,0.0008342809742316604,-0.0009659904753789312,-0.005129617173224688,1.2184696791468346e-07,0.0,0.0,0.0,1.2184696791468346e-07,0.0,0.0,0.0,1.2184696791468346e-07,-2.544063091278076,0.3572164475917828,9.458660125732422,8.999999999999999e-08,0.0,0.0,0.0,8.999999999999999e-08,0.0,0.0,0.0,8.999999999999999e-08
1759811047910540576,167454,1759811047903789312,base_link,-0.020946715023755027,-0.13106200542381827,0.03163428652736735,-0.9906479765227982,1.0,0.0,0.0,0.0,1.0,0.0,0.0,0.0,1.0,-0.0007692079525440931,0.0005899929674342275,-0.00015056226402521142,1.2184696791468346e-07,0.0,0.0,0.0,1.2184696791468346e-07,0.0,0.0,0.0,1.2184696791468346e-07,-2.502662420272827,0.3712843060493481,9.477642059326172,8.999999999999999e-08,0.0,0.0,0.0,8.999999999999999e-08,0.0,0.0,0.0,8.999999999999999e-08
1759811047920046944,167455,1759811047913789312,base_link,-0.020946736097179286,-0.13106462906513808,0.0316299032551222,-0.9906477236417071,1.0,0.0,0.0,0.0,1.0,0.0,0.0,0.0,1.0,0.0002703918144106865,-5.633407272398463e-05,0.0007319470169022679,1.2184696791468346e-07,0.0,0.0,0.0,1.2184696791468346e-07,0.0,0.0,0.0,1.2184696791468346e-07,-2.6179399490356445,0.2502709627151501,9.43381118774414,8.999999999999999e-08,0.0,0.0,0.0,8.999999999999999e-08,0.0,0.0,0.0,8.999999999999999e-08
1759811047923937792,167456,1759811047918789312,base_link,-0.020947326153058436,-0.13105808576690675,0.03165426413356148,-0.9906478079354041,1.0,0.0,0.0,0.0,1.0,0.0,0.0,0.0,1.0,0.0007276021642610431,-0.002546938136219979,-0.005958689376711845,1.2184696791468346e-07,0.0,0.0,0.0,1.2184696791468346e-07,0.0,0.0,0.0,1.2184696791468346e-07,-2.598524332046509,0.35503116250038264,9.421934127807617,8.999999999999999e-08,0.0,0.0,0.0,8.999999999999999e-08,0.0,0.0,0.0,8.999999999999999e-08
1759811047930098272,167457,1759811047924789312,base_link,-0.020937590231052426,-0.13105140549141778,0.03165346334343977,-0.9906489459003139,1.0,0.0,0.0,0.0,1.0,0.0,0.0,0.0,1.0,-0.002480535302311182,-0.0024990662932395935,-0.0007388330996036526,1.2184696791468346e-07,0.0,0.0,0.0,1.2184696791468346e-07,0.0,0.0,0.0,1.2184696791468346e-07,-2.484832525253296,0.4279632270336163,9.472391128540039,8.999999999999999e-08,0.0,0.0,0.0,8.999999999999999e-08,0.0,0.0,0.0,8.999999999999999e-08
1759811047936753984,167458,1759811047929789312,base_link,-0.02093684212449136,-0.1310543768442378,0.03163243206603286,-0.9906492409282535,1.0,0.0,0.0,0.0,1.0,0.0,0.0,0.0,1.0,-0.001280832220800221,0.001608001883141697,0.005425380077213049,1.2184696791468346e-07,0.0,0.0,0.0,1.2184696791468346e-07,0.0,0.0,0.0,1.2184696791468346e-07,-2.5496673583984375,0.329630881547929,9.476269721984863,8.999999999999999e-08,0.0,0.0,0.0,8.999999999999999e-08,0.0,0.0,0.0,8.999999999999999e-08
1759811047942092384,167459,1759811047938789312,base_link,-0.020929613939971736,-0.13106071994493868,0.03162960822718262,-0.9906486087255258,1.0,0.0,0.0,0.0,1.0,0.0,0.0,0.0,1.0,-0.0007318784482777119,-0.0009769528405740857,0.0002581157023087145,1.2184696791468346e-07,0.0,0.0,0.0,1.2184696791468346e-07,0.0,0.0,0.0,1.2184696791468346e-07,-2.5995306968688965,0.2364750504493725,9.414769172668457,8.999999999999999e-08,0.0,0.0,0.0,8.999999999999999e-08,0.0,0.0,0.0,8.999999999999999e-08
1759811047947911104,167460,1759811047940789312,base_link,-0.020929440084221634,-0.13105346541863874,0.03163959703027969,-0.9906492409282535,1.0,0.0,0.0,0.0,1.0,0.0,0.0,0.0,1.0,-0.002863259520381689,0.00043133553117513613,-0.003723159898072481,1.2184696791468346e-07,0.0,0.0,0.0,1.2184696791468346e-07,0.0,0.0,0.0,1.2184696791468346e-07,-2.5792155265808105,0.26453596353531,9.437504768371582,8.999999999999999e-08,0.0,0.0,0.0,8.999999999999999e-08,0.0,0.0,0.0,8.999999999999999e-08
1759811047960774464,167461,1759811047956789312,base_link,-0.02089633900307238,-0.1310641549130923,0.031625772863968116,-0.9906489880471624,1.0,0.0,0.0,0.0,1.0,0.0,0.0,0.0,1.0,-0.0036882273852825165,-9.008171036839451e-05,0.0027277758345007896,1.2184696791468346e-07,0.0,0.0,0.0,1.2184696791468346e-07,0.0,0.0,0.0,1.2184696791468346e-07,-2.522611141204834,0.3846793174743664,9.456143379211426,8.999999999999999e-08,0.0,0.0,0.0,8.999999999999999e-08,0.0,0.0,0.0,8.999999999999999e-08
1759811047966754272,167462,1759811047961787776,base_link,-0.020892619543691295,-0.13106509268047167,0.031631884157002216,-0.9906487773129199,1.0,0.0,0.0,0.0,1.0,0.0,0.0,0.0,1.0,-0.002136640250682831,-0.0013024002546444537,-0.0023366459645330906,1.2184696791468346e-07,0.0,0.0,0.0,1.2184696791468346e-07,0.0,0.0,0.0,1.2184696791468346e-07,-2.607832431793213,0.24260041117668268,9.462156295776367,8.999999999999999e-08,0.0,0.0,0.0,8.999999999999999e-08,0.0,0.0,0.0,8.999999999999999e-08
1759811047976807616,167463,1759811047972787776,base_link,-0.020879143088879934,-0.13105680028802716,0.031642715897069504,-0.9906497466904356,1.0,0.0,0.0,0.0,1.0,0.0,0.0,0.0,1.0,-0.0018608423415571451,-0.0014557124814018607,-0.0006674386095255611,1.2184696791468346e-07,0.0,0.0,0.0,1.2184696791468346e-07,0.0,0.0,0.0,1.2184696791468346e-07,-2.503272533416748,0.4226936101913464,9.484596252441406,8.999999999999999e-08,0.0,0.0,0.0,8.999999999999999e-08,0.0,0.0,0.0,8.999999999999999e-08
1759811047982040192,167464,1759811047977787776,base_link,-0.020877077893302905,-0.13105451382149547,0.03162433987111879,-0.9906506739211028,1.0,0.0,0.0,0.0,1.0,0.0,0.0,0.0,1.0,-0.0027990229427814484,-0.0009167137322947376,0.004897128324955702,1.2184696791468346e-07,0.0,0.0,0.0,1.2184696791468346e-07,0.0,0.0,0.0,1.2184696791468346e-07,-2.570823907852173,0.3273341059684765,9.491432189941406,8.999999999999999e-08,0.0,0.0,0.0,8.999999999999999e-08,0.0,0.0,0.0,8.999999999999999e-08
1759811047992765376,167465,1759811047982787776,base_link,-0.02087100347876127,-0.13106328563434178,0.03162745873790855,-0.9906495781030416,1.0,0.0,0.0,0.0,1.0,0.0,0.0,0.0,1.0,-0.0009137747110798955,0.0011180990841239686,-0.002658630022779107,1.2184696791468346e-07,0.0,0.0,0.0,1.2184696791468346e-07,0.0,0.0,0.0,1.2184696791468346e-07,-2.638136148452759,0.23570573329925654,9.435171127319336,8.999999999999999e-08,0.0,0.0,0.0,8.999999999999999e-08,0.0,0.0,0.0,8.999999999999999e-08
1759811048001132928,167466,1759811047993787776,base_link,-0.020864465448886017,-0.1310736590274315,0.03167428388660418,-0.9906468385578884,1.0,0.0,0.0,0.0,1.0,0.0,0.0,0.0,1.0,0.0005946180317550898,0.002230543876066803,-0.007881943136453629,1.2184696791468346e-07,0.0,0.0,0.0,1.2184696791468346e-07,0.0,0.0,0.0,1.2184696791468346e-07,-2.5224061012268066,0.3941527903079998,9.434676170349121,8.999999999999999e-08,0.0,0.0,0.0,8.999999999999999e-08,0.0,0.0,0.0,8.999999999999999e-08
1759811048004851008,167467,1759811047998787776,base_link,-0.020865466436538162,-0.13107510255699303,0.03165527565792575,-0.9906472178795249,1.0,0.0,0.0,0.0,1.0,0.0,0.0,0.0,1.0,4.466273821890354e-06,-0.001599300769157707,0.005408344324678183,1.2184696791468346e-07,0.0,0.0,0.0,1.2184696791468346e-07,0.0,0.0,0.0,1.2184696791468346e-07,-2.536607503890991,0.39843627810478327,9.475550651550293,8.999999999999999e-08,0.0,0.0,0.0,8.999999999999999e-08,0.0,0.0,0.0,8.999999999999999e-08
1759811048011934752,167468,1759811048008787776,base_link,-0.020877952440409502,-0.13107365902743154,0.031661218363565814,-0.9906470071452824,1.0,0.0,0.0,0.0,1.0,0.0,0.0,0.0,1.0,0.0022120485082268715,9.883078746497634e-05,0.0002457605442032218,1.2184696791468346e-07,0.0,0.0,0.0,1.2184696791468346e-07,0.0,0.0,0.0,1.2184696791468346e-07,-2.571768283843994,0.2743678987026226,9.44314193725586,8.999999999999999e-08,0.0,0.0,0.0,8.999999999999999e-08,0.0,0.0,0.0,8.999999999999999e-08
1759811048019906112,167469,1759811048014787776,base_link,-0.0208762771031812,-0.13107150953815747,0.031674326033452695,-0.9906468807047369,1.0,0.0,0.0,0.0,1.0,0.0,0.0,0.0,1.0,0.0019206787692382932,0.0004093006136827165,-0.004747126717120409,1.2184696791468346e-07,0.0,0.0,0.0,1.2184696791468346e-07,0.0,0.0,0.0,1.2184696791468346e-07,-2.523665189743042,0.37497699260711786,9.451739311218262,8.999999999999999e-08,0.0,0.0,0.0,8.999999999999999e-08,0.0,0.0,0.0,8.999999999999999e-08
1759811048024799072,167470,1759811048019787776,base_link,-0.020868148029774658,-0.1310775839526991,0.03165616074174449,-0.9906468385578884,1.0,0.0,0.0,0.0,1.0,0.0,0.0,0.0,1.0,-0.0029009077697992325,0.00023899588268250276,0.004056485369801521,1.2184696791468346e-07,0.0,0.0,0.0,1.2184696791468346e-07,0.0,0.0,0.0,1.2184696791468346e-07,-2.5054872035980225,0.3975994288921368,9.461141586303711,8.999999999999999e-08,0.0,0.0,0.0,8.999999999999999e-08,0.0,0.0,0.0,8.999999999999999e-08
1759811048034768704,167471,1759811048024787776,base_link,-0.02087029225069265,-0.1310663465492149,0.031638121890581856,-0.9906488616066169,1.0,0.0,0.0,0.0,1.0,0.0,0.0,0.0,1.0,0.0002345831599086523,-0.000926761771552264,0.005024353973567486,1.2184696791468346e-07,0.0,0.0,0.0,1.2184696791468346e-07,0.0,0.0,0.0,1.2184696791468346e-07,-2.5795328617095947,0.3378283381462109,9.490541458129883,8.999999999999999e-08,0.0,0.0,0.0,8.999999999999999e-08,0.0,0.0,0.0,8.999999999999999e-08
1759811048037867264,167472,1759811048034787776,base_link,-0.020870971868624886,-0.13107728892475953,0.031641620079008226,-0.9906473021732219,1.0,0.0,0.0,0.0,1.0,0.0,0.0,0.0,1.0,8.563592564314604e-05,0.0010831600520759819,-0.002312419004738331,1.2184696791468346e-07,0.0,0.0,0.0,1.2184696791468346e-07,0.0,0.0,0.0,1.2184696791468346e-07,-2.6126184463500977,0.23742792010307429,9.443570137023926,8.999999999999999e-08,0.0,0.0,0.0,8.999999999999999e-08,0.0,0.0,0.0,8.999999999999999e-08
1759811048046822688,167473,1759811048040787776,base_link,-0.0208584489862611,-0.1310698447376413,0.03167542185151398,-0.9906474707606161,1.0,0.0,0.0,0.0,1.0,0.0,0.0,0.0,1.0,-0.0018730107694864273,-0.002521975431591273,-0.003914200700819492,1.2184696791468346e-07,0.0,0.0,0.0,1.2184696791468346e-07,0.0,0.0,0.0,1.2184696791468346e-07,-2.530724287033081,0.43490606546402094,9.467721939086914,8.999999999999999e-08,0.0,0.0,0.0,8.999999999999999e-08,0.0,0.0,0.0,8.999999999999999e-08
1759811048050102240,167474,1759811048046787776,base_link,-0.020851326168862754,-0.13106577756676,0.0316566243570781,-0.9906487351660713,1.0,0.0,0.0,0.0,1.0,0.0,0.0,0.0,1.0,-0.0027980308514088392,-0.0025470112450420856,0.0004719231510534886,1.2184696791468346e-07,0.0,0.0,0.0,1.2184696791468346e-07,0.0,0.0,0.0,1.2184696791468346e-07,-2.5253357887268066,0.3399752080440533,9.421420097351074,8.999999999999999e-08,0.0,0.0,0.0,8.999999999999999e-08,0.0,0.0,0.0,8.999999999999999e-08
1759811048056963680,167475,1759811048051787776,base_link,-0.02085714243395725,-0.13107207852061237,0.03163820618427882,-0.9906483558444348,1.0,0.0,0.0,0.0,1.0,0.0,0.0,0.0,1.0,-0.00013966893311589956,0.0012063591275364167,0.004479285329580307,1.2184696791468346e-07,0.0,0.0,0.0,1.2184696791468346e-07,0.0,0.0,0.0,1.2184696791468346e-07,-2.6597371101379395,0.23720669746399042,9.422250747680664,8.999999999999999e-08,0.0,0.0,0.0,8.999999999999999e-08,0.0,0.0,0.0,8.999999999999999e-08
1759811048062048224,167476,1759811048056787776,base_link,-0.020852890870613726,-0.13107393825030292,0.03165616074174448,-0.9906475972011616,1.0,0.0,0.0,0.0,1.0,0.0,0.0,0.0,1.0,-0.00021431746426969767,0.0012011254439130425,6.822857540100798e-05,1.2184696791468346e-07,0.0,0.0,0.0,1.2184696791468346e-07,0.0,0.0,0.0,1.2184696791468346e-07,-2.585561513900757,0.25419768691063044,9.403069496154785,8.999999999999999e-08,0.0,0.0,0.0,8.999999999999999e-08,0.0,0.0,0.0,8.999999999999999e-08
1759811048068387104,167477,1759811048061784448,base_link,-0.020853201703621486,-0.13106636762263915,0.03167027993599563,-0.9906481451101922,1.0,0.0,0.0,0.0,1.0,0.0,0.0,0.0,1.0,0.0008712991839274764,-0.0023066191934049134,-0.005081042181700468,1.2184696791468346e-07,0.0,0.0,0.0,1.2184696791468346e-07,0.0,0.0,0.0,1.2184696791468346e-07,-2.5295052528381348,0.4158452153205883,9.420271873474121,8.999999999999999e-08,0.0,0.0,0.0,8.999999999999999e-08,0.0,0.0,0.0,8.999999999999999e-08
1759811048075361952,167478,1759811048067784448,base_link,-0.020843039044774296,-0.13106775320028394,0.03166960558641945,-0.9906482294038892,1.0,0.0,0.0,0.0,1.0,0.0,0.0,0.0,1.0,-0.0024110237136483192,-1.7716200090944916e-05,-0.0012225948739796877,1.2184696791468346e-07,0.0,0.0,0.0,1.2184696791468346e-07,0.0,0.0,0.0,1.2184696791468346e-07,-2.537234306335449,0.39794486761093256,9.482746124267578,8.999999999999999e-08,0.0,0.0,0.0,8.999999999999999e-08,0.0,0.0,0.0,8.999999999999999e-08
1759811048079228864,167479,1759811048072784448,base_link,-0.020841321560697477,-0.13107152534322566,0.031653336902894236,-0.9906483136975862,1.0,0.0,0.0,0.0,1.0,0.0,0.0,0.0,1.0,-0.0016225572908297181,-0.0014308221871033307,0.003526098094880581,1.2184696791468346e-07,0.0,0.0,0.0,1.2184696791468346e-07,0.0,0.0,0.0,1.2184696791468346e-07,-2.6000125408172607,0.27892026305198786,9.444317817687988,8.999999999999999e-08,0.0,0.0,0.0,8.999999999999999e-08,0.0,0.0,0.0,8.999999999999999e-08
1759811048086111392,167480,1759811048083784448,base_link,-0.020839472367719065,-0.13105804362005824,0.03167508467672588,-0.9906494095156475,1.0,0.0,0.0,0.0,1.0,0.0,0.0,0.0,1.0,7.07149738445878e-05,-0.002451830077916384,-0.0036641350015997882,1.2184696791468346e-07,0.0,0.0,0.0,1.2184696791468346e-07,0.0,0.0,0.0,1.2184696791468346e-07,-2.563063383102417,0.32785645127296564,9.452016830444336,8.999999999999999e-08,0.0,0.0,0.0,8.999999999999999e-08,0.0,0.0,0.0,8.999999999999999e-08
1759811048094452320,167481,1759811048088784448,base_link,-0.02083666433393703,-0.13105609959667067,0.031669099824237316,-0.9906499152778296,1.0,0.0,0.0,0.0,1.0,0.0,0.0,0.0,1.0,-0.001444127643480897,-0.0008903836132958532,-0.0007084942189976572,1.2184696791468346e-07,0.0,0.0,0.0,1.2184696791468346e-07,0.0,0.0,0.0,1.2184696791468346e-07,-2.4891605377197266,0.4114306569099438,9.510534286499023,8.999999999999999e-08,0.0,0.0,0.0,8.999999999999999e-08,0.0,0.0,0.0,8.999999999999999e-08
1759811048102841952,167482,1759811048098784448,base_link,-0.02082805057177261,-0.13106497677663828,0.031658858140049186,-0.990649283075102,1.0,0.0,0.0,0.0,1.0,0.0,0.0,0.0,1.0,-0.001941488590091467,0.001079637557268143,0.0022851666435599327,1.2184696791468346e-07,0.0,0.0,0.0,1.2184696791468346e-07,0.0,0.0,0.0,1.2184696791468346e-07,-2.623706817626953,0.2137019485235226,9.435100555419922,8.999999999999999e-08,0.0,0.0,0.0,8.999999999999999e-08,0.0,0.0,0.0,8.999999999999999e-08
1759811048114300064,167483,1759811048104784448,base_link,-0.020826622847279305,-0.13106037750179453,0.03167040637654116,-0.9906495359561931,1.0,0.0,0.0,0.0,1.0,0.0,0.0,0.0,1.0,-0.0005253871786408126,0.00023501506075262996,-0.0021244697272777557,1.2184696791468346e-07,0.0,0.0,0.0,1.2184696791468346e-07,0.0,0.0,0.0,1.2184696791468346e-07,-2.565485954284668,0.30062890052795527,9.436600685119629,8.999999999999999e-08,0.0,0.0,0.0,8.999999999999999e-08,0.0,0.0,0.0,8.999999999999999e-08
1759811048118105600,167484,1759811048109784448,base_link,-0.020824478626361307,-0.13106605152127532,0.03167769778133357,-0.9906485665786773,1.0,0.0,0.0,0.0,1.0,0.0,0.0,0.0,1.0,-0.00029775657458230853,0.000796519394498318,-0.003155668266117573,1.2184696791468346e-07,0.0,0.0,0.0,1.2184696791468346e-07,0.0,0.0,0.0,1.2184696791468346e-07,-2.5142107009887695,0.4115824699401867,9.473018646240234,8.999999999999999e-08,0.0,0.0,0.0,8.999999999999999e-08,0.0,0.0,0.0,8.999999999999999e-08
1759811048119882016,167485,1759811048114784448,base_link,-0.020822455577632792,-0.13106695767851828,0.03167630693533271,-0.9906485244318288,1.0,0.0,0.0,0.0,1.0,0.0,0.0,0.0,1.0,0.0009939667070284486,0.0006643711240030826,0.0009658696362748741,1.2184696791468346e-07,0.0,0.0,0.0,1.2184696791468346e-07,0.0,0.0,0.0,1.2184696791468346e-07,-2.5575056076049805,0.38946947455406306,9.479524612426758,8.999999999999999e-08,0.0,0.0,0.0,8.999999999999999e-08,0.0,0.0,0.0,8.999999999999999e-08
1759811048125984864,167486,1759811048120784448,base_link,-0.020830568845971134,-0.131074607331523,0.03166142909780836,-0.9906478079354042,1.0,0.0,0.0,0.0,1.0,0.0,0.0,0.0,1.0,0.0014297346351668239,0.001754994271323085,0.002437337301671505,1.2184696791468346e-07,0.0,0.0,0.0,1.2184696791468346e-07,0.0,0.0,0.0,1.2184696791468346e-07,-2.6043574810028076,0.2683275938034069,9.470916748046875,8.999999999999999e-08,0.0,0.0,0.0,8.999999999999999e-08,0.0,0.0,0.0,8.999999999999999e-08
1759811048132074624,167487,1759811048125784448,base_link,-0.020832639309904227,-0.13107741536530507,0.03167521111727143,-0.9906470071452824,1.0,0.0,0.0,0.0,1.0,0.0,0.0,0.0,1.0,0.001406425959430635,-0.0010016880696639425,-0.00467324024066329,1.2184696791468346e-07,0.0,0.0,0.0,1.2184696791468346e-07,0.0,0.0,0.0,1.2184696791468346e-07,-2.6123740673065186,0.23685616254806635,9.448622703552246,8.999999999999999e-08,0.0,0.0,0.0,8.999999999999999e-08,0.0,0.0,0.0,8.999999999999999e-08
1759811048137818144,167488,1759811048130784448,base_link,-0.02083102192459263,-0.13107149900144535,0.03169502013607151,-0.9906471757326765,1.0,0.0,0.0,0.0,1.0,0.0,0.0,0.0,1.0,-0.00024230661801993847,0.0006769138853996988,-0.0031715952791273594,1.2184696791468346e-07,0.0,0.0,0.0,1.2184696791468346e-07,0.0,0.0,0.0,1.2184696791468346e-07,-2.543048143386841,0.3988912701606762,9.471864700317383,8.999999999999999e-08,0.0,0.0,0.0,8.999999999999999e-08,0.0,0.0,0.0,8.999999999999999e-08
1759811048147337120,167489,1759811048141784448,base_link,-0.020823303782959067,-0.13108532843611298,0.03165704582556322,-0.9906467121173428,1.0,0.0,0.0,0.0,1.0,0.0,0.0,0.0,1.0,-0.002598545979708433,0.0020688171498477468,0.0075727361254394054,1.2184696791468346e-07,0.0,0.0,0.0,1.2184696791468346e-07,0.0,0.0,0.0,1.2184696791468346e-07,-2.5908193588256836,0.31099212169647333,9.468348503112793,8.999999999999999e-08,0.0,0.0,0.0,8.999999999999999e-08,0.0,0.0,0.0,8.999999999999999e-08
1759811048153906336,167490,1759811048146784448,base_link,-0.020830958704319863,-0.13109783024505253,0.031661302657262844,-0.9906448155091598,1.0,0.0,0.0,0.0,1.0,0.0,0.0,0.0,1.0,0.0007171852048486471,0.0030601841863244776,0.00210724351927638,1.2184696791468346e-07,0.0,0.0,0.0,1.2184696791468346e-07,0.0,0.0,0.0,1.2184696791468346e-07,-2.630074977874756,0.23309360444545862,9.463298797607422,8.999999999999999e-08,0.0,0.0,0.0,8.999999999999999e-08,0.0,0.0,0.0,8.999999999999999e-08
1759811048158868448,167491,1759811048151784448,base_link,-0.020827671250136005,-0.13109593363686953,0.03167588546684762,-0.9906446469217658,1.0,0.0,0.0,0.0,1.0,0.0,0.0,0.0,1.0,0.0010776846902444959,0.0006937254802323871,-0.005060927476733923,1.2184696791468346e-07,0.0,0.0,0.0,1.2184696791468346e-07,0.0,0.0,0.0,1.2184696791468346e-07,-2.5834922790527344,0.3037268817424786,9.438851356506348,8.999999999999999e-08,0.0,0.0,0.0,8.999999999999999e-08,0.0,0.0,0.0,8.999999999999999e-08
1759811048160913216,167492,1759811048157784448,base_link,-0.020824815801149404,-0.1311051532599813,0.03168895098988599,-0.9906430453415224,1.0,0.0,0.0,0.0,1.0,0.0,0.0,0.0,1.0,-0.0003250298905186355,0.0012584140058606857,-0.005317017436027527,1.2184696791468346e-07,0.0,0.0,0.0,1.2184696791468346e-07,0.0,0.0,0.0,1.2184696791468346e-07,-2.536303997039795,0.3765412569046032,9.471508979797363,8.999999999999999e-08,0.0,0.0,0.0,8.999999999999999e-08,0.0,0.0,0.0,8.999999999999999e-08
1759811048173871360,167493,1759811048167784960,base_link,-0.02084154810000823,-0.13107932777855624,0.03167778207503061,-0.9906464592362518,1.0,0.0,0.0,0.0,1.0,0.0,0.0,0.0,1.0,0.0031112944707274437,-0.003994734492152929,0.0028925500810146336,1.2184696791468346e-07,0.0,0.0,0.0,1.2184696791468346e-07,0.0,0.0,0.0,1.2184696791468346e-07,-2.602260112762451,0.24124369025230524,9.41937255859375,8.999999999999999e-08,0.0,0.0,0.0,8.999999999999999e-08,0.0,0.0,0.0,8.999999999999999e-08
1759811048180206144,167494,1759811048172784960,base_link,-0.02084145326959908,-0.1310763458890241,0.03169051042328089,-0.9906464592362518,1.0,0.0,0.0,0.0,1.0,0.0,0.0,0.0,1.0,0.0013682410353794694,-0.0007345598423853523,-0.005519736558198929,1.2184696791468346e-07,0.0,0.0,0.0,1.2184696791468346e-07,0.0,0.0,0.0,1.2184696791468346e-07,-2.5955889225006104,0.2676374018192303,9.475378036499023,8.999999999999999e-08,0.0,0.0,0.0,8.999999999999999e-08,0.0,0.0,0.0,8.999999999999999e-08
1759811048189938784,167495,1759811048183784960,base_link,-0.02083856094212002,-0.1310877624166145,0.031702648715652024,-0.9906446047749173,1.0,0.0,0.0,0.0,1.0,0.0,0.0,0.0,1.0,-0.0003487315261736512,0.001916531007736921,-0.002084054751321674,1.2184696791468346e-07,0.0,0.0,0.0,1.2184696791468346e-07,0.0,0.0,0.0,1.2184696791468346e-07,-2.5209386348724365,0.4001820683479321,9.448821067810059,8.999999999999999e-08,0.0,0.0,0.0,8.999999999999999e-08,0.0,0.0,0.0,8.999999999999999e-08
1759811048194192640,167496,1759811048188784960,base_link,-0.020838366012945655,-0.13109015951862354,0.031688950989885986,-0.9906447312154628,1.0,0.0,0.0,0.0,1.0,0.0,0.0,0.0,1.0,-0.0010166092542931437,0.0010910094715654854,0.003427403047680855,1.2184696791468346e-07,0.0,0.0,0.0,1.2184696791468346e-07,0.0,0.0,0.0,1.2184696791468346e-07,-2.5209386348724365,0.4001820683479321,9.448821067810059,8.999999999999999e-08,0.0,0.0,0.0,8.999999999999999e-08,0.0,0.0,0.0,8.999999999999999e-08
1759811048199806112,167497,1759811048194784960,base_link,-0.020838808554855016,-0.13108505974995371,0.031696284541526856,-0.9906451526839479,1.0,0.0,0.0,0.0,1.0,0.0,0.0,0.0,1.0,-0.0004329136572778225,-0.0013588628498837352,0.000548008247278631,1.2184696791468346e-07,0.0,0.0,0.0,1.2184696791468346e-07,0.0,0.0,0.0,1.2184696791468346e-07,-2.6115562915802,0.22649472951889155,9.433232307434082,8.999999999999999e-08,0.0,0.0,0.0,8.999999999999999e-08,0.0,0.0,0.0,8.999999999999999e-08
1759811048205877408,167498,1759811048199784960,base_link,-0.020837797030490757,-0.13107943314567752,0.031715166329659754,-0.990645321271342,1.0,0.0,0.0,0.0,1.0,0.0,0.0,0.0,1.0,0.002224508672952652,-0.0018717927159741527,-0.0056509291753172874,1.2184696791468346e-07,0.0,0.0,0.0,1.2184696791468346e-07,0.0,0.0,0.0,1.2184696791468346e-07,-2.586895227432251,0.34965685009956476,9.425053596496582,8.999999999999999e-08,0.0,0.0,0.0,8.999999999999999e-08,0.0,0.0,0.0,8.999999999999999e-08
1759811048210644064,167499,1759811048204784960,base_link,-0.020840425940166617,-0.13108747792538702,0.03171904383972272,-0.9906440568658866,1.0,0.0,0.0,0.0,1.0,0.0,0.0,0.0,1.0,-4.8853340558707714e-05,0.0011403969256207345,-0.0025268830358982086,1.2184696791468346e-07,0.0,0.0,0.0,1.2184696791468346e-07,0.0,0.0,0.0,1.2184696791468346e-07,-2.500464916229248,0.41894248127937433,9.495803833007812,8.999999999999999e-08,0.0,0.0,0.0,8.999999999999999e-08,0.0,0.0,0.0,8.999999999999999e-08
1759811048220409280,167500,1759811048215784960,base_link,-0.020834198743299132,-0.1310772783880474,0.03171567209184188,-0.9906456584461301,1.0,0.0,0.0,0.0,1.0,0.0,0.0,0.0,1.0,-0.0008028410375118256,-0.0018891611834987996,0.0012341419933363797,1.2184696791468346e-07,0.0,0.0,0.0,1.2184696791468346e-07,0.0,0.0,0.0,1.2184696791468346e-07,-2.637183904647827,0.23002046346664545,9.419328689575195,8.999999999999999e-08,0.0,0.0,0.0,8.999999999999999e-08,0.0,0.0,0.0,8.999999999999999e-08
1759811048227525504,167501,1759811048220784960,base_link,-0.02083381415330647,-0.1310712566570664,0.031741845284767145,-0.9906456162992815,1.0,0.0,0.0,0.0,1.0,0.0,0.0,0.0,1.0,0.0005147041520103812,-0.002071580383926631,-0.007006816100329161,1.2184696791468346e-07,0.0,0.0,0.0,1.2184696791468346e-07,0.0,0.0,0.0,1.2184696791468346e-07,-2.5960025787353516,0.24936118721962092,9.461434364318848,8.999999999999999e-08,0.0,0.0,0.0,8.999999999999999e-08,0.0,0.0,0.0,8.999999999999999e-08
1759811048242833536,167502,1759811048231784960,base_link,-0.020830331769948262,-0.13107922767979102,0.03174074946670586,-0.9906446890686142,1.0,0.0,0.0,0.0,1.0,0.0,0.0,0.0,1.0,0.00017885747365653515,-0.0017076848307624457,0.0022876719012856483,1.2184696791468346e-07,0.0,0.0,0.0,1.2184696791468346e-07,0.0,0.0,0.0,1.2184696791468346e-07,-2.5436720848083496,0.38275390863418696,9.455155372619629,8.999999999999999e-08,0.0,0.0,0.0,8.999999999999999e-08,0.0,0.0,0.0,8.999999999999999e-08
1759811048246746784,167503,1759811048241784960,base_link,-0.020825621859627167,-0.13107444401248505,0.03174454268307185,-0.9906452791244935,1.0,0.0,0.0,0.0,1.0,0.0,0.0,0.0,1.0,-0.0007123870891518891,-0.0009323089616373184,-0.0016425898065790532,1.2184696791468346e-07,0.0,0.0,0.0,1.2184696791468346e-07,0.0,0.0,0.0,1.2184696791468346e-07,-2.6021437644958496,0.22608605027198908,9.449848175048828,8.999999999999999e-08,0.0,0.0,0.0,8.999999999999999e-08,0.0,0.0,0.0,8.999999999999999e-08
1759811048252742112,167504,1759811048247784960,base_link,-0.020819326174130855,-0.13107058230749025,0.031764899610902585,-0.990645321271342,1.0,0.0,0.0,0.0,1.0,0.0,0.0,0.0,1.0,-0.0015626733656972647,-0.001427011447958649,-0.006297623738646507,1.2184696791468346e-07,0.0,0.0,0.0,1.2184696791468346e-07,0.0,0.0,0.0,1.2184696791468346e-07,-2.552825927734375,0.34422698616981623,9.469987869262695,8.999999999999999e-08,0.0,0.0,0.0,8.999999999999999e-08,0.0,0.0,0.0,8.999999999999999e-08
1759811048255837120,167505,1759811048252784960,base_link,-0.020804142771954807,-0.13107070874803575,0.03176494175775109,-0.9906456162992815,1.0,0.0,0.0,0.0,1.0,0.0,0.0,0.0,1.0,-0.003924030810594559,-0.0011184628820046787,-0.003981541842222214,1.2184696791468346e-07,0.0,0.0,0.0,1.2184696791468346e-07,0.0,0.0,0.0,1.2184696791468346e-07,-2.494553327560425,0.3994282484054577,9.465282440185547,8.999999999999999e-08,0.0,0.0,0.0,8.999999999999999e-08,0.0,0.0,0.0,8.999999999999999e-08
1759811048262945408,167506,1759811048258784192,base_link,-0.02080619743081971,-0.13107040318338406,0.03174745081561911,-0.9906461642083122,1.0,0.0,0.0,0.0,1.0,0.0,0.0,0.0,1.0,-0.001842523692175746,-0.0001528033753857012,0.0036926046013832092,1.2184696791468346e-07,0.0,0.0,0.0,1.2184696791468346e-07,0.0,0.0,0.0,1.2184696791468346e-07,-2.5562868118286133,0.31977602839470026,9.46038818359375,8.999999999999999e-08,0.0,0.0,0.0,8.999999999999999e-08,0.0,0.0,0.0,8.999999999999999e-08
1759811048272782624,167507,1759811048262784192,base_link,-0.020812419359331136,-0.1310767410157289,0.031745722794830164,-0.9906452791244935,1.0,0.0,0.0,0.0,1.0,0.0,0.0,0.0,1.0,0.0014349609846249223,0.0018705250695347784,-0.0011615168768912556,1.2184696791468346e-07,0.0,0.0,0.0,1.2184696791468346e-07,0.0,0.0,0.0,1.2184696791468346e-07,-2.6418204307556152,0.20524547994136927,9.450273513793945,8.999999999999999e-08,0.0,0.0,0.0,8.999999999999999e-08,0.0,0.0,0.0,8.999999999999999e-08
1759811048278424768,167508,1759811048273784192,base_link,-0.020804132235242672,-0.1310778315654341,0.0317788923646082,-0.9906442254532807,1.0,0.0,0.0,0.0,1.0,0.0,0.0,0.0,1.0,-0.0003718946245498955,8.624629117548387e-05,-0.006416987162083387,1.2184696791468346e-07,0.0,0.0,0.0,1.2184696791468346e-07,0.0,0.0,0.0,1.2184696791468346e-07,-2.5384819507598877,0.4099171161651623,9.457855224609375,8.999999999999999e-08,0.0,0.0,0.0,8.999999999999999e-08,0.0,0.0,0.0,8.999999999999999e-08
1759811048283838208,167509,1759811048278784192,base_link,-0.020804348237841292,-0.1310773626817444,0.0317657004010243,-0.9906446890686144,1.0,0.0,0.0,0.0,1.0,0.0,0.0,0.0,1.0,-2.8594513423740864e-05,-0.0010194295318797229,0.0020641270093619823,1.2184696791468346e-07,0.0,0.0,0.0,1.2184696791468346e-07,0.0,0.0,0.0,1.2184696791468346e-07,-2.5707733631134033,0.3824554085731518,9.4776029586792,8.999999999999999e-08,0.0,0.0,0.0,8.999999999999999e-08,0.0,0.0,0.0,8.999999999999999e-08
1759811048288789344,167510,1759811048284784192,base_link,-0.02079997550230829,-0.13107983880909443,0.03176009487017238,-0.9906446469217658,1.0,0.0,0.0,0.0,1.0,0.0,0.0,0.0,1.0,-0.0009188838303089142,0.0005716082523576917,0.002105520572513342,1.2184696791468346e-07,0.0,0.0,0.0,1.2184696791468346e-07,0.0,0.0,0.0,1.2184696791468346e-07,-2.639080047607422,0.27843779325485346,9.462299346923828,8.999999999999999e-08,0.0,0.0,0.0,8.999999999999999e-08,0.0,0.0,0.0,8.999999999999999e-08
1759811048296637664,167511,1759811048289784192,base_link,-0.020799933355459776,-0.13109485362387643,0.03178196908454952,-0.9906419916703096,1.0,0.0,0.0,0.0,1.0,0.0,0.0,0.0,1.0,-0.0018856897950172424,0.0033479593694210044,-0.007353982422500849,1.2184696791468346e-07,0.0,0.0,0.0,1.2184696791468346e-07,0.0,0.0,0.0,1.2184696791468346e-07,-2.561540126800537,0.2430295348167431,9.442298889160156,8.999999999999999e-08,0.0,0.0,0.0,8.999999999999999e-08,0.0,0.0,0.0,8.999999999999999e-08
1759811048305098912,167512,1759811048299784192,base_link,-0.020775214228808136,-0.13110810880773313,0.03178871258031124,-0.9906404743837632,1.0,0.0,0.0,0.0,1.0,0.0,0.0,0.0,1.0,-0.003795451484620571,0.0025489623658359046,-0.0019516104366630318,1.2184696791468346e-07,0.0,0.0,0.0,1.2184696791468346e-07,0.0,0.0,0.0,1.2184696791468346e-07,-2.510939836502075,0.40493991971016047,9.47956657409668,8.999999999999999e-08,0.0,0.0,0.0,8.999999999999999e-08,0.0,0.0,0.0,8.999999999999999e-08
1759811048310880480,167513,1759811048305784192,base_link,-0.020771147057926844,-0.13112168009295364,0.03177699575642522,-0.9906391256846109,1.0,0.0,0.0,0.0,1.0,0.0,0.0,0.0,1.0,-0.003270201850682497,0.003628634382039309,0.0026507209986448284,1.2184696791468346e-07,0.0,0.0,0.0,1.2184696791468346e-07,0.0,0.0,0.0,1.2184696791468346e-07,-2.6032254695892334,0.2519218623638165,9.478924751281738,8.999999999999999e-08,0.0,0.0,0.0,8.999999999999999e-08,0.0,0.0,0.0,8.999999999999999e-08
1759811048316068736,167514,1759811048310784192,base_link,-0.020766236950075314,-0.13111884571739127,0.03178344422424741,-0.9906394207125505,1.0,0.0,0.0,0.0,1.0,0.0,0.0,0.0,1.0,-0.0017114743823185563,0.0014308311510831118,1.027679536491615e-05,1.2184696791468346e-07,0.0,0.0,0.0,1.2184696791468346e-07,0.0,0.0,0.0,1.2184696791468346e-07,-2.605121374130249,0.2270119786262524,9.45086669921875,8.999999999999999e-08,0.0,0.0,0.0,8.999999999999999e-08,0.0,0.0,0.0,8.999999999999999e-08
1759811048320805504,167515,1759811048315784192,base_link,-0.02075160672528598,-0.13113238012411932,0.03179022986685765,-0.9906377769854585,1.0,0.0,0.0,0.0,1.0,0.0,0.0,0.0,1.0,-0.004060337785631418,0.0022430205717682834,-0.004143978003412485,1.2184696791468346e-07,0.0,0.0,0.0,1.2184696791468346e-07,0.0,0.0,0.0,1.2184696791468346e-07,-2.5668747425079346,0.31304064393043635,9.475696563720703,8.999999999999999e-08,0.0,0.0,0.0,8.999999999999999e-08,0.0,0.0,0.0,8.999999999999999e-08
1759811048330001952,167516,1759811048326784192,base_link,-0.020744847424456037,-0.1311332177927335,0.03179242150298022,-0.9906376926917615,1.0,0.0,0.0,0.0,1.0,0.0,0.0,0.0,1.0,-0.000917293131351471,-5.083065479993821e-05,-4.0185637772083276e-05,1.2184696791468346e-07,0.0,0.0,0.0,1.2184696791468346e-07,0.0,0.0,0.0,1.2184696791468346e-07,-2.5307459831237793,0.31813898682594416,9.469488143920898,8.999999999999999e-08,0.0,0.0,0.0,8.999999999999999e-08,0.0,0.0,0.0,8.999999999999999e-08
1759811048336788896,167517,1759811048331784192,base_link,-0.020745379528418494,-0.13113502483886338,0.03178567800721845,-0.9906376083980645,1.0,0.0,0.0,0.0,1.0,0.0,0.0,0.0,1.0,0.0004108388675376773,-4.216423258185367e-05,0.001577340648509562,1.2184696791468346e-07,0.0,0.0,0.0,1.2184696791468346e-07,0.0,0.0,0.0,1.2184696791468346e-07,-2.611515998840332,0.2430336922407162,9.472068786621094,8.999999999999999e-08,0.0,0.0,0.0,8.999999999999999e-08,0.0,0.0,0.0,8.999999999999999e-08
1759811048342912768,167518,1759811048336784192,base_link,-0.020750410808459473,-0.13113270149383924,0.031806456403534356,-0.9906371447827309,1.0,0.0,0.0,0.0,1.0,0.0,0.0,0.0,1.0,0.0020400858484208584,-0.0015800072578713304,-0.004720170516520739,1.2184696791468346e-07,0.0,0.0,0.0,1.2184696791468346e-07,0.0,0.0,0.0,1.2184696791468346e-07,-2.5797502994537354,0.2391010075807583,9.45374870300293,8.999999999999999e-08,0.0,0.0,0.0,8.999999999999999e-08,0.0,0.0,0.0,8.999999999999999e-08
1759811048351850112,167519,1759811048342784192,base_link,-0.020750906033929484,-0.1311288450572005,0.03181998554190635,-0.9906372712232764,1.0,0.0,0.0,0.0,1.0,0.0,0.0,0.0,1.0,-0.0003206609399057925,-0.0007385645294561984,-0.0022079753689467907,1.2184696791468346e-07,0.0,0.0,0.0,1.2184696791468346e-07,0.0,0.0,0.0,1.2184696791468346e-07,-2.556931495666504,0.41712233424186823,9.4719820022583,8.999999999999999e-08,0.0,0.0,0.0,8.999999999999999e-08,0.0,0.0,0.0,8.999999999999999e-08
1759811048354946464,167520,1759811048347784192,base_link,-0.020744167806523797,-0.13113353916245338,0.03180949097662715,-0.9906371447827309,1.0,0.0,0.0,0.0,1.0,0.0,0.0,0.0,1.0,-0.0023223364260047674,0.0013342681340873244,0.00141163554508239,1.2184696791468346e-07,0.0,0.0,0.0,1.2184696791468346e-07,0.0,0.0,0.0,1.2184696791468346e-07,-2.580751657485962,0.3720892965793621,9.466193199157715,8.999999999999999e-08,0.0,0.0,0.0,8.999999999999999e-08,0.0,0.0,0.0,8.999999999999999e-08
1759811048362256608,167521,1759811048358784192,base_link,-0.02072931631077977,-0.13114711571602994,0.03181260984341692,-0.9906355432024875,1.0,0.0,0.0,0.0,1.0,0.0,0.0,0.0,1.0,-0.002512325532734394,0.0017360120546072721,-0.0008293342543765905,1.2184696791468346e-07,0.0,0.0,0.0,1.2184696791468346e-07,0.0,0.0,0.0,1.2184696791468346e-07,-2.6045825481414795,0.2274607568979275,9.45539665222168,8.999999999999999e-08,0.0,0.0,0.0,8.999999999999999e-08,0.0,0.0,0.0,8.999999999999999e-08
1759811048372260800,167522,1759811048363783680,base_link,-0.020731950488811705,-0.1311557979668232,0.0318163187660859,-0.9906341945033351,1.0,0.0,0.0,0.0,1.0,0.0,0.0,0.0,1.0,-0.0007144946721382439,0.003410262987017631,-0.001837127143517137,1.2184696791468346e-07,0.0,0.0,0.0,1.2184696791468346e-07,0.0,0.0,0.0,1.2184696791468346e-07,-2.5358612537384033,0.35183933377266047,9.492639541625977,8.999999999999999e-08,0.0,0.0,0.0,8.999999999999999e-08,0.0,0.0,0.0,8.999999999999999e-08
1759811048374281856,167523,1759811048368783680,base_link,-0.020725991978103476,-0.13115806862828672,0.0318121462280833,-0.9906341523564866,1.0,0.0,0.0,0.0,1.0,0.0,0.0,0.0,1.0,-0.0011592363007366657,0.0015940003795549276,0.0010112534509971736,1.2184696791468346e-07,0.0,0.0,0.0,1.2184696791468346e-07,0.0,0.0,0.0,1.2184696791468346e-07,-2.4773030281066895,0.44343331456184504,9.5379638671875,8.999999999999999e-08,0.0,0.0,0.0,8.999999999999999e-08,0.0,0.0,0.0,8.999999999999999e-08
1759811048382798336,167524,1759811048379783680,base_link,-0.020717162213340443,-0.13115392770042053,0.03180211527813772,-0.9906352481745478,1.0,0.0,0.0,0.0,1.0,0.0,0.0,0.0,1.0,-0.0017765748780220747,-0.0013248253380879758,0.001639163703657687,1.2184696791468346e-07,0.0,0.0,0.0,1.2184696791468346e-07,0.0,0.0,0.0,1.2184696791468346e-07,-2.6016149520874023,0.2060233801603329,9.432061195373535,8.999999999999999e-08,0.0,0.0,0.0,8.999999999999999e-08,0.0,0.0,0.0,8.999999999999999e-08
1759811048389168128,167525,1759811048384783680,base_link,-0.020723795073624842,-0.13116095041905365,0.031824158079908904,-0.9906334358600619,1.0,0.0,0.0,0.0,1.0,0.0,0.0,0.0,1.0,0.0009887254564091563,0.00025124091189354593,-0.0052284360863268375,1.2184696791468346e-07,0.0,0.0,0.0,1.2184696791468346e-07,0.0,0.0,0.0,1.2184696791468346e-07,-2.564826250076294,0.28085309267044184,9.467114448547363,8.999999999999999e-08,0.0,0.0,0.0,8.999999999999999e-08,0.0,0.0,0.0,8.999999999999999e-08
1759811048395718336,167526,1759811048389783680,base_link,-0.020719770049592058,-0.13115934883881025,0.03183039581348854,-0.9906335201537589,1.0,0.0,0.0,0.0,1.0,0.0,0.0,0.0,1.0,0.0012247335398569703,0.0010752521920949216,-0.003837031312286854,1.2184696791468346e-07,0.0,0.0,0.0,1.2184696791468346e-07,0.0,0.0,0.0,1.2184696791468346e-07,-2.481727361679077,0.42419266700744745,9.473505020141602,8.999999999999999e-08,0.0,0.0,0.0,8.999999999999999e-08,0.0,0.0,0.0,8.999999999999999e-08
1759811048409280512,167527,1759811048399783680,base_link,-0.02072057083971376,-0.1311650386633592,0.031821587122149726,-0.9906330565384253,1.0,0.0,0.0,0.0,1.0,0.0,0.0,0.0,1.0,-0.001768874702975154,0.0016995217883959417,0.004234604071825743,1.2184696791468346e-07,0.0,0.0,0.0,1.2184696791468346e-07,0.0,0.0,0.0,1.2184696791468346e-07,-2.520421028137207,0.3318139016628277,9.44760513305664,8.999999999999999e-08,0.0,0.0,0.0,8.999999999999999e-08,0.0,0.0,0.0,8.999999999999999e-08
1759811048409288000,167528,1759811048400783680,base_link,-0.020719000869606735,-0.1311725618758184,0.03180965956402116,-0.9906325086293947,1.0,0.0,0.0,0.0,1.0,0.0,0.0,0.0,1.0,9.565323125571012e-05,0.0011982708238065247,0.0031698704697191715,1.2184696791468346e-07,0.0,0.0,0.0,1.2184696791468346e-07,0.0,0.0,0.0,1.2184696791468346e-07,-2.6024372577667236,0.26164031028747675,9.482522010803223,8.999999999999999e-08,0.0,0.0,0.0,8.999999999999999e-08,0.0,0.0,0.0,8.999999999999999e-08
1759811048412842496,167529,1759811048405783680,base_link,-0.020724047954715913,-0.1311745322409863,0.03182731909354724,-0.990631539251879,1.0,0.0,0.0,0.0,1.0,0.0,0.0,0.0,1.0,0.003500702790915966,0.0002739642513915889,-0.005979309789836407,1.2184696791468346e-07,0.0,0.0,0.0,1.2184696791468346e-07,0.0,0.0,0.0,1.2184696791468346e-07,-2.6306943893432617,0.23206518590450403,9.443906784057617,8.999999999999999e-08,0.0,0.0,0.0,8.999999999999999e-08,0.0,0.0,0.0,8.999999999999999e-08
1759811048419748448,167530,1759811048411783680,base_link,-0.020732724937153096,-0.13116956418121806,0.03184923545477288,-0.9906312863707879,1.0,0.0,0.0,0.0,1.0,0.0,0.0,0.0,1.0,0.0025296229869127274,-0.003016132395714522,-0.003055726177990436,1.2184696791468346e-07,0.0,0.0,0.0,1.2184696791468346e-07,0.0,0.0,0.0,1.2184696791468346e-07,-2.5025837421417236,0.33895757794380305,9.444906234741211,8.999999999999999e-08,0.0,0.0,0.0,8.999999999999999e-08,0.0,0.0,0.0,8.999999999999999e-08
1759811048428775712,167531,1759811048421783680,base_link,-0.020739162868263133,-0.13116986974586978,0.031828836380093636,-0.99063179213297,1.0,0.0,0.0,0.0,1.0,0.0,0.0,0.0,1.0,0.0009585280204191804,0.0010288320481777195,0.004178399685770273,1.2184696791468346e-07,0.0,0.0,0.0,1.2184696791468346e-07,0.0,0.0,0.0,1.2184696791468346e-07,-2.58027982711792,0.27975156903267023,9.4700927734375,8.999999999999999e-08,0.0,0.0,0.0,8.999999999999999e-08,0.0,0.0,0.0,8.999999999999999e-08
1759811048432717536,167532,1759811048427783680,base_link,-0.02073932091894505,-0.13116801528453528,0.03183140733785281,-0.9906319185735155,1.0,0.0,0.0,0.0,1.0,0.0,0.0,0.0,1.0,0.0006594322621822357,0.0006184578523971143,0.0015024481108412147,1.2184696791468346e-07,0.0,0.0,0.0,1.2184696791468346e-07,0.0,0.0,0.0,1.2184696791468346e-07,-2.6020050048828125,0.23721227049827692,9.442723274230957,8.999999999999999e-08,0.0,0.0,0.0,8.999999999999999e-08,0.0,0.0,0.0,8.999999999999999e-08
1759811048437981024,167533,1759811048432783680,base_link,-0.020743683117765924,-0.13117175581734064,0.03184632732222562,-0.9906309070491512,1.0,0.0,0.0,0.0,1.0,0.0,0.0,0.0,1.0,0.002259851200506091,-0.000944377738051117,-0.004422203171998262,1.2184696791468346e-07,0.0,0.0,0.0,1.2184696791468346e-07,0.0,0.0,0.0,1.2184696791468346e-07,-2.59548282623291,0.338693141937257,9.444162368774414,8.999999999999999e-08,0.0,0.0,0.0,8.999999999999999e-08,0.0,0.0,0.0,8.999999999999999e-08
1759811048447770400,167534,1759811048442783680,base_link,-0.020756258683690368,-0.1311662503852539,0.0318388251831907,-0.9906315813987274,1.0,0.0,0.0,0.0,1.0,0.0,0.0,0.0,1.0,0.0026412380393594503,-0.0006906752241775391,0.0021098582074046135,1.2184696791468346e-07,0.0,0.0,0.0,1.2184696791468346e-07,0.0,0.0,0.0,1.2184696791468346e-07,-2.498302936553955,0.4152066111564648,9.48995590209961,8.999999999999999e-08,0.0,0.0,0.0,8.999999999999999e-08,0.0,0.0,0.0,8.999999999999999e-08
1759811048452215712,167535,1759811048447783680,base_link,-0.020762680809732207,-0.1311642115314572,0.0318392045048273,-0.9906317078392729,1.0,0.0,0.0,0.0,1.0,0.0,0.0,0.0,1.0,0.0028626536950469017,-0.0008045645663514732,0.0009915061527863145,1.2184696791468346e-07,0.0,0.0,0.0,1.2184696791468346e-07,0.0,0.0,0.0,1.2184696791468346e-07,-2.52561354637146,0.3194894194602978,9.452710151672363,8.999999999999999e-08,0.0,0.0,0.0,8.999999999999999e-08,0.0,0.0,0.0,8.999999999999999e-08
1759811048457951040,167536,1759811048453783680,base_link,-0.020773017324329502,-0.1311697749154606,0.03185205929362313,-0.9906303169932721,1.0,0.0,0.0,0.0,1.0,0.0,0.0,0.0,1.0,0.003075537271797657,0.0010457234457135196,-0.002707800129428506,1.2184696791468346e-07,0.0,0.0,0.0,1.2184696791468346e-07,0.0,0.0,0.0,1.2184696791468346e-07,-2.5998034477233887,0.1939926594495785,9.422924041748047,8.999999999999999e-08,0.0,0.0,0.0,8.999999999999999e-08,0.0,0.0,0.0,8.999999999999999e-08
1759811048466199680,167537,1759811048458782912,base_link,-0.020771220814911732,-0.1311732783722431,0.031857538383929566,-0.9906297269373929,1.0,0.0,0.0,0.0,1.0,0.0,0.0,0.0,1.0,0.00023962475825101137,0.0017775208689272406,0.0016705981688573954,1.2184696791468346e-07,0.0,0.0,0.0,1.2184696791468346e-07,0.0,0.0,0.0,1.2184696791468346e-07,-2.4937098026275635,0.41792806982994196,9.44050121307373,8.999999999999999e-08,0.0,0.0,0.0,8.999999999999999e-08,0.0,0.0,0.0,8.999999999999999e-08
1759811048470815264,167538,1759811048463782912,base_link,-0.020776278436733044,-0.1311795161058227,0.03183216598112596,-0.9906296426436959,1.0,0.0,0.0,0.0,1.0,0.0,0.0,0.0,1.0,-6.670691072940826e-05,0.0031914999708533296,0.0067079197615385056,1.2184696791468346e-07,0.0,0.0,0.0,1.2184696791468346e-07,0.0,0.0,0.0,1.2184696791468346e-07,-2.5063319206237793,0.40485176444053766,9.44237995147705,8.999999999999999e-08,0.0,0.0,0.0,8.999999999999999e-08,0.0,0.0,0.0,8.999999999999999e-08
1759811048478753472,167539,1759811048474782912,base_link,-0.020768123021546177,-0.13119310846446747,0.031820238422997395,-0.9906284203850891,1.0,0.0,0.0,0.0,1.0,0.0,0.0,0.0,1.0,-0.0017362894723191857,0.001598813571035862,0.0006228539859876034,1.2184696791468346e-07,0.0,0.0,0.0,1.2184696791468346e-07,0.0,0.0,0.0,1.2184696791468346e-07,-2.622426986694336,0.22784525156021235,9.454451560974121,8.999999999999999e-08,0.0,0.0,0.0,8.999999999999999e-08,0.0,0.0,0.0,8.999999999999999e-08
1759811048482547616,167540,1759811048479782912,base_link,-0.020762917885755083,-0.13119439394334703,0.031834062589308966,-0.990627914622907,1.0,0.0,0.0,0.0,1.0,0.0,0.0,0.0,1.0,-0.002123289741575718,0.0009650782449170943,-0.003314825939014554,1.2184696791468346e-07,0.0,0.0,0.0,1.2184696791468346e-07,0.0,0.0,0.0,1.2184696791468346e-07,-2.622426986694336,0.22784525156021235,9.454451560974121,8.999999999999999e-08,0.0,0.0,0.0,8.999999999999999e-08,0.0,0.0,0.0,8.999999999999999e-08
1759811048488222336,167541,1759811048485782912,base_link,-0.020754852032621316,-0.13119002647617012,0.031835664169552386,-0.9906285889724832,1.0,0.0,0.0,0.0,1.0,0.0,0.0,0.0,1.0,-0.0021085478365421295,-0.001502363360486925,-0.003320594783872366,1.2184696791468346e-07,0.0,0.0,0.0,1.2184696791468346e-07,0.0,0.0,0.0,1.2184696791468346e-07,-2.53436017036438,0.37388810515403864,9.448919296264648,8.999999999999999e-08,0.0,0.0,0.0,8.999999999999999e-08,0.0,0.0,0.0,8.999999999999999e-08
1759811048496742432,167542,1759811048490782912,base_link,-0.020761200401678264,-0.13119091682834488,0.031818636842753975,-0.9906288418535742,1.0,0.0,0.0,0.0,1.0,0.0,0.0,0.0,1.0,4.7679292038083076e-05,-0.0003948498051613565,0.003625171259045601,1.2184696791468346e-07,0.0,0.0,0.0,1.2184696791468346e-07,0.0,0.0,0.0,1.2184696791468346e-07,-2.6240391731262207,0.30957445502281306,9.497788429260254,8.999999999999999e-08,0.0,0.0,0.0,8.999999999999999e-08,0.0,0.0,0.0,8.999999999999999e-08
1759811048498787392,167543,1759811048495782912,base_link,-0.020761795725913485,-0.13118517958859136,0.03182411593306041,-0.9906294319094533,1.0,0.0,0.0,0.0,1.0,0.0,0.0,0.0,1.0,0.0006013296078890562,-0.0009988894453272221,0.0018547867657616737,1.2184696791468346e-07,0.0,0.0,0.0,1.2184696791468346e-07,0.0,0.0,0.0,1.2184696791468346e-07,-2.6240391731262207,0.30957445502281306,9.497788429260254,8.999999999999999e-08,0.0,0.0,0.0,8.999999999999999e-08,0.0,0.0,0.0,8.999999999999999e-08
1759811048505134784,167544,1759811048500782912,base_link,-0.02076353955177062,-0.13118348844629485,0.03182740338724427,-0.9906295162031504,1.0,0.0,0.0,0.0,1.0,0.0,0.0,0.0,1.0,0.0009764209389686584,-0.00102448754478246,-0.0010759958531707523,1.2184696791468346e-07,0.0,0.0,0.0,1.2184696791468346e-07,0.0,0.0,0.0,1.2184696791468346e-07,-2.6100358963012695,0.25457990169525263,9.467581748962402,8.999999999999999e-08,0.0,0.0,0.0,8.999999999999999e-08,0.0,0.0,0.0,8.999999999999999e-08
1759811048511472704,167545,1759811048506782912,base_link,-0.020769044983857354,-0.13117972157170918,0.03182908926118471,-0.9906298533779385,1.0,0.0,0.0,0.0,1.0,0.0,0.0,0.0,1.0,0.0008392210584133863,-0.0008603023597970604,0.0007404579082503916,1.2184696791468346e-07,0.0,0.0,0.0,1.2184696791468346e-07,0.0,0.0,0.0,1.2184696791468346e-07,-2.523132085800171,0.43220987915992853,9.478703498840332,8.999999999999999e-08,0.0,0.0,0.0,8.999999999999999e-08,0.0,0.0,0.0,8.999999999999999e-08
1759811048520124800,167546,1759811048516782912,base_link,-0.020763002179452105,-0.13119341402911916,0.03179688906892238,-0.9906291790283623,1.0,0.0,0.0,0.0,1.0,0.0,0.0,0.0,1.0,-0.000996079295873642,0.002412921516224743,0.006425295025110245,1.2184696791468346e-07,0.0,0.0,0.0,1.2184696791468346e-07,0.0,0.0,0.0,1.2184696791468346e-07,-2.628042221069336,0.21465857326984522,9.411721229553223,8.999999999999999e-08,0.0,0.0,0.0,8.999999999999999e-08,0.0,0.0,0.0,8.999999999999999e-08
1759811048530344448,167547,1759811048522782912,base_link,-0.02076583655501446,-0.13119336134555853,0.03180949097662713,-0.9906287154130287,1.0,0.0,0.0,0.0,1.0,0.0,0.0,0.0,1.0,-0.0017576420214027166,0.00027549592778086597,-0.005132220685482025,1.2184696791468346e-07,0.0,0.0,0.0,1.2184696791468346e-07,0.0,0.0,0.0,1.2184696791468346e-07,-2.5847008228302,0.25215536355972407,9.429622650146484,8.999999999999999e-08,0.0,0.0,0.0,8.999999999999999e-08,0.0,0.0,0.0,8.999999999999999e-08
1759811048536830656,167548,1759811048532782912,base_link,-0.020746164513472005,-0.1311855536418719,0.031821460681604206,-0.99062981123109,1.0,0.0,0.0,0.0,1.0,0.0,0.0,0.0,1.0,-0.0026800320483744144,-0.001765163033269346,-0.0024413466453552246,1.2184696791468346e-07,0.0,0.0,0.0,1.2184696791468346e-07,0.0,0.0,0.0,1.2184696791468346e-07,-2.493307113647461,0.40240263938903925,9.466856956481934,8.999999999999999e-08,0.0,0.0,0.0,8.999999999999999e-08,0.0,0.0,0.0,8.999999999999999e-08
1759811048546019872,167549,1759811048537782912,base_link,-0.02075299757128684,-0.13118593823186456,0.031806920018867944,-0.9906301062590296,1.0,0.0,0.0,0.0,1.0,0.0,0.0,0.0,1.0,0.0005312231369316578,-0.0004214809741824861,0.0035885144025087357,1.2184696791468346e-07,0.0,0.0,0.0,1.2184696791468346e-07,0.0,0.0,0.0,1.2184696791468346e-07,-2.5944178104400635,0.2778685092926037,9.453341484069824,8.999999999999999e-08,0.0,0.0,0.0,8.999999999999999e-08,0.0,0.0,0.0,8.999999999999999e-08
1759811048549204256,167550,1759811048543782912,base_link,-0.020756364050811636,-0.1311900738913747,0.031810966116325015,-0.9906293476157563,1.0,0.0,0.0,0.0,1.0,0.0,0.0,0.0,1.0,0.002079928293824196,0.0012042182497680187,0.0007965062977746128,1.2184696791468346e-07,0.0,0.0,0.0,1.2184696791468346e-07,0.0,0.0,0.0,1.2184696791468346e-07,-2.6114864349365234,0.25971624255180475,9.478558540344238,8.999999999999999e-08,0.0,0.0,0.0,8.999999999999999e-08,0.0,0.0,0.0,8.999999999999999e-08
1759811048555933888,167551,1759811048548782912,base_link,-0.020760910642094756,-0.13119125927148906,0.03183735004349283,-0.9906282517976951,1.0,0.0,0.0,0.0,1.0,0.0,0.0,0.0,1.0,0.003002460114657879,-0.0012042835587635645,-0.007586359046399593,1.2184696791468346e-07,0.0,0.0,0.0,1.2184696791468346e-07,0.0,0.0,0.0,1.2184696791468346e-07,-2.5722084045410156,0.32554996013641474,9.49072551727295,8.999999999999999e-08,0.0,0.0,0.0,8.999999999999999e-08,0.0,0.0,0.0,8.999999999999999e-08
1759811048563033760,167552,1759811048553782912,base_link,-0.02076447205079393,-0.1311826507776807,0.03184881398628778,-0.9906289261472713,1.0,0.0,0.0,0.0,1.0,0.0,0.0,0.0,1.0,0.001262229634448886,-0.0004989443114027382,-0.0007733505917713045,1.2184696791468346e-07,0.0,0.0,0.0,1.2184696791468346e-07,0.0,0.0,0.0,1.2184696791468346e-07,-2.495176315307617,0.43836814165115473,9.50428295135498,8.999999999999999e-08,0.0,0.0,0.0,8.999999999999999e-08,0.0,0.0,0.0,8.999999999999999e-08
1759811048572292800,167553,1759811048564783424,base_link,-0.0207591404744573,-0.13118192374454388,0.03183279818385363,-0.9906296847905445,1.0,0.0,0.0,0.0,1.0,0.0,0.0,0.0,1.0,-0.0015817555831745267,-0.002019117586314678,0.0014889907324686649,1.2184696791468346e-07,0.0,0.0,0.0,1.2184696791468346e-07,0.0,0.0,0.0,1.2184696791468346e-07,-2.6041412353515625,0.2087077200412762,9.511659622192383,8.999999999999999e-08,0.0,0.0,0.0,8.999999999999999e-08,0.0,0.0,0.0,8.999999999999999e-08
1759811048576857056,167554,1759811048569783424,base_link,-0.020759230036510385,-0.13117538571466864,0.031847338846589884,-0.990630064112181,1.0,0.0,0.0,0.0,1.0,0.0,0.0,0.0,1.0,0.0010574108455330133,-0.001372561440803111,-0.0034839799627661705,1.2184696791468346e-07,0.0,0.0,0.0,1.2184696791468346e-07,0.0,0.0,0.0,1.2184696791468346e-07,-2.605112075805664,0.2521423995494854,9.450937271118164,8.999999999999999e-08,0.0,0.0,0.0,8.999999999999999e-08,0.0,0.0,0.0,8.999999999999999e-08
1759811048582830016,167555,1759811048574783424,base_link,-0.020756817129433138,-0.13118006401485335,0.031865461991449594,-0.9906288840004227,1.0,0.0,0.0,0.0,1.0,0.0,0.0,0.0,1.0,0.0008062133565545082,-0.00137111486401409,-0.006344496738165617,1.2184696791468346e-07,0.0,0.0,0.0,1.2184696791468346e-07,0.0,0.0,0.0,1.2184696791468346e-07,-2.475691556930542,0.4107934236526501,9.466963768005371,8.999999999999999e-08,0.0,0.0,0.0,8.999999999999999e-08,0.0,0.0,0.0,8.999999999999999e-08
1759811048590377248,167556,1759811048585783424,base_link,-0.020761948508239328,-0.13115981245414385,0.031851469237743964,-0.9906319185735155,1.0,0.0,0.0,0.0,1.0,0.0,0.0,0.0,1.0,0.0010184680577367544,-0.0024853330105543132,0.002667134162038565,1.2184696791468346e-07,0.0,0.0,0.0,1.2184696791468346e-07,0.0,0.0,0.0,1.2184696791468346e-07,-2.6287591457366943,0.2463404387235653,9.427434921264648,8.999999999999999e-08,0.0,0.0,0.0,8.999999999999999e-08,0.0,0.0,0.0,8.999999999999999e-08
1759811048597804640,167557,1759811048590783424,base_link,-0.02075998867978358,-0.1311545124879436,0.03185981431374915,-0.9906323400420006,1.0,0.0,0.0,0.0,1.0,0.0,0.0,0.0,1.0,0.0009235295001417398,-0.003304851707071066,-0.0015188745455816384,1.2184696791468346e-07,0.0,0.0,0.0,1.2184696791468346e-07,0.0,0.0,0.0,1.2184696791468346e-07,-2.620720624923706,0.2336548417806637,9.417369842529297,8.999999999999999e-08,0.0,0.0,0.0,8.999999999999999e-08,0.0,0.0,0.0,8.999999999999999e-08
1759811048607775648,167558,1759811048601783424,base_link,-0.020763934678475413,-0.13115238934044987,0.03188282649303608,-0.9906318342798185,1.0,0.0,0.0,0.0,1.0,0.0,0.0,0.0,1.0,0.001431106124073267,-0.00038731901440769423,0.0010895795421674848,1.2184696791468346e-07,0.0,0.0,0.0,1.2184696791468346e-07,0.0,0.0,0.0,1.2184696791468346e-07,-2.513878583908081,0.42501157522201655,9.423544883728027,8.999999999999999e-08,0.0,0.0,0.0,8.999999999999999e-08,0.0,0.0,0.0,8.999999999999999e-08
1759811048611780224,167559,1759811048606783424,base_link,-0.020765662699264355,-0.131148522367099,0.03186449261393382,-0.9906328879510312,1.0,0.0,0.0,0.0,1.0,0.0,0.0,0.0,1.0,-6.041734013706446e-05,-0.001530684879980981,0.0035990322940051556,1.2184696791468346e-07,0.0,0.0,0.0,1.2184696791468346e-07,0.0,0.0,0.0,1.2184696791468346e-07,-2.5683999061584473,0.3490355014801037,9.420696258544922,8.999999999999999e-08,0.0,0.0,0.0,8.999999999999999e-08,0.0,0.0,0.0,8.999999999999999e-08
1759811048621876224,167560,1759811048611783424,base_link,-0.020765831286658407,-0.1311504611221305,0.03186609419417724,-0.9906326350699401,1.0,0.0,0.0,0.0,1.0,0.0,0.0,0.0,1.0,0.002943254541605711,-0.0008618988795205954,-0.0024436661042273045,1.2184696791468346e-07,0.0,0.0,0.0,1.2184696791468346e-07,0.0,0.0,0.0,1.2184696791468346e-07,-2.639353036880493,0.25661289691925165,9.43402099609375,8.999999999999999e-08,0.0,0.0,0.0,8.999999999999999e-08,0.0,0.0,0.0,8.999999999999999e-08
1759811048624648320,167561,1759811048617783424,base_link,-0.020777885285332517,-0.13114721581479516,0.03188940140140375,-0.9906320028672125,1.0,0.0,0.0,0.0,1.0,0.0,0.0,0.0,1.0,0.002559579908847809,-0.00013859779573977059,-0.005302155390381813,1.2184696791468346e-07,0.0,0.0,0.0,1.2184696791468346e-07,0.0,0.0,0.0,1.2184696791468346e-07,-2.587052822113037,0.30172762274742243,9.476587295532227,8.999999999999999e-08,0.0,0.0,0.0,8.999999999999999e-08,0.0,0.0,0.0,8.999999999999999e-08
1759811048632662272,167562,1759811048627783424,base_link,-0.020771442085866412,-0.13113578875049264,0.03187675734685053,-0.9906341102096381,1.0,0.0,0.0,0.0,1.0,0.0,0.0,0.0,1.0,-0.00044702267041429877,-0.0027694986201822753,0.003200282342731953,1.2184696791468346e-07,0.0,0.0,0.0,1.2184696791468346e-07,0.0,0.0,0.0,1.2184696791468346e-07,-2.5518429279327393,0.36709406971931574,9.434856414794922,8.999999999999999e-08,0.0,0.0,0.0,8.999999999999999e-08,0.0,0.0,0.0,8.999999999999999e-08
1759811048638789472,167563,1759811048633783424,base_link,-0.020778812515999754,-0.13113842819688065,0.03187519791345563,-0.9906336465943045,1.0,0.0,0.0,0.0,1.0,0.0,0.0,0.0,1.0,0.0002369015710428357,-0.0007200032705441115,0.001956572290509939,1.2184696791468346e-07,0.0,0.0,0.0,1.2184696791468346e-07,0.0,0.0,0.0,1.2184696791468346e-07,-2.6218652725219727,0.2595584094524395,9.444211959838867,8.999999999999999e-08,0.0,0.0,0.0,8.999999999999999e-08,0.0,0.0,0.0,8.999999999999999e-08
1759811048644259872,167564,1759811048638783424,base_link,-0.020773106886382595,-0.13113961357699502,0.03187789531176028,-0.9906335623006074,1.0,0.0,0.0,0.0,1.0,0.0,0.0,0.0,1.0,-0.0004788261721841991,0.00013917835894972064,-0.0017016165656968951,1.2184696791468346e-07,0.0,0.0,0.0,1.2184696791468346e-07,0.0,0.0,0.0,1.2184696791468346e-07,-2.629060983657837,0.2257348001003277,9.463465690612793,8.999999999999999e-08,0.0,0.0,0.0,8.999999999999999e-08,0.0,0.0,0.0,8.999999999999999e-08
1759811048651489600,167565,1759811048643783424,base_link,-0.020777495426983796,-0.13114473968744514,0.03189277314928463,-0.9906322557483036,1.0,0.0,0.0,0.0,1.0,0.0,0.0,0.0,1.0,0.002584730042144656,0.0007154819904826578,-0.002297078724950552,1.2184696791468346e-07,0.0,0.0,0.0,1.2184696791468346e-07,0.0,0.0,0.0,1.2184696791468346e-07,-2.51869535446167,0.36772814393043635,9.422712326049805,8.999999999999999e-08,0.0,0.0,0.0,8.999999999999999e-08,0.0,0.0,0.0,8.999999999999999e-08
1759811048656401824,167566,1759811048649783424,base_link,-0.02078254778044903,-0.13114277459063334,0.031887841968008895,-0.9906325507762432,1.0,0.0,0.0,0.0,1.0,0.0,0.0,0.0,1.0,0.0010371699463576078,-0.0002901533152908083,0.0032338774763047695,1.2184696791468346e-07,0.0,0.0,0.0,1.2184696791468346e-07,0.0,0.0,0.0,1.2184696791468346e-07,-2.5231237411499023,0.3940266072750103,9.486505508422852,8.999999999999999e-08,0.0,0.0,0.0,8.999999999999999e-08,0.0,0.0,0.0,8.999999999999999e-08
1759811048666435296,167567,1759811048659783936,base_link,-0.020782405534835312,-0.13115501298176968,0.03188767338061486,-0.9906309491959998,1.0,0.0,0.0,0.0,1.0,0.0,0.0,0.0,1.0,-0.00028673402266576886,0.0029784799553453922,-0.0003574963193386797,1.2184696791468346e-07,0.0,0.0,0.0,1.2184696791468346e-07,0.0,0.0,0.0,1.2184696791468346e-07,-2.606293201446533,0.20790280401706812,9.413825988769531,8.999999999999999e-08,0.0,0.0,0.0,8.999999999999999e-08,0.0,0.0,0.0,8.999999999999999e-08
1759811048668826336,167568,1759811048664783936,base_link,-0.020767306426356286,-0.13115291617605626,0.031906386581353655,-0.9906309491959997,1.0,0.0,0.0,0.0,1.0,0.0,0.0,0.0,1.0,-0.001905570738017559,0.0007157108047977082,-0.006118325982242823,1.2184696791468346e-07,0.0,0.0,0.0,1.2184696791468346e-07,0.0,0.0,0.0,1.2184696791468346e-07,-2.580601930618286,0.3131109774112713,9.436686515808105,8.999999999999999e-08,0.0,0.0,0.0,8.999999999999999e-08,0.0,0.0,0.0,8.999999999999999e-08
1759811048677001664,167569,1759811048670783936,base_link,-0.020770604417252262,-0.13115847956005972,0.0318968192467417,-0.9906304855806661,1.0,0.0,0.0,0.0,1.0,0.0,0.0,0.0,1.0,-0.0015715120825916529,0.0002726912498474123,0.0016220923280343413,1.2184696791468346e-07,0.0,0.0,0.0,1.2184696791468346e-07,0.0,0.0,0.0,1.2184696791468346e-07,-2.5247278213500977,0.4024378359317791,9.487504005432129,8.999999999999999e-08,0.0,0.0,0.0,8.999999999999999e-08,0.0,0.0,0.0,8.999999999999999e-08
1759811048680457024,167570,1759811048675783936,base_link,-0.02076905552056948,-0.1311534219382384,0.03187625158466836,-0.9906318342798185,1.0,0.0,0.0,0.0,1.0,0.0,0.0,0.0,1.0,-0.0008577191038057208,-0.001125501352362334,0.005522564984858036,1.2184696791468346e-07,0.0,0.0,0.0,1.2184696791468346e-07,0.0,0.0,0.0,1.2184696791468346e-07,-2.5585291385650635,0.34048345685005305,9.492349624633789,8.999999999999999e-08,0.0,0.0,0.0,8.999999999999999e-08,0.0,0.0,0.0,8.999999999999999e-08
1759811048688886496,167571,1759811048680783936,base_link,-0.020773470402950994,-0.13115876405128715,0.031869845263694734,-0.9906312442239393,1.0,0.0,0.0,0.0,1.0,0.0,0.0,0.0,1.0,0.0007421732880175114,0.0004514181055128578,0.0032456121407449245,1.2184696791468346e-07,0.0,0.0,0.0,1.2184696791468346e-07,0.0,0.0,0.0,1.2184696791468346e-07,-2.61149001121521,0.25165909528732416,9.471647262573242,8.999999999999999e-08,0.0,0.0,0.0,8.999999999999999e-08,0.0,0.0,0.0,8.999999999999999e-08
1759811048691984800,167572,1759811048686783936,base_link,-0.020768217851955328,-0.13116858953534624,0.031884765248067604,-0.9906295583499989,1.0,0.0,0.0,0.0,1.0,0.0,0.0,0.0,1.0,0.001425361493602395,0.002836169674992561,-0.005183196626603603,1.2184696791468346e-07,0.0,0.0,0.0,1.2184696791468346e-07,0.0,0.0,0.0,1.2184696791468346e-07,-2.591048240661621,0.2547205090522778,9.469100952148438,8.999999999999999e-08,0.0,0.0,0.0,8.999999999999999e-08,0.0,0.0,0.0,8.999999999999999e-08
1759811048703087328,167573,1759811048696783936,base_link,-0.020777880016976457,-0.13117231953143946,0.03189222524025401,-0.9906285889724832,1.0,0.0,0.0,0.0,1.0,0.0,0.0,0.0,1.0,0.0013992518652230501,0.000584990542847663,-0.0016277192626148462,1.2184696791468346e-07,0.0,0.0,0.0,1.2184696791468346e-07,0.0,0.0,0.0,1.2184696791468346e-07,-2.527801275253296,0.389470160007478,9.50267505645752,8.999999999999999e-08,0.0,0.0,0.0,8.999999999999999e-08,0.0,0.0,0.0,8.999999999999999e-08
1759811048706807264,167574,1759811048701783936,base_link,-0.02078183128402435,-0.1311711921032418,0.031872289780908385,-0.9906293054689078,1.0,0.0,0.0,0.0,1.0,0.0,0.0,0.0,1.0,0.0015671667642891407,0.001217727665789426,0.005414523649960756,1.2184696791468346e-07,0.0,0.0,0.0,1.2184696791468346e-07,0.0,0.0,0.0,1.2184696791468346e-07,-2.56269907951355,0.23775963485241053,9.455419540405273,8.999999999999999e-08,0.0,0.0,0.0,8.999999999999999e-08,0.0,0.0,0.0,8.999999999999999e-08
1759811048712769248,167575,1759811048707783936,base_link,-0.020781430888963493,-0.1311759863072599,0.031879665479397766,-0.9906285046787862,1.0,0.0,0.0,0.0,1.0,0.0,0.0,0.0,1.0,0.0002175107365474105,0.0009089424856938421,-0.0005777624901384116,1.2184696791468346e-07,0.0,0.0,0.0,1.2184696791468346e-07,0.0,0.0,0.0,1.2184696791468346e-07,-2.631460428237915,0.22320902347564814,9.431731224060059,8.999999999999999e-08,0.0,0.0,0.0,8.999999999999999e-08,0.0,0.0,0.0,8.999999999999999e-08
1759811048718811104,167576,1759811048712783936,base_link,-0.020782510901956586,-0.1311840626971058,0.03189534410704383,-0.9906269030985427,1.0,0.0,0.0,0.0,1.0,0.0,0.0,0.0,1.0,0.0004820246249437332,0.002004203386604785,-0.006479980889707804,1.2184696791468346e-07,0.0,0.0,0.0,1.2184696791468346e-07,0.0,0.0,0.0,1.2184696791468346e-07,-2.5638344287872314,0.32189416885376093,9.45527458190918,8.999999999999999e-08,0.0,0.0,0.0,8.999999999999999e-08,0.0,0.0,0.0,8.999999999999999e-08
1759811048729242112,167577,1759811048723783936,base_link,-0.020774829638815474,-0.1311867600954105,0.03189496478540723,-0.9906266923643002,1.0,0.0,0.0,0.0,1.0,0.0,0.0,0.0,1.0,-0.002271004021167755,0.00043505517533049004,0.0011680229799821973,1.2184696791468346e-07,0.0,0.0,0.0,1.2184696791468346e-07,0.0,0.0,0.0,1.2184696791468346e-07,-2.5219922065734863,0.3302260637283337,9.454080581665039,8.999999999999999e-08,0.0,0.0,0.0,8.999999999999999e-08,0.0,0.0,0.0,8.999999999999999e-08
1759811048734995328,167578,1759811048728783936,base_link,-0.020766384464045107,-0.13119535278415068,0.031891298009586774,-0.9906258072804814,1.0,0.0,0.0,0.0,1.0,0.0,0.0,0.0,1.0,-0.003411270212382078,0.0026737169828265905,0.0004232170758768913,1.2184696791468346e-07,0.0,0.0,0.0,1.2184696791468346e-07,0.0,0.0,0.0,1.2184696791468346e-07,-2.5928385257720947,0.25100469589233515,9.411033630371094,8.999999999999999e-08,0.0,0.0,0.0,8.999999999999999e-08,0.0,0.0,0.0,8.999999999999999e-08
1759811048742066496,167579,1759811048739783936,base_link,-0.020770646564100773,-0.1312231222889633,0.03192037933505931,-0.9906211711271452,1.0,0.0,0.0,0.0,1.0,0.0,0.0,0.0,1.0,0.001478021964430809,0.004290142562240361,-0.005459077656269074,1.2184696791468346e-07,0.0,0.0,0.0,1.2184696791468346e-07,0.0,0.0,0.0,1.2184696791468346e-07,-2.515517473220825,0.41762292385101435,9.467846870422363,8.999999999999999e-08,0.0,0.0,0.0,8.999999999999999e-08,0.0,0.0,0.0,8.999999999999999e-08
1759811048748725536,167580,1759811048744783936,base_link,-0.020774824370459417,-0.13121586776266336,0.03191013765087112,-0.9906223090920551,1.0,0.0,0.0,0.0,1.0,0.0,0.0,0.0,1.0,0.0018574928399175406,0.000410033855587244,-0.000551254372112453,1.2184696791468346e-07,0.0,0.0,0.0,1.2184696791468346e-07,0.0,0.0,0.0,1.2184696791468346e-07,-2.5275979042053223,0.37968081235885737,9.44290542602539,8.999999999999999e-08,0.0,0.0,0.0,8.999999999999999e-08,0.0,0.0,0.0,8.999999999999999e-08
1759811048756261312,167581,1759811048749783936,base_link,-0.020766890226227235,-0.131220293181757,0.03188788411485739,-0.990622646266843,1.0,0.0,0.0,0.0,1.0,0.0,0.0,0.0,1.0,-0.00046447041677311063,0.0006850229110568768,0.005347243510186672,1.2184696791468346e-07,0.0,0.0,0.0,1.2184696791468346e-07,0.0,0.0,0.0,1.2184696791468346e-07,-2.6110715866088867,0.28618201613426325,9.472152709960938,8.999999999999999e-08,0.0,0.0,0.0,8.999999999999999e-08,0.0,0.0,0.0,8.999999999999999e-08
1759811048762098944,167582,1759811048754783168,base_link,-0.02077488759073218,-0.13122064089325722,0.0318909608347987,-0.9906223512389035,1.0,0.0,0.0,0.0,1.0,0.0,0.0,0.0,1.0,0.002272828947752714,0.0008549297926947473,-0.0008688475936651231,1.2184696791468346e-07,0.0,0.0,0.0,1.2184696791468346e-07,0.0,0.0,0.0,1.2184696791468346e-07,-2.6398162841796875,0.2567622363567364,9.468628883361816,8.999999999999999e-08,0.0,0.0,0.0,8.999999999999999e-08,0.0,0.0,0.0,8.999999999999999e-08
1759811048771659424,167583,1759811048765783168,base_link,-0.020789581035794293,-0.13123091945593782,0.03189880014862171,-0.990620412483872,1.0,0.0,0.0,0.0,1.0,0.0,0.0,0.0,1.0,0.0030641229823231697,0.0014056310756132004,-0.0014117686077952387,1.2184696791468346e-07,0.0,0.0,0.0,1.2184696791468346e-07,0.0,0.0,0.0,1.2184696791468346e-07,-2.5382027626037598,0.4074284434318554,9.463214874267578,8.999999999999999e-08,0.0,0.0,0.0,8.999999999999999e-08,0.0,0.0,0.0,8.999999999999999e-08
1759811048780899808,167584,1759811048775783168,base_link,-0.02078481844191255,-0.13122477655276735,0.031886366828310996,-0.9906217190361759,1.0,0.0,0.0,0.0,1.0,0.0,0.0,0.0,1.0,0.00036787742283195257,-0.0016607978614047168,0.0011681217001751067,1.2184696791468346e-07,0.0,0.0,0.0,1.2184696791468346e-07,0.0,0.0,0.0,1.2184696791468346e-07,-2.5488810539245605,0.4059405624866497,9.461852073669434,8.999999999999999e-08,0.0,0.0,0.0,8.999999999999999e-08,0.0,0.0,0.0,8.999999999999999e-08
1759811048785164960,167585,1759811048781783168,base_link,-0.020777279424385172,-0.13121780651769485,0.03190019099462257,-0.9906223090920551,1.0,0.0,0.0,0.0,1.0,0.0,0.0,0.0,1.0,-0.0012642458314076066,-0.002741050906479359,-0.004146973602473736,1.2184696791468346e-07,0.0,0.0,0.0,1.2184696791468346e-07,0.0,0.0,0.0,1.2184696791468346e-07,-2.6131787300109863,0.21328815817833063,9.453710556030273,8.999999999999999e-08,0.0,0.0,0.0,8.999999999999999e-08,0.0,0.0,0.0,8.999999999999999e-08
1759811048794555968,167586,1759811048786783168,base_link,-0.020775309059217283,-0.13122217925322785,0.03191709188087545,-0.9906212554208422,1.0,0.0,0.0,0.0,1.0,0.0,0.0,0.0,1.0,-0.00026453513419255614,-0.00012283981777727596,0.0006795554654672742,1.2184696791468346e-07,0.0,0.0,0.0,1.2184696791468346e-07,0.0,0.0,0.0,1.2184696791468346e-07,-2.5285418033599854,0.4149776697158825,9.436646461486816,8.999999999999999e-08,0.0,0.0,0.0,8.999999999999999e-08,0.0,0.0,0.0,8.999999999999999e-08
1759811048803271136,167587,1759811048797783168,base_link,-0.020785387424367464,-0.1312099408620915,0.03189037077891954,-0.9906235313506618,1.0,0.0,0.0,0.0,1.0,0.0,0.0,0.0,1.0,0.0017800657078623772,-0.0020481594838201995,0.004138458054512739,1.2184696791468346e-07,0.0,0.0,0.0,1.2184696791468346e-07,0.0,0.0,0.0,1.2184696791468346e-07,-2.6236350536346436,0.2433139234781277,9.420026779174805,8.999999999999999e-08,0.0,0.0,0.0,8.999999999999999e-08,0.0,0.0,0.0,8.999999999999999e-08
1759811048807962848,167588,1759811048802783168,base_link,-0.020784323216442555,-0.1312163155729288,0.031903309861412384,-0.9906223090920551,1.0,0.0,0.0,0.0,1.0,0.0,0.0,0.0,1.0,0.0007265352178364992,0.00016187562141567447,-0.0017367289401590824,1.2184696791468346e-07,0.0,0.0,0.0,1.2184696791468346e-07,0.0,0.0,0.0,1.2184696791468346e-07,-2.5802245140075684,0.2323793768882763,9.473809242248535,8.999999999999999e-08,0.0,0.0,0.0,8.999999999999999e-08,0.0,0.0,0.0,8.999999999999999e-08
1759811048814826368,167589,1759811048813783168,base_link,-0.020780877711576787,-0.13121862311288476,0.031906344434505185,-0.990621971917267,1.0,0.0,0.0,0.0,1.0,0.0,0.0,0.0,1.0,-0.00033644004724919796,0.000280384556390345,-0.0010369529481977224,1.2184696791468346e-07,0.0,0.0,0.0,1.2184696791468346e-07,0.0,0.0,0.0,1.2184696791468346e-07,-2.5802245140075684,0.2323793768882763,9.473809242248535,8.999999999999999e-08,0.0,0.0,0.0,8.999999999999999e-08,0.0,0.0,0.0,8.999999999999999e-08
1759811048822731200,167590,1759811048818783168,base_link,-0.020779228716128795,-0.13121987171327187,0.03188720976528121,-0.990622477679449,1.0,0.0,0.0,0.0,1.0,0.0,0.0,0.0,1.0,-0.0006794153014197946,0.00042781175579875767,0.005055774934589863,1.2184696791468346e-07,0.0,0.0,0.0,1.2184696791468346e-07,0.0,0.0,0.0,1.2184696791468346e-07,-2.508469581604004,0.4100227653980267,9.511273384094238,8.999999999999999e-08,0.0,0.0,0.0,8.999999999999999e-08,0.0,0.0,0.0,8.999999999999999e-08
1759811048828731712,167591,1759811048823783168,base_link,-0.02078707856666396,-0.13122353848909232,0.03189037077891955,-0.9906216768893273,1.0,0.0,0.0,0.0,1.0,0.0,0.0,0.0,1.0,0.001201795181259513,0.0008437304059043528,0.0007565071573480963,1.2184696791468346e-07,0.0,0.0,0.0,1.2184696791468346e-07,0.0,0.0,0.0,1.2184696791468346e-07,-2.585240364074707,0.29797977209091303,9.433857917785645,8.999999999999999e-08,0.0,0.0,0.0,8.999999999999999e-08,0.0,0.0,0.0,8.999999999999999e-08
1759811048834717120,167592,1759811048828783168,base_link,-0.02078532947245075,-0.131228543427353,0.031900612463107686,-0.9906207075118116,1.0,0.0,0.0,0.0,1.0,0.0,0.0,0.0,1.0,-0.0009283374529331923,0.0006886603659950192,-0.0032186107710003853,1.2184696791468346e-07,0.0,0.0,0.0,1.2184696791468346e-07,0.0,0.0,0.0,1.2184696791468346e-07,-2.5690410137176514,0.33644255995750544,9.496296882629395,8.999999999999999e-08,0.0,0.0,0.0,8.999999999999999e-08,0.0,0.0,0.0,8.999999999999999e-08
1759811048841003424,167593,1759811048834783168,base_link,-0.020778896809696776,-0.1312314146814078,0.03190322556771537,-0.9906204546307206,1.0,0.0,0.0,0.0,1.0,0.0,0.0,0.0,1.0,-9.968341328203678e-05,-0.00029341282788664086,0.0011567786568775773,1.2184696791468346e-07,0.0,0.0,0.0,1.2184696791468346e-07,0.0,0.0,0.0,1.2184696791468346e-07,-2.5256457328796387,0.4282608032226574,9.473763465881348,8.999999999999999e-08,0.0,0.0,0.0,8.999999999999999e-08,0.0,0.0,0.0,8.999999999999999e-08
1759811048850715584,167594,1759811048844783168,base_link,-0.020779065397090818,-0.1312289385540578,0.03189736715577233,-0.9906209182460541,1.0,0.0,0.0,0.0,1.0,0.0,0.0,0.0,1.0,-4.420999903231859e-05,0.00011350843124091609,-0.0013800414744764566,1.2184696791468346e-07,0.0,0.0,0.0,1.2184696791468346e-07,0.0,0.0,0.0,1.2184696791468346e-07,-2.5558431148529053,0.3362655639648449,9.481120109558105,8.999999999999999e-08,0.0,0.0,0.0,8.999999999999999e-08,0.0,0.0,0.0,8.999999999999999e-08
1759811048856299168,167595,1759811048850783168,base_link,-0.020775203692096015,-0.13124079762355753,0.03191135990947795,-0.9906189794910226,1.0,0.0,0.0,0.0,1.0,0.0,0.0,0.0,1.0,-0.0013179697562009096,0.0018905693432316178,-0.005784070119261742,1.2184696791468346e-07,0.0,0.0,0.0,1.2184696791468346e-07,0.0,0.0,0.0,1.2184696791468346e-07,-2.5835092067718506,0.1874832212924969,9.456954002380371,8.999999999999999e-08,0.0,0.0,0.0,8.999999999999999e-08,0.0,0.0,0.0,8.999999999999999e-08
1759811048860949536,167596,1759811048855782400,base_link,-0.020764198096278604,-0.1312379895897755,0.03192227594324226,-0.9906192745189623,1.0,0.0,0.0,0.0,1.0,0.0,0.0,0.0,1.0,-0.0029565608128905296,-0.0015288788126781583,-0.0002090475754812358,1.2184696791468346e-07,0.0,0.0,0.0,1.2184696791468346e-07,0.0,0.0,0.0,1.2184696791468346e-07,-2.509338617324829,0.38952150940895197,9.451032638549805,8.999999999999999e-08,0.0,0.0,0.0,8.999999999999999e-08,0.0,0.0,0.0,8.999999999999999e-08
1759811048869611648,167597,1759811048865782400,base_link,-0.020767517160598836,-0.13122006664244623,0.03189450117007357,-0.9906224355326005,1.0,0.0,0.0,0.0,1.0,0.0,0.0,0.0,1.0,-5.6197051890194416e-05,-0.0035541821271181102,0.00504731945693493,1.2184696791468346e-07,0.0,0.0,0.0,1.2184696791468346e-07,0.0,0.0,0.0,1.2184696791468346e-07,-2.5829885005950928,0.22110964357853052,9.413236618041992,8.999999999999999e-08,0.0,0.0,0.0,8.999999999999999e-08,0.0,0.0,0.0,8.999999999999999e-08
1759811048877205024,167598,1759811048871782400,base_link,-0.020755658091099083,-0.13121468765090505,0.031913214370812425,-0.9906227727073886,1.0,0.0,0.0,0.0,1.0,0.0,0.0,0.0,1.0,-0.0021331433672457933,-0.0020584766753017907,-0.002951418980956077,1.2184696791468346e-07,0.0,0.0,0.0,1.2184696791468346e-07,0.0,0.0,0.0,1.2184696791468346e-07,-2.583045721054077,0.2351465523242962,9.456182479858398,8.999999999999999e-08,0.0,0.0,0.0,8.999999999999999e-08,0.0,0.0,0.0,8.999999999999999e-08
1759811048879013984,167599,1759811048876782400,base_link,-0.02075135384419491,-0.13122070938188604,0.031934203501370884,-0.9906214240082363,1.0,0.0,0.0,0.0,1.0,0.0,0.0,0.0,1.0,-0.0012332575861364603,-0.00015633949078619561,-0.006534367334097624,1.2184696791468346e-07,0.0,0.0,0.0,1.2184696791468346e-07,0.0,0.0,0.0,1.2184696791468346e-07,-2.583045721054077,0.2351465523242962,9.456182479858398,8.999999999999999e-08,0.0,0.0,0.0,8.999999999999999e-08,0.0,0.0,0.0,8.999999999999999e-08
1759811048892544064,167600,1759811048887782400,base_link,-0.02074130708918113,-0.13120454079712604,0.03193555220052323,-0.9906236999380559,1.0,0.0,0.0,0.0,1.0,0.0,0.0,0.0,1.0,-0.0014875615015625954,-0.002081544604152441,-0.0007714371895417569,1.2184696791468346e-07,0.0,0.0,0.0,1.2184696791468346e-07,0.0,0.0,0.0,1.2184696791468346e-07,-2.598189353942871,0.33607414364814875,9.453906059265137,8.999999999999999e-08,0.0,0.0,0.0,8.999999999999999e-08,0.0,0.0,0.0,8.999999999999999e-08
1759811048896728384,167601,1759811048892782400,base_link,-0.02072700350246774,-0.1312010900239042,0.031931801131005744,-0.9906245850218746,1.0,0.0,0.0,0.0,1.0,0.0,0.0,0.0,1.0,-0.0038939823862165213,-0.0014748830581083892,0.0014481149846687915,1.2184696791468346e-07,0.0,0.0,0.0,1.2184696791468346e-07,0.0,0.0,0.0,1.2184696791468346e-07,-2.5653209686279297,0.22845508158207056,9.486615180969238,8.999999999999999e-08,0.0,0.0,0.0,8.999999999999999e-08,0.0,0.0,0.0,8.999999999999999e-08
1759811048902030656,167602,1759811048897782400,base_link,-0.020726555692202317,-0.13120489904533839,0.03195064077229014,-0.9906235313506618,1.0,0.0,0.0,0.0,1.0,0.0,0.0,0.0,1.0,-0.0015466449549421668,0.0005810310249216849,-0.0045403242111206055,1.2184696791468346e-07,0.0,0.0,0.0,1.2184696791468346e-07,0.0,0.0,0.0,1.2184696791468346e-07,-2.5438127517700195,0.3197105824947369,9.446772575378418,8.999999999999999e-08,0.0,0.0,0.0,8.999999999999999e-08,0.0,0.0,0.0,8.999999999999999e-08
1759811048910128896,167603,1759811048902782400,base_link,-0.020714122371891595,-0.1312096932493565,0.031961177484417846,-0.9906227727073886,1.0,0.0,0.0,0.0,1.0,0.0,0.0,0.0,1.0,-0.0008250290411524475,0.0011897105723619459,-0.0022178550716489553,1.2184696791468346e-07,0.0,0.0,0.0,1.2184696791468346e-07,0.0,0.0,0.0,1.2184696791468346e-07,-2.5289547443389893,0.4310875833034527,9.499625205993652,8.999999999999999e-08,0.0,0.0,0.0,8.999999999999999e-08,0.0,0.0,0.0,8.999999999999999e-08
1759811048918759936,167604,1759811048913782400,base_link,-0.020724422007996453,-0.1312055681265585,0.03194798552083394,-0.9906235734975104,1.0,0.0,0.0,0.0,1.0,0.0,0.0,0.0,1.0,0.0028966479003429413,-0.0009061502059921619,0.002481889445334673,1.2184696791468346e-07,0.0,0.0,0.0,1.2184696791468346e-07,0.0,0.0,0.0,1.2184696791468346e-07,-2.6132798194885254,0.2423852980136883,9.463044166564941,8.999999999999999e-08,0.0,0.0,0.0,8.999999999999999e-08,0.0,0.0,0.0,8.999999999999999e-08
1759811048931439008,167605,1759811048918782400,base_link,-0.02071893764933396,-0.13120818649952223,0.031962399743024665,-0.9906228991479342,1.0,0.0,0.0,0.0,1.0,0.0,0.0,0.0,1.0,-0.000138827133923769,-0.0007390134269371632,-0.0023240968585014343,1.2184696791468346e-07,0.0,0.0,0.0,1.2184696791468346e-07,0.0,0.0,0.0,1.2184696791468346e-07,-2.5792219638824463,0.2904759347438824,9.435317039489746,8.999999999999999e-08,0.0,0.0,0.0,8.999999999999999e-08,0.0,0.0,0.0,8.999999999999999e-08
1759811048934830752,167606,1759811048929782400,base_link,-0.02073101272143234,-0.13121214830328226,0.03194039908810195,-0.9906227305605402,1.0,0.0,0.0,0.0,1.0,0.0,0.0,0.0,1.0,0.0012625940144062042,0.0008939743274822835,0.0031415345147252083,1.2184696791468346e-07,0.0,0.0,0.0,1.2184696791468346e-07,0.0,0.0,0.0,1.2184696791468346e-07,-2.5315744876861572,0.3905069231987011,9.409873962402344,8.999999999999999e-08,0.0,0.0,0.0,8.999999999999999e-08,0.0,0.0,0.0,8.999999999999999e-08
1759811048940479456,167607,1759811048934782400,base_link,-0.020732940939751705,-0.13120821810965863,0.0319222759432423,-0.9906238263786015,1.0,0.0,0.0,0.0,1.0,0.0,0.0,0.0,1.0,0.0010958989150822163,-0.00020268163643777286,0.006842015311121941,1.2184696791468346e-07,0.0,0.0,0.0,1.2184696791468346e-07,0.0,0.0,0.0,1.2184696791468346e-07,-2.4996371269226074,0.4095673263072979,9.46632194519043,8.999999999999999e-08,0.0,0.0,0.0,8.999999999999999e-08,0.0,0.0,0.0,8.999999999999999e-08
1759811048945875232,167608,1759811048939782400,base_link,-0.020747987364670102,-0.13120662706612735,0.03192977808227721,-0.9906234892038133,1.0,0.0,0.0,0.0,1.0,0.0,0.0,0.0,1.0,0.0016509857960045338,0.0008616840932518243,-0.0007733184611424805,1.2184696791468346e-07,0.0,0.0,0.0,1.2184696791468346e-07,0.0,0.0,0.0,1.2184696791468346e-07,-2.5745978355407715,0.28644791245460627,9.472562789916992,8.999999999999999e-08,0.0,0.0,0.0,8.999999999999999e-08,0.0,0.0,0.0,8.999999999999999e-08
1759811048952211936,167609,1759811048945782400,base_link,-0.020743498725303688,-0.13121004096085673,0.03193647943119042,-0.9906229412947827,1.0,0.0,0.0,0.0,1.0,0.0,0.0,0.0,1.0,0.0016286151949316263,0.0004029103438369928,-0.001512315939180553,1.2184696791468346e-07,0.0,0.0,0.0,1.2184696791468346e-07,0.0,0.0,0.0,1.2184696791468346e-07,-2.5566275119781494,0.36857199668884394,9.438512802124023,8.999999999999999e-08,0.0,0.0,0.0,8.999999999999999e-08,0.0,0.0,0.0,8.999999999999999e-08
1759811048958062240,167610,1759811048950782400,base_link,-0.020751369649263097,-0.13121633137799696,0.0319262798938508,-0.9906222669452065,1.0,0.0,0.0,0.0,1.0,0.0,0.0,0.0,1.0,-0.0001624042633920908,0.0008100821287371225,0.005109129473567009,1.2184696791468346e-07,0.0,0.0,0.0,1.2184696791468346e-07,0.0,0.0,0.0,1.2184696791468346e-07,-2.5356922149658203,0.4263801872730267,9.477161407470703,8.999999999999999e-08,0.0,0.0,0.0,8.999999999999999e-08,0.0,0.0,0.0,8.999999999999999e-08
1759811048972783808,167611,1759811048961781632,base_link,-0.02074559026266105,-0.13121804359371772,0.03190094963789576,-0.9906229834416311,1.0,0.0,0.0,0.0,1.0,0.0,0.0,0.0,1.0,-0.000528395758010447,0.0005617964779958133,0.0035046101547777653,1.2184696791468346e-07,0.0,0.0,0.0,1.2184696791468346e-07,0.0,0.0,0.0,1.2184696791468346e-07,-2.6178994178771973,0.23349431157112238,9.465287208557129,8.999999999999999e-08,0.0,0.0,0.0,8.999999999999999e-08,0.0,0.0,0.0,8.999999999999999e-08
1759811048974022400,167612,1759811048966781632,base_link,-0.020741665337393474,-0.13122735277888256,0.031924594019910366,-0.9906210868334482,1.0,0.0,0.0,0.0,1.0,0.0,0.0,0.0,1.0,0.0005143120652064681,0.001813248614780604,-0.006295813247561455,1.2184696791468346e-07,0.0,0.0,0.0,1.2184696791468346e-07,0.0,0.0,0.0,1.2184696791468346e-07,-2.580909490585327,0.2848749160766613,9.495603561401367,8.999999999999999e-08,0.0,0.0,0.0,8.999999999999999e-08,0.0,0.0,0.0,8.999999999999999e-08
1759811048978765568,167613,1759811048972781632,base_link,-0.020745864217176366,-0.1312303083266344,0.031934245648219346,-0.9906202860433265,1.0,0.0,0.0,0.0,1.0,0.0,0.0,0.0,1.0,0.0007611969485878944,-0.00013156316708773407,-0.002646518172696233,1.2184696791468346e-07,0.0,0.0,0.0,1.2184696791468346e-07,0.0,0.0,0.0,1.2184696791468346e-07,-2.526927947998047,0.43958809971809504,9.51279354095459,8.999999999999999e-08,0.0,0.0,0.0,8.999999999999999e-08,0.0,0.0,0.0,8.999999999999999e-08
1759811048986874496,167614,1759811048982781632,base_link,-0.020733873438775023,-0.13123130931428653,0.03191856702057334,-0.9906208760992057,1.0,0.0,0.0,0.0,1.0,0.0,0.0,0.0,1.0,-0.003078291192650795,7.654586806893379e-05,0.0024219821207225323,1.2184696791468346e-07,0.0,0.0,0.0,1.2184696791468346e-07,0.0,0.0,0.0,1.2184696791468346e-07,-2.5958118438720703,0.23599992692470667,9.442581176757812,8.999999999999999e-08,0.0,0.0,0.0,8.999999999999999e-08,0.0,0.0,0.0,8.999999999999999e-08
1759811048993391136,167615,1759811048987781632,base_link,-0.02073885730361143,-0.13123071925840737,0.03192859797051892,-0.9906205389244176,1.0,0.0,0.0,0.0,1.0,0.0,0.0,0.0,1.0,0.0009877653792500496,0.00044691254151985044,-0.0004539090441539884,1.2184696791468346e-07,0.0,0.0,0.0,1.2184696791468346e-07,0.0,0.0,0.0,1.2184696791468346e-07,-2.577627182006836,0.25928080081939814,9.451038360595703,8.999999999999999e-08,0.0,0.0,0.0,8.999999999999999e-08,0.0,0.0,0.0,8.999999999999999e-08
1759811049002868032,167616,1759811048998781632,base_link,-0.020749657433542353,-0.13123318484904525,0.031949039192046676,-0.9906193166658107,1.0,0.0,0.0,0.0,1.0,0.0,0.0,0.0,1.0,0.0028228056617081165,0.0006227653357200319,-0.00432582339271903,1.2184696791468346e-07,0.0,0.0,0.0,1.2184696791468346e-07,0.0,0.0,0.0,1.2184696791468346e-07,-2.520294189453125,0.39902365207672236,9.487102508544922,8.999999999999999e-08,0.0,0.0,0.0,8.999999999999999e-08,0.0,0.0,0.0,8.999999999999999e-08
1759811049010343328,167617,1759811049003781632,base_link,-0.020746512224972223,-0.13124212524928563,0.03193369773918871,-0.9906187266099316,1.0,0.0,0.0,0.0,1.0,0.0,0.0,0.0,1.0,-0.0003192490548826754,0.001140923355706036,0.0007852738490328192,1.2184696791468346e-07,0.0,0.0,0.0,1.2184696791468346e-07,0.0,0.0,0.0,1.2184696791468346e-07,-2.5715699195861816,0.31569999456405756,9.457538604736328,8.999999999999999e-08,0.0,0.0,0.0,8.999999999999999e-08,0.0,0.0,0.0,8.999999999999999e-08
1759811049014146240,167618,1759811049008781632,base_link,-0.020753908996885888,-0.13123419110505347,0.03192484690100143,-0.9906199067216899,1.0,0.0,0.0,0.0,1.0,0.0,0.0,0.0,1.0,0.00041941076051443815,-0.001339828944765031,0.004245570860803127,1.2184696791468346e-07,0.0,0.0,0.0,1.2184696791468346e-07,0.0,0.0,0.0,1.2184696791468346e-07,-2.6092817783355713,0.244996026158334,9.438239097595215,8.999999999999999e-08,0.0,0.0,0.0,8.999999999999999e-08,0.0,0.0,0.0,8.999999999999999e-08
1759811049019800800,167619,1759811049013781632,base_link,-0.020753919533598005,-0.131233411388356,0.03193091604718703,-0.990619822427993,1.0,0.0,0.0,0.0,1.0,0.0,0.0,0.0,1.0,0.0009942699689418077,-0.0003420474240556363,-0.0029312316328287125,1.2184696791468346e-07,0.0,0.0,0.0,1.2184696791468346e-07,0.0,0.0,0.0,1.2184696791468346e-07,-2.5721330642700195,0.30728998780250666,9.468669891357422,8.999999999999999e-08,0.0,0.0,0.0,8.999999999999999e-08,0.0,0.0,0.0,8.999999999999999e-08
1759811049026810880,167620,1759811049019781632,base_link,-0.020751806922816408,-0.13123796851635125,0.03194082055658708,-0.9906189373441742,1.0,0.0,0.0,0.0,1.0,0.0,0.0,0.0,1.0,-0.0005674036801792681,-0.0006349808536469936,0.0003297886578366161,1.2184696791468346e-07,0.0,0.0,0.0,1.2184696791468346e-07,0.0,0.0,0.0,1.2184696791468346e-07,-2.507521867752075,0.39448013901710627,9.458175659179688,8.999999999999999e-08,0.0,0.0,0.0,8.999999999999999e-08,0.0,0.0,0.0,8.999999999999999e-08
1759811049032117344,167621,1759811049024781632,base_link,-0.02075108515803566,-0.1312266046723215,0.03192370893609163,-0.9906209603929027,1.0,0.0,0.0,0.0,1.0,0.0,0.0,0.0,1.0,-0.002342092338949442,-0.00283930217847228,0.004376998636871576,1.2184696791468346e-07,0.0,0.0,0.0,1.2184696791468346e-07,0.0,0.0,0.0,1.2184696791468346e-07,-2.524482250213623,0.38810396194458124,9.47501277923584,8.999999999999999e-08,0.0,0.0,0.0,8.999999999999999e-08,0.0,0.0,0.0,8.999999999999999e-08
1759811049037123680,167622,1759811049029781632,base_link,-0.02074212368437103,-0.13122511372755544,0.03191734476196652,-0.9906215925956303,1.0,0.0,0.0,0.0,1.0,0.0,0.0,0.0,1.0,-0.001808795495890081,-0.0016981285298243165,0.0004750200314447286,1.2184696791468346e-07,0.0,0.0,0.0,1.2184696791468346e-07,0.0,0.0,0.0,1.2184696791468346e-07,-2.6211555004119873,0.23987126350402949,9.44586181640625,8.999999999999999e-08,0.0,0.0,0.0,8.999999999999999e-08,0.0,0.0,0.0,8.999999999999999e-08
1759811049042337632,167623,1759811049035781632,base_link,-0.020745521774032216,-0.13121907092315016,0.03194465591980157,-0.9906214240082363,1.0,0.0,0.0,0.0,1.0,0.0,0.0,0.0,1.0,0.001144804060459137,-0.001833923743106426,-0.008915906772017479,1.2184696791468346e-07,0.0,0.0,0.0,1.2184696791468346e-07,0.0,0.0,0.0,1.2184696791468346e-07,-2.6126925945281982,0.25734651088714716,9.47558879852295,8.999999999999999e-08,0.0,0.0,0.0,8.999999999999999e-08,0.0,0.0,0.0,8.999999999999999e-08
1759811049050884064,167624,1759811049040781632,base_link,-0.020743525067084007,-0.131219634637249,0.03196484426023826,-0.9906207075118116,1.0,0.0,0.0,0.0,1.0,0.0,0.0,0.0,1.0,0.0009515215642750263,0.001292385626584291,-0.004141275305300951,1.2184696791468346e-07,0.0,0.0,0.0,1.2184696791468346e-07,0.0,0.0,0.0,1.2184696791468346e-07,-2.5096492767333984,0.38300874829292414,9.460490226745605,8.999999999999999e-08,0.0,0.0,0.0,8.999999999999999e-08,0.0,0.0,0.0,8.999999999999999e-08
1759811049058039040,167625,1759811049051781632,base_link,-0.02074673349592691,-0.1312344334494324,0.03193694304652406,-0.9906196116937503,1.0,0.0,0.0,0.0,1.0,0.0,0.0,0.0,1.0,0.0007392368279397488,0.0007883600192144519,0.004292517434805632,1.2184696791468346e-07,0.0,0.0,0.0,1.2184696791468346e-07,0.0,0.0,0.0,1.2184696791468346e-07,-2.5792109966278076,0.2832122445106518,9.450148582458496,8.999999999999999e-08,0.0,0.0,0.0,8.999999999999999e-08,0.0,0.0,0.0,8.999999999999999e-08
1759811049059872224,167626,1759811049056781632,base_link,-0.020751316965702465,-0.13122890167556533,0.03194242213683049,-0.9906200331622355,1.0,0.0,0.0,0.0,1.0,0.0,0.0,0.0,1.0,0.0009845779277384281,-0.0006008642958477136,0.002405719365924597,1.2184696791468346e-07,0.0,0.0,0.0,1.2184696791468346e-07,0.0,0.0,0.0,1.2184696791468346e-07,-2.5991768836975098,0.2274634242057812,9.406360626220703,8.999999999999999e-08,0.0,0.0,0.0,8.999999999999999e-08,0.0,0.0,0.0,8.999999999999999e-08
1759811049067249664,167627,1759811049061779584,base_link,-0.020748503663564365,-0.13123714138444922,0.0319544761355046,-0.9906186844630831,1.0,0.0,0.0,0.0,1.0,0.0,0.0,0.0,1.0,-3.9078760892152786e-05,0.0012091308599337933,-0.002641875995323062,1.2184696791468346e-07,0.0,0.0,0.0,1.2184696791468346e-07,0.0,0.0,0.0,1.2184696791468346e-07,-2.5580451488494873,0.3281033039093029,9.463827133178711,8.999999999999999e-08,0.0,0.0,0.0,8.999999999999999e-08,0.0,0.0,0.0,8.999999999999999e-08
1759811049074855168,167628,1759811049072779584,base_link,-0.02075175423925577,-0.13122551412261627,0.03193496214464403,-0.9906207496586601,1.0,0.0,0.0,0.0,1.0,0.0,0.0,0.0,1.0,0.0005249318201094866,-0.0019174042390659447,0.0035165697336196904,1.2184696791468346e-07,0.0,0.0,0.0,1.2184696791468346e-07,0.0,0.0,0.0,1.2184696791468346e-07,-2.5155208110809326,0.4304150342941296,9.458944320678711,8.999999999999999e-08,0.0,0.0,0.0,8.999999999999999e-08,0.0,0.0,0.0,8.999999999999999e-08
1759811049079848512,167629,1759811049077779584,base_link,-0.020757781238592826,-0.13123218386139313,0.031930073110216804,-0.99061990672169,1.0,0.0,0.0,0.0,1.0,0.0,0.0,0.0,1.0,0.0014873421750962734,6.044795736670544e-05,0.004076370503753424,1.2184696791468346e-07,0.0,0.0,0.0,1.2184696791468346e-07,0.0,0.0,0.0,1.2184696791468346e-07,-2.5651071071624756,0.3227150142192852,9.453356742858887,8.999999999999999e-08,0.0,0.0,0.0,8.999999999999999e-08,0.0,0.0,0.0,8.999999999999999e-08
1759811049090066336,167630,1759811049082779584,base_link,-0.020757033132031758,-0.13123140414469567,0.03194018835385941,-0.9906196538405988,1.0,0.0,0.0,0.0,1.0,0.0,0.0,0.0,1.0,0.0001586958533152938,0.0011490609031170602,-0.002799602225422859,1.2184696791468346e-07,0.0,0.0,0.0,1.2184696791468346e-07,0.0,0.0,0.0,1.2184696791468346e-07,-2.596752405166626,0.2513076066970837,9.530532836914062,8.999999999999999e-08,0.0,0.0,0.0,8.999999999999999e-08,0.0,0.0,0.0,8.999999999999999e-08
1759811049096760480,167631,1759811049093779584,base_link,-0.020759530332806024,-0.13123641961966848,0.031945962472105426,-0.9906187687567801,1.0,0.0,0.0,0.0,1.0,0.0,0.0,0.0,1.0,0.0010436142329126596,0.0004811707185581325,-0.0014906852738931775,1.2184696791468346e-07,0.0,0.0,0.0,1.2184696791468346e-07,0.0,0.0,0.0,1.2184696791468346e-07,-2.47308349609375,0.41072648763656733,9.45497989654541,8.999999999999999e-08,0.0,0.0,0.0,8.999999999999999e-08,0.0,0.0,0.0,8.999999999999999e-08
1759811049104862016,167632,1759811049102779584,base_link,-0.02076407692408914,-0.13123655132857007,0.03194162134670878,-0.9906188109036287,1.0,0.0,0.0,0.0,1.0,0.0,0.0,0.0,1.0,0.00111049460247159,-0.00021425180602818736,-0.0006255857879295945,1.2184696791468346e-07,0.0,0.0,0.0,1.2184696791468346e-07,0.0,0.0,0.0,1.2184696791468346e-07,-2.5349161624908447,0.3679520785808575,9.432092666625977,8.999999999999999e-08,0.0,0.0,0.0,8.999999999999999e-08,0.0,0.0,0.0,8.999999999999999e-08
1759811049115987328,167633,1759811049109779584,base_link,-0.020767021935128836,-0.1312390432609883,0.03197875272024687,-0.9906172514702337,1.0,0.0,0.0,0.0,1.0,0.0,0.0,0.0,1.0,0.0033144201152026653,0.00033628888195380503,-0.005291258916258812,1.2184696791468346e-07,0.0,0.0,0.0,1.2184696791468346e-07,0.0,0.0,0.0,1.2184696791468346e-07,-2.5227231979370117,0.35457214713096735,9.49882984161377,8.999999999999999e-08,0.0,0.0,0.0,8.999999999999999e-08,0.0,0.0,0.0,8.999999999999999e-08
1759811049120383104,167634,1759811049114779584,base_link,-0.02077853856148443,-0.13123470213559166,0.031964886407086786,-0.9906179679666584,1.0,0.0,0.0,0.0,1.0,0.0,0.0,0.0,1.0,0.0029063494876027107,-0.0004391449037939309,0.0011053535854443908,1.2184696791468346e-07,0.0,0.0,0.0,1.2184696791468346e-07,0.0,0.0,0.0,1.2184696791468346e-07,-2.513655424118042,0.4031446576118481,9.476387023925781,8.999999999999999e-08,0.0,0.0,0.0,8.999999999999999e-08,0.0,0.0,0.0,8.999999999999999e-08
1759811049128297472,167635,1759811049120779584,base_link,-0.020781220154720937,-0.13124136660601243,0.0319452881225292,-0.9906176729387188,1.0,0.0,0.0,0.0,1.0,0.0,0.0,0.0,1.0,0.00029607920441776514,0.0010282155126333245,0.006955799646675587,1.2184696791468346e-07,0.0,0.0,0.0,1.2184696791468346e-07,0.0,0.0,0.0,1.2184696791468346e-07,-2.5643491744995117,0.3384548127651226,9.494508743286133,8.999999999999999e-08,0.0,0.0,0.0,8.999999999999999e-08,0.0,0.0,0.0,8.999999999999999e-08
1759811049132162848,167636,1759811049125779584,base_link,-0.020776568196316552,-0.13123429120381866,0.03194187422779985,-0.9906188109036287,1.0,0.0,0.0,0.0,1.0,0.0,0.0,0.0,1.0,-0.0036226988304406404,-0.0012208508560433986,-0.0011583173181861637,1.2184696791468346e-07,0.0,0.0,0.0,1.2184696791468346e-07,0.0,0.0,0.0,1.2184696791468346e-07,-2.6516895294189453,0.21437637507915613,9.448132514953613,8.999999999999999e-08,0.0,0.0,0.0,8.999999999999999e-08,0.0,0.0,0.0,8.999999999999999e-08
1759811049140989824,167637,1759811049135779584,base_link,-0.020763407842869022,-0.13123286874768142,0.03196463352599571,-0.9906185580225375,1.0,0.0,0.0,0.0,1.0,0.0,0.0,0.0,1.0,0.0005898535018786788,-0.0019736816175282,-0.0014198534190654752,1.2184696791468346e-07,0.0,0.0,0.0,1.2184696791468346e-07,0.0,0.0,0.0,1.2184696791468346e-07,-2.6516895294189453,0.21437637507915613,9.448132514953613,8.999999999999999e-08,0.0,0.0,0.0,8.999999999999999e-08,0.0,0.0,0.0,8.999999999999999e-08
1759811049145798272,167638,1759811049140779584,base_link,-0.020771552721343758,-0.13122119407064392,0.03194899704519816,-0.9906204546307206,1.0,0.0,0.0,0.0,1.0,0.0,0.0,0.0,1.0,0.0009975391440093517,-0.003605666104704141,0.002932006493210793,1.2184696791468346e-07,0.0,0.0,0.0,1.2184696791468346e-07,0.0,0.0,0.0,1.2184696791468346e-07,-2.5486578941345215,0.3625002503395092,9.47510051727295,8.999999999999999e-08,0.0,0.0,0.0,8.999999999999999e-08,0.0,0.0,0.0,8.999999999999999e-08
1759811049153890016,167639,1759811049146779584,base_link,-0.020757149035865164,-0.1312150300940492,0.031951399415563284,-0.9906215083019333,1.0,0.0,0.0,0.0,1.0,0.0,0.0,0.0,1.0,-0.0023882717359811068,-0.0017674126429483294,0.00012450909707695267,1.2184696791468346e-07,0.0,0.0,0.0,1.2184696791468346e-07,0.0,0.0,0.0,1.2184696791468346e-07,-2.6060681343078613,0.27173584699630854,9.44969367980957,8.999999999999999e-08,0.0,0.0,0.0,8.999999999999999e-08,0.0,0.0,0.0,8.999999999999999e-08
1759811049159022112,167640,1759811049151779584,base_link,-0.020756611663546646,-0.13121637879320155,0.03195940731678039,-0.9906210868334482,1.0,0.0,0.0,0.0,1.0,0.0,0.0,0.0,1.0,-0.0006207357509993017,-0.0009378337999805812,-0.003619308350607753,1.2184696791468346e-07,0.0,0.0,0.0,1.2184696791468346e-07,0.0,0.0,0.0,1.2184696791468346e-07,-2.57875919342041,0.22644296288490412,9.45981216430664,8.999999999999999e-08,0.0,0.0,0.0,8.999999999999999e-08,0.0,0.0,0.0,8.999999999999999e-08
1759811049169129888,167641,1759811049162778816,base_link,-0.0207509903276265,-0.13120831294006777,0.03195287455526117,-0.9906224776794491,1.0,0.0,0.0,0.0,1.0,0.0,0.0,0.0,1.0,-0.0012745459098368883,-0.001598517294041812,0.0027886214666068554,1.2184696791468346e-07,0.0,0.0,0.0,1.2184696791468346e-07,0.0,0.0,0.0,1.2184696791468346e-07,-2.5240938663482666,0.3971827924251568,9.488981246948242,8.999999999999999e-08,0.0,0.0,0.0,8.999999999999999e-08,0.0,0.0,0.0,8.999999999999999e-08
1759811049172932256,167642,1759811049167778816,base_link,-0.020755795068356748,-0.13120712229159734,0.03194031479440493,-0.9906228991479342,1.0,0.0,0.0,0.0,1.0,0.0,0.0,0.0,1.0,0.0009378266986459494,-0.0020812656730413433,0.0031500081531703476,1.2184696791468346e-07,0.0,0.0,0.0,1.2184696791468346e-07,0.0,0.0,0.0,1.2184696791468346e-07,-2.6021244525909424,0.3098101913928997,9.448078155517578,8.999999999999999e-08,0.0,0.0,0.0,8.999999999999999e-08,0.0,0.0,0.0,8.999999999999999e-08
1759811049179860736,167643,1759811049172778816,base_link,-0.020753324209362788,-0.13120746473474149,0.03193938756373768,-0.9906229834416312,1.0,0.0,0.0,0.0,1.0,0.0,0.0,0.0,1.0,0.0012630759738385677,0.0007707007462158796,-0.002676750998944044,1.2184696791468346e-07,0.0,0.0,0.0,1.2184696791468346e-07,0.0,0.0,0.0,1.2184696791468346e-07,-2.5981526374816895,0.23699642717838404,9.449381828308105,8.999999999999999e-08,0.0,0.0,0.0,8.999999999999999e-08,0.0,0.0,0.0,8.999999999999999e-08
1759811049187736704,167644,1759811049183778816,base_link,-0.020762185584262217,-0.13121215357163832,0.03195843793926463,-0.9906215504487819,1.0,0.0,0.0,0.0,1.0,0.0,0.0,0.0,1.0,0.001533707370981574,0.0005738496547564864,-0.0001408885000273586,1.2184696791468346e-07,0.0,0.0,0.0,1.2184696791468346e-07,0.0,0.0,0.0,1.2184696791468346e-07,-2.5050570964813232,0.42836073040962336,9.453092575073242,8.999999999999999e-08,0.0,0.0,0.0,8.999999999999999e-08,0.0,0.0,0.0,8.999999999999999e-08
1759811049196279104,167645,1759811049188778816,base_link,-0.020759477649245385,-0.13121696884908068,0.03193673231228149,-0.9906216768893273,1.0,0.0,0.0,0.0,1.0,0.0,0.0,0.0,1.0,-0.0016413421835750341,0.0023720241151750096,0.006461324170231819,1.2184696791468346e-07,0.0,0.0,0.0,1.2184696791468346e-07,0.0,0.0,0.0,1.2184696791468346e-07,-2.549700975418091,0.32984882593155024,9.453123092651367,8.999999999999999e-08,0.0,0.0,0.0,8.999999999999999e-08,0.0,0.0,0.0,8.999999999999999e-08
1759811049202255040,167646,1759811049194778816,base_link,-0.020758202707077927,-0.1312242707905852,0.031930663166095954,-0.9906209182460541,1.0,0.0,0.0,0.0,1.0,0.0,0.0,0.0,1.0,-0.00073207140667364,0.0028498931787908077,-0.0017154384404420857,1.2184696791468346e-07,0.0,0.0,0.0,1.2184696791468346e-07,0.0,0.0,0.0,1.2184696791468346e-07,-2.60326886177063,0.2302116751670849,9.412948608398438,8.999999999999999e-08,0.0,0.0,0.0,8.999999999999999e-08,0.0,0.0,0.0,8.999999999999999e-08
1759811049207805472,167647,1759811049203778816,base_link,-0.020754873106045575,-0.13123303733507546,0.03195021930380498,-0.9906192323721137,1.0,0.0,0.0,0.0,1.0,0.0,0.0,0.0,1.0,-0.002568633994087577,0.0004977015196345741,-0.004153990186750889,1.2184696791468346e-07,0.0,0.0,0.0,1.2184696791468346e-07,0.0,0.0,0.0,1.2184696791468346e-07,-2.60326886177063,0.2302116751670849,9.412948608398438,8.999999999999999e-08,0.0,0.0,0.0,8.999999999999999e-08,0.0,0.0,0.0,8.999999999999999e-08
1759811049211310880,167648,1759811049204778816,base_link,-0.020743714727902308,-0.1312269260420414,0.031954771163444175,-0.9906200753090839,1.0,0.0,0.0,0.0,1.0,0.0,0.0,0.0,1.0,-0.0007365972851403058,-0.0009034165414050224,-0.001647201017476618,1.2184696791468346e-07,0.0,0.0,0.0,1.2184696791468346e-07,0.0,0.0,0.0,1.2184696791468346e-07,-2.4986259937286377,0.4136095345020306,9.446907043457031,8.999999999999999e-08,0.0,0.0,0.0,8.999999999999999e-08,0.0,0.0,0.0,8.999999999999999e-08
1759811049218869280,167649,1759811049215778816,base_link,-0.020752581371157784,-0.13122574066192702,0.031933697739188756,-0.9906207496586601,1.0,0.0,0.0,0.0,1.0,0.0,0.0,0.0,1.0,0.0011863077525049448,-0.0007350259693339462,0.004485024604946375,1.2184696791468346e-07,0.0,0.0,0.0,1.2184696791468346e-07,0.0,0.0,0.0,1.2184696791468346e-07,-2.585824728012085,0.27002272009849665,9.441593170166016,8.999999999999999e-08,0.0,0.0,0.0,8.999999999999999e-08,0.0,0.0,0.0,8.999999999999999e-08
1759811049224745056,167650,1759811049220778816,base_link,-0.02075044241859586,-0.1312217051011821,0.031956035568899505,-0.990620581071266,1.0,0.0,0.0,0.0,1.0,0.0,0.0,0.0,1.0,0.00013480999041348696,-0.0010895725572481754,-0.0025727516040205956,1.2184696791468346e-07,0.0,0.0,0.0,1.2184696791468346e-07,0.0,0.0,0.0,1.2184696791468346e-07,-2.6337056159973145,0.22575916349887964,9.45341968536377,8.999999999999999e-08,0.0,0.0,0.0,8.999999999999999e-08,0.0,0.0,0.0,8.999999999999999e-08
1759811049230903232,167651,1759811049225778816,base_link,-0.020759472380889318,-0.13122620427726064,0.031970239056847684,-0.9906193588126593,1.0,0.0,0.0,0.0,1.0,0.0,0.0,0.0,1.0,0.002008517738431692,0.0009567001834511749,-0.006439803633838892,1.2184696791468346e-07,0.0,0.0,0.0,1.2184696791468346e-07,0.0,0.0,0.0,1.2184696791468346e-07,-2.5781259536743164,0.37644645571708796,9.473570823669434,8.999999999999999e-08,0.0,0.0,0.0,8.999999999999999e-08,0.0,0.0,0.0,8.999999999999999e-08
1759811049238250400,167652,1759811049230778816,base_link,-0.020756216536841853,-0.1312284380602317,0.031969606854120015,-0.9906191480784167,1.0,0.0,0.0,0.0,1.0,0.0,0.0,0.0,1.0,0.00020189490169286728,-0.0013108126586303117,-0.0009686477715149521,1.2184696791468346e-07,0.0,0.0,0.0,1.2184696791468346e-07,0.0,0.0,0.0,1.2184696791468346e-07,-2.5324227809906006,0.43265259265899775,9.475409507751465,8.999999999999999e-08,0.0,0.0,0.0,8.999999999999999e-08,0.0,0.0,0.0,8.999999999999999e-08
1759811049245930272,167653,1759811049236778816,base_link,-0.0207508744237931,-0.13121849140398315,0.031965645050359974,-0.9906206653649631,1.0,0.0,0.0,0.0,1.0,0.0,0.0,0.0,1.0,0.0005730849225074053,-0.0025071236304938793,0.0007079559145495299,1.2184696791468346e-07,0.0,0.0,0.0,1.2184696791468346e-07,0.0,0.0,0.0,1.2184696791468346e-07,-2.5917928218841553,0.3543252646923077,9.46042537689209,8.999999999999999e-08,0.0,0.0,0.0,8.999999999999999e-08,0.0,0.0,0.0,8.999999999999999e-08
1759811049247967744,167654,1759811049241778816,base_link,-0.0207607157129204,-0.13121684767689124,0.031968173861270634,-0.9906206653649631,1.0,0.0,0.0,0.0,1.0,0.0,0.0,0.0,1.0,0.001604975201189518,-0.0011105813318863511,0.0004165434511378409,1.2184696791468346e-07,0.0,0.0,0.0,1.2184696791468346e-07,0.0,0.0,0.0,1.2184696791468346e-07,-2.5917928218841553,0.3543252646923077,9.46042537689209,8.999999999999999e-08,0.0,0.0,0.0,8.999999999999999e-08,0.0,0.0,0.0,8.999999999999999e-08
1759811049253120384,167655,1759811049246778816,base_link,-0.02076261232110338,-0.1312201772779236,0.031979764244611124,-0.9906197802811444,1.0,0.0,0.0,0.0,1.0,0.0,0.0,0.0,1.0,0.0014620167203247547,0.00032747525256127076,-0.003358396701514721,1.2184696791468346e-07,0.0,0.0,0.0,1.2184696791468346e-07,0.0,0.0,0.0,1.2184696791468346e-07,-2.5663137435913086,0.2945528924465191,9.46030044555664,8.999999999999999e-08,0.0,0.0,0.0,8.999999999999999e-08,0.0,0.0,0.0,8.999999999999999e-08
1759811049258890016,167656,1759811049252778816,base_link,-0.020763781896149563,-0.1312197663461506,0.031988825817041,-0.9906194852532048,1.0,0.0,0.0,0.0,1.0,0.0,0.0,0.0,1.0,0.0028050639666616917,0.0003746459260582923,-0.001030431711114943,1.2184696791468346e-07,0.0,0.0,0.0,1.2184696791468346e-07,0.0,0.0,0.0,1.2184696791468346e-07,-2.4952993392944336,0.4049929380416882,9.482303619384766,8.999999999999999e-08,0.0,0.0,0.0,8.999999999999999e-08,0.0,0.0,0.0,8.999999999999999e-08
1759811049266920480,167657,1759811049262777792,base_link,-0.020784028188502987,-0.13121452433186706,0.03196686730896679,-0.9906204546307206,1.0,0.0,0.0,0.0,1.0,0.0,0.0,0.0,1.0,0.0027667940594255924,-0.0014709123643115159,0.0043952688574790955,1.2184696791468346e-07,0.0,0.0,0.0,1.2184696791468346e-07,0.0,0.0,0.0,1.2184696791468346e-07,-2.6366379261016846,0.23504833877086756,9.430989265441895,8.999999999999999e-08,0.0,0.0,0.0,8.999999999999999e-08,0.0,0.0,0.0,8.999999999999999e-08
1759811049272756352,167658,1759811049267777792,base_link,-0.02078352769467692,-0.13122229515706127,0.03197268357406132,-0.9906192745189623,1.0,0.0,0.0,0.0,1.0,0.0,0.0,0.0,1.0,0.0008078780956566334,0.0006916831480339168,-0.00070123840123415,1.2184696791468346e-07,0.0,0.0,0.0,1.2184696791468346e-07,0.0,0.0,0.0,1.2184696791468346e-07,-2.5996580123901367,0.268191307783128,9.4404878616333,8.999999999999999e-08,0.0,0.0,0.0,8.999999999999999e-08,0.0,0.0,0.0,8.999999999999999e-08
1759811049277920960,167659,1759811049273777792,base_link,-0.02078088297993286,-0.13123195732208237,0.031986718474615455,-0.9906176307918704,1.0,0.0,0.0,0.0,1.0,0.0,0.0,0.0,1.0,-0.0012604482471942902,0.0030610852409154172,-0.0036089839413762097,1.2184696791468346e-07,0.0,0.0,0.0,1.2184696791468346e-07,0.0,0.0,0.0,1.2184696791468346e-07,-2.524193048477173,0.3971091508865368,9.47038459777832,8.999999999999999e-08,0.0,0.0,0.0,8.999999999999999e-08,0.0,0.0,0.0,8.999999999999999e-08
1759811049286902272,167660,1759811049278777792,base_link,-0.02077444504882282,-0.13122764780682214,0.031972894308303884,-0.9906188109036287,1.0,0.0,0.0,0.0,1.0,0.0,0.0,0.0,1.0,-0.000982313766144216,0.002122334903106094,0.003020128700882196,1.2184696791468346e-07,0.0,0.0,0.0,1.2184696791468346e-07,0.0,0.0,0.0,1.2184696791468346e-07,-2.546008825302124,0.4243258237838757,9.45864200592041,8.999999999999999e-08,0.0,0.0,0.0,8.999999999999999e-08,0.0,0.0,0.0,8.999999999999999e-08
1759811049293736032,167661,1759811049283777792,base_link,-0.020779592232697208,-0.13124061323109532,0.031963959176419546,-0.9906172093233852,1.0,0.0,0.0,0.0,1.0,0.0,0.0,0.0,1.0,0.0010874788276851177,0.0026771489065140486,0.00029194273520261017,1.2184696791468346e-07,0.0,0.0,0.0,1.2184696791468346e-07,0.0,0.0,0.0,1.2184696791468346e-07,-2.570362091064453,0.2681545317173016,9.450733184814453,8.999999999999999e-08,0.0,0.0,0.0,8.999999999999999e-08,0.0,0.0,0.0,8.999999999999999e-08
1759811049300817632,167662,1759811049294777792,base_link,-0.02078172591690307,-0.13125364187564123,0.0319889522575865,-0.990614638365626,1.0,0.0,0.0,0.0,1.0,0.0,0.0,0.0,1.0,0.0020590834319591522,0.0016579154180362814,-0.00608835369348526,1.2184696791468346e-07,0.0,0.0,0.0,1.2184696791468346e-07,0.0,0.0,0.0,1.2184696791468346e-07,-2.568420648574829,0.3277831971645367,9.443918228149414,8.999999999999999e-08,0.0,0.0,0.0,8.999999999999999e-08,0.0,0.0,0.0,8.999999999999999e-08
1759811049304916480,167663,1759811049299777792,base_link,-0.020789422985112382,-0.1312447436222494,0.03199341982352867,-0.9906155655962933,1.0,0.0,0.0,0.0,1.0,0.0,0.0,0.0,1.0,0.002038753591477871,-0.0028721350245177746,-0.0005902351113036272,1.2184696791468346e-07,0.0,0.0,0.0,1.2184696791468346e-07,0.0,0.0,0.0,1.2184696791468346e-07,-2.5088388919830322,0.4393862485885632,9.445590019226074,8.999999999999999e-08,0.0,0.0,0.0,8.999999999999999e-08,0.0,0.0,0.0,8.999999999999999e-08
1759811049310914880,167664,1759811049304777792,base_link,-0.02079192018588665,-0.13123057174443759,0.03197487521018385,-0.9906179258198099,1.0,0.0,0.0,0.0,1.0,0.0,0.0,0.0,1.0,0.0011749141849577427,-0.005040188785642385,0.0055781807750463494,1.2184696791468346e-07,0.0,0.0,0.0,1.2184696791468346e-07,0.0,0.0,0.0,1.2184696791468346e-07,-2.561532974243164,0.33007907867431757,9.446843147277832,8.999999999999999e-08,0.0,0.0,0.0,8.999999999999999e-08,0.0,0.0,0.0,8.999999999999999e-08
1759811049317879744,167665,1759811049314777792,base_link,-0.020794032796668253,-0.13122422337538064,0.0319661086656936,-0.9906190216378712,1.0,0.0,0.0,0.0,1.0,0.0,0.0,0.0,1.0,-0.00011045264545828104,-0.00267706997692585,0.0017160970019176607,1.2184696791468346e-07,0.0,0.0,0.0,1.2184696791468346e-07,0.0,0.0,0.0,1.2184696791468346e-07,-2.634988307952881,0.25139316916465876,9.494950294494629,8.999999999999999e-08,0.0,0.0,0.0,8.999999999999999e-08,0.0,0.0,0.0,8.999999999999999e-08
1759811049324981696,167666,1759811049320777792,base_link,-0.02078544537628416,-0.131214023838041,0.031986297006130336,-0.99061990672169,1.0,0.0,0.0,0.0,1.0,0.0,0.0,0.0,1.0,-0.0012494716793298721,-0.002395556308329106,-0.003975836094468832,1.2184696791468346e-07,0.0,0.0,0.0,1.2184696791468346e-07,0.0,0.0,0.0,1.2184696791468346e-07,-2.5572850704193115,0.3047951459884655,9.45840835571289,8.999999999999999e-08,0.0,0.0,0.0,8.999999999999999e-08,0.0,0.0,0.0,8.999999999999999e-08
1759811049332402816,167667,1759811049326777792,base_link,-0.020785440107928092,-0.13121622074251962,0.031971587756000036,-0.9906201174559325,1.0,0.0,0.0,0.0,1.0,0.0,0.0,0.0,1.0,-0.0014056023210287094,-0.0001040037022903557,0.0038034305907785892,1.2184696791468346e-07,0.0,0.0,0.0,1.2184696791468346e-07,0.0,0.0,0.0,1.2184696791468346e-07,-2.4995768070220947,0.40737673640251276,9.456631660461426,8.999999999999999e-08,0.0,0.0,0.0,8.999999999999999e-08,0.0,0.0,0.0,8.999999999999999e-08
1759811049340812256,167668,1759811049336777792,base_link,-0.02078971274469588,-0.1312271736547764,0.03195995522581104,-0.9906189373441742,1.0,0.0,0.0,0.0,1.0,0.0,0.0,0.0,1.0,0.00024283118546009064,0.001536430441774428,0.0013620710233226416,1.2184696791468346e-07,0.0,0.0,0.0,1.2184696791468346e-07,0.0,0.0,0.0,1.2184696791468346e-07,-2.610470771789551,0.2695330381393444,9.42735481262207,8.999999999999999e-08,0.0,0.0,0.0,8.999999999999999e-08,0.0,0.0,0.0,8.999999999999999e-08
1759811049346804160,167669,1759811049342777792,base_link,-0.020781894504297117,-0.131229533878293,0.031968342448664686,-0.9906184737288405,1.0,0.0,0.0,0.0,1.0,0.0,0.0,0.0,1.0,-0.0007823850028216839,0.001243153936229646,-0.002459766576066613,1.2184696791468346e-07,0.0,0.0,0.0,1.2184696791468346e-07,0.0,0.0,0.0,1.2184696791468346e-07,-2.6230223178863525,0.24701918661594507,9.4336576461792,8.999999999999999e-08,0.0,0.0,0.0,8.999999999999999e-08,0.0,0.0,0.0,8.999999999999999e-08
1759811049356066880,167670,1759811049352777792,base_link,-0.020773707478973873,-0.13122856450077724,0.0319514415624118,-0.9906193588126593,1.0,0.0,0.0,0.0,1.0,0.0,0.0,0.0,1.0,-0.002404217841103673,-0.0005630536470562216,0.002728148829191923,1.2184696791468346e-07,0.0,0.0,0.0,1.2184696791468346e-07,0.0,0.0,0.0,1.2184696791468346e-07,-2.5926811695098877,0.304020941257478,9.459750175476074,8.999999999999999e-08,0.0,0.0,0.0,8.999999999999999e-08,0.0,0.0,0.0,8.999999999999999e-08
1759811049362986336,167671,1759811049357776768,base_link,-0.02077970286817455,-0.13123304260343155,0.031959744491568486,-0.9906183894351436,1.0,0.0,0.0,0.0,1.0,0.0,0.0,0.0,1.0,0.0009607840329408646,0.0005486172158271074,-0.00011367222759872682,1.2184696791468346e-07,0.0,0.0,0.0,1.2184696791468346e-07,0.0,0.0,0.0,1.2184696791468346e-07,-2.597412109375,0.22720435261726496,9.450024604797363,8.999999999999999e-08,0.0,0.0,0.0,8.999999999999999e-08,0.0,0.0,0.0,8.999999999999999e-08
1759811049373412032,167672,1759811049368776768,base_link,-0.020779544817492626,-0.1312265309153366,0.03198355746097713,-0.990618515875689,1.0,0.0,0.0,0.0,1.0,0.0,0.0,0.0,1.0,0.0012057425919920206,-0.00027491734363138724,-0.0040391720831394196,1.2184696791468346e-07,0.0,0.0,0.0,1.2184696791468346e-07,0.0,0.0,0.0,1.2184696791468346e-07,-2.5237648487091064,0.40611708164215204,9.461002349853516,8.999999999999999e-08,0.0,0.0,0.0,8.999999999999999e-08,0.0,0.0,0.0,8.999999999999999e-08
1759811049380183776,167673,1759811049373776768,base_link,-0.020783032469206906,-0.13121494053199612,0.03196640369363317,-0.990620496777569,1.0,0.0,0.0,0.0,1.0,0.0,0.0,0.0,1.0,0.0006985730724409223,-0.0028816182166337963,0.004552746191620827,1.2184696791468346e-07,0.0,0.0,0.0,1.2184696791468346e-07,0.0,0.0,0.0,1.2184696791468346e-07,-2.5339560508728027,0.36585125327110407,9.47500228881836,8.999999999999999e-08,0.0,0.0,0.0,8.999999999999999e-08,0.0,0.0,0.0,8.999999999999999e-08
1759811049386245056,167674,1759811049379776768,base_link,-0.02078592479668597,-0.1312095615404549,0.03195772144283995,-0.9906214240082363,1.0,0.0,0.0,0.0,1.0,0.0,0.0,0.0,1.0,0.0009977438021451235,-0.001444372930563986,0.0015496466076001527,1.2184696791468346e-07,0.0,0.0,0.0,1.2184696791468346e-07,0.0,0.0,0.0,1.2184696791468346e-07,-2.6130146980285645,0.25048851966858027,9.443070411682129,8.999999999999999e-08,0.0,0.0,0.0,8.999999999999999e-08,0.0,0.0,0.0,8.999999999999999e-08
1759811049391873952,167675,1759811049384776768,base_link,-0.020784391705071383,-0.1312097248594929,0.031970154763150654,-0.9906210446865997,1.0,0.0,0.0,0.0,1.0,0.0,0.0,0.0,1.0,0.0008207089267671108,-5.9084268286824755e-05,-0.004289722535759211,1.2184696791468346e-07,0.0,0.0,0.0,1.2184696791468346e-07,0.0,0.0,0.0,1.2184696791468346e-07,-2.625387191772461,0.2578228712081921,9.472039222717285,8.999999999999999e-08,0.0,0.0,0.0,8.999999999999999e-08,0.0,0.0,0.0,8.999999999999999e-08
1759811049403073056,167676,1759811049394776768,base_link,-0.020785392692723514,-0.13121572024869357,0.03196438064490464,-0.990620412483872,1.0,0.0,0.0,0.0,1.0,0.0,0.0,0.0,1.0,0.00031282822601497173,0.0010333375539630654,0.0021667080000042915,1.2184696791468346e-07,0.0,0.0,0.0,1.2184696791468346e-07,0.0,0.0,0.0,1.2184696791468346e-07,-2.535696506500244,0.4069331586360943,9.453444480895996,8.999999999999999e-08,0.0,0.0,0.0,8.999999999999999e-08,0.0,0.0,0.0,8.999999999999999e-08
1759811049408057696,167677,1759811049400776768,base_link,-0.020798679486716574,-0.13121483516487484,0.03193841818622194,-0.9906210868334482,1.0,0.0,0.0,0.0,1.0,0.0,0.0,0.0,1.0,0.002181819872930646,0.00043440429726615646,0.00797770544886589,1.2184696791468346e-07,0.0,0.0,0.0,1.2184696791468346e-07,0.0,0.0,0.0,1.2184696791468346e-07,-2.58004093170166,0.2893945276737225,9.453648567199707,8.999999999999999e-08,0.0,0.0,0.0,8.999999999999999e-08,0.0,0.0,0.0,8.999999999999999e-08
1759811049413721792,167678,1759811049405776768,base_link,-0.020801887915559467,-0.13121194283739576,0.031947142583863726,-0.9906211289802968,1.0,0.0,0.0,0.0,1.0,0.0,0.0,0.0,1.0,0.002967833075672388,-0.0001403650967404248,-0.0012207436375319958,1.2184696791468346e-07,0.0,0.0,0.0,1.2184696791468346e-07,0.0,0.0,0.0,1.2184696791468346e-07,-2.5978429317474365,0.24345834553241846,9.428997993469238,8.999999999999999e-08,0.0,0.0,0.0,8.999999999999999e-08,0.0,0.0,0.0,8.999999999999999e-08
1759811049418996544,167679,1759811049414776768,base_link,-0.020803673888265116,-0.13121552005116313,0.03196653013417871,-0.9906199488685384,1.0,0.0,0.0,0.0,1.0,0.0,0.0,0.0,1.0,0.0037333364598453045,0.0005121820140629999,-0.006024137604981661,1.2184696791468346e-07,0.0,0.0,0.0,1.2184696791468346e-07,0.0,0.0,0.0,1.2184696791468346e-07,-2.558286190032959,0.34702974557876703,9.459369659423828,8.999999999999999e-08,0.0,0.0,0.0,8.999999999999999e-08,0.0,0.0,0.0,8.999999999999999e-08
1759811049426803488,167680,1759811049421776768,base_link,-0.02081828303963021,-0.1312119533741079,0.03195038789119902,-0.9906206653649631,1.0,0.0,0.0,0.0,1.0,0.0,0.0,0.0,1.0,0.0006958406884223223,-0.0014371325960382813,0.0048596481792628765,1.2184696791468346e-07,0.0,0.0,0.0,1.2184696791468346e-07,0.0,0.0,0.0,1.2184696791468346e-07,-2.572801351547241,0.3420654237270367,9.488065719604492,8.999999999999999e-08,0.0,0.0,0.0,8.999999999999999e-08,0.0,0.0,0.0,8.999999999999999e-08
1759811049433877440,167681,1759811049426776768,base_link,-0.020821912936958207,-0.13120785986144629,0.03194528812252924,-0.9906212975676908,1.0,0.0,0.0,0.0,1.0,0.0,0.0,0.0,1.0,0.0022699309047311544,-0.0014421328669413924,0.0003342482959851624,1.2184696791468346e-07,0.0,0.0,0.0,1.2184696791468346e-07,0.0,0.0,0.0,1.2184696791468346e-07,-2.592590093612671,0.2379045635461819,9.45446491241455,8.999999999999999e-08,0.0,0.0,0.0,8.999999999999999e-08,0.0,0.0,0.0,8.999999999999999e-08
1759811049441944128,167682,1759811049431776768,base_link,-0.02082395705911099,-0.1312111683890544,0.031964970700783794,-0.9906201596027809,1.0,0.0,0.0,0.0,1.0,0.0,0.0,0.0,1.0,0.0017770517151802778,0.0020725585054606195,-0.004141814075410366,1.2184696791468346e-07,0.0,0.0,0.0,1.2184696791468346e-07,0.0,0.0,0.0,1.2184696791468346e-07,-2.591482639312744,0.28294208645820734,9.446704864501953,8.999999999999999e-08,0.0,0.0,0.0,8.999999999999999e-08,0.0,0.0,0.0,8.999999999999999e-08
1759811049447839328,167683,1759811049442776768,base_link,-0.020817324198826582,-0.13121194283739576,0.0319548554571412,-0.990620581071266,1.0,0.0,0.0,0.0,1.0,0.0,0.0,0.0,1.0,-0.0020903372205793858,7.737160194665198e-05,0.00028397119604051113,1.2184696791468346e-07,0.0,0.0,0.0,1.2184696791468346e-07,0.0,0.0,0.0,1.2184696791468346e-07,-2.5140438079833984,0.3654578626155865,9.474908828735352,8.999999999999999e-08,0.0,0.0,0.0,8.999999999999999e-08,0.0,0.0,0.0,8.999999999999999e-08
1759811049453393152,167684,1759811049447776768,base_link,-0.020799201053966897,-0.1312056418835434,0.03194533026937774,-0.9906220983578125,1.0,0.0,0.0,0.0,1.0,0.0,0.0,0.0,1.0,-0.005253913812339306,-0.0033010807819664474,0.0033238187897950415,1.2184696791468346e-07,0.0,0.0,0.0,1.2184696791468346e-07,0.0,0.0,0.0,1.2184696791468346e-07,-2.6219472885131836,0.28404429554939387,9.393678665161133,8.999999999999999e-08,0.0,0.0,0.0,8.999999999999999e-08,0.0,0.0,0.0,8.999999999999999e-08
1759811049458180544,167685,1759811049453776768,base_link,-0.02079497056404762,-0.1312056682253237,0.031954644722898634,-0.9906218033298729,1.0,0.0,0.0,0.0,1.0,0.0,0.0,0.0,1.0,-0.0036122160963714123,-0.002077879384160042,-0.00038792670238763067,1.2184696791468346e-07,0.0,0.0,0.0,1.2184696791468346e-07,0.0,0.0,0.0,1.2184696791468346e-07,-2.616851329803467,0.26224264502525446,9.440613746643066,8.999999999999999e-08,0.0,0.0,0.0,8.999999999999999e-08,0.0,0.0,0.0,8.999999999999999e-08
1759811049463879776,167686,1759811049458775744,base_link,-0.02079427514104719,-0.13120925070744713,0.03197129272806045,-0.9906208339523571,1.0,0.0,0.0,0.0,1.0,0.0,0.0,0.0,1.0,-0.0006016409024596214,0.0008171685039997094,-0.005571422632783651,1.2184696791468346e-07,0.0,0.0,0.0,1.2184696791468346e-07,0.0,0.0,0.0,1.2184696791468346e-07,-2.549117088317871,0.35542178153991816,9.485982894897461,8.999999999999999e-08,0.0,0.0,0.0,8.999999999999999e-08,0.0,0.0,0.0,8.999999999999999e-08
1759811049468752480,167687,1759811049463775744,base_link,-0.02078542957121597,-0.13121111043713768,0.031967499511694454,-0.9906209182460541,1.0,0.0,0.0,0.0,1.0,0.0,0.0,0.0,1.0,-0.0017492000479251146,0.0009644802194088695,-0.001842909958213568,1.2184696791468346e-07,0.0,0.0,0.0,1.2184696791468346e-07,0.0,0.0,0.0,1.2184696791468346e-07,-2.5542731285095215,0.409606844186784,9.451236724853516,8.999999999999999e-08,0.0,0.0,0.0,8.999999999999999e-08,0.0,0.0,0.0,8.999999999999999e-08
1759811049475797952,167688,1759811049468775744,base_link,-0.02078228963100191,-0.13122451313496414,0.03196463352599571,-0.9906193166658107,1.0,0.0,0.0,0.0,1.0,0.0,0.0,0.0,1.0,-0.002234463579952717,0.0023528875317424536,0.0014209072105586527,1.2184696791468346e-07,0.0,0.0,0.0,1.2184696791468346e-07,0.0,0.0,0.0,1.2184696791468346e-07,-2.5714006423950195,0.3278184831142437,9.468124389648438,8.999999999999999e-08,0.0,0.0,0.0,8.999999999999999e-08,0.0,0.0,0.0,8.999999999999999e-08
1759811049482349152,167689,1759811049474775744,base_link,-0.02077978716187157,-0.1312270261408066,0.031964043470116554,-0.9906190637847196,1.0,0.0,0.0,0.0,1.0,0.0,0.0,0.0,1.0,-0.0008414301555603743,0.002211332321166992,-0.0016868915408849718,1.2184696791468346e-07,0.0,0.0,0.0,1.2184696791468346e-07,0.0,0.0,0.0,1.2184696791468346e-07,-2.6089720726013184,0.23423425853252527,9.472672462463379,8.999999999999999e-08,0.0,0.0,0.0,8.999999999999999e-08,0.0,0.0,0.0,8.999999999999999e-08
1759811049490426432,167690,1759811049484775744,base_link,-0.020779413108591036,-0.13122300638512988,0.03198250378976435,-0.9906189794910226,1.0,0.0,0.0,0.0,1.0,0.0,0.0,0.0,1.0,0.00019093090668320656,-0.0018298265058547263,-0.002881438005715608,1.2184696791468346e-07,0.0,0.0,0.0,1.2184696791468346e-07,0.0,0.0,0.0,1.2184696791468346e-07,-2.518068313598633,0.41270282864570734,9.456193923950195,8.999999999999999e-08,0.0,0.0,0.0,8.999999999999999e-08,0.0,0.0,0.0,8.999999999999999e-08
1759811049496759872,167691,1759811049490775744,base_link,-0.02077443978046675,-0.13122560895302543,0.03196914323878639,-0.9906191902252652,1.0,0.0,0.0,0.0,1.0,0.0,0.0,0.0,1.0,-0.0012564995558932424,-0.000737804919481277,0.0036424670834094286,1.2184696791468346e-07,0.0,0.0,0.0,1.2184696791468346e-07,0.0,0.0,0.0,1.2184696791468346e-07,-2.5633292198181152,0.40630742907524225,9.468482971191406,8.999999999999999e-08,0.0,0.0,0.0,8.999999999999999e-08,0.0,0.0,0.0,8.999999999999999e-08
1759811049499777504,167692,1759811049495775744,base_link,-0.02077655765960442,-0.13122489245660074,0.031955150485080776,-0.9906196959874474,1.0,0.0,0.0,0.0,1.0,0.0,0.0,0.0,1.0,-0.0006504278280772269,-0.000228476477786898,0.005113867111504078,1.2184696791468346e-07,0.0,0.0,0.0,1.2184696791468346e-07,0.0,0.0,0.0,1.2184696791468346e-07,-2.626025676727295,0.2197216153144848,9.455960273742676,8.999999999999999e-08,0.0,0.0,0.0,8.999999999999999e-08,0.0,0.0,0.0,8.999999999999999e-08
1759811049505632832,167693,1759811049500775744,base_link,-0.020781378205402865,-0.1312192289738321,0.03197394797951665,-0.9906196959874474,1.0,0.0,0.0,0.0,1.0,0.0,0.0,0.0,1.0,0.002099574077874422,-0.0020136709790676837,-0.004204409662634134,1.2184696791468346e-07,0.0,0.0,0.0,1.2184696791468346e-07,0.0,0.0,0.0,1.2184696791468346e-07,-2.5812864303588867,0.2708002626895916,9.478796005249023,8.999999999999999e-08,0.0,0.0,0.0,8.999999999999999e-08,0.0,0.0,0.0,8.999999999999999e-08
1759811049512023392,167694,1759811049506775744,base_link,-0.020784302143018303,-0.1312205513312041,0.03198359960782563,-0.9906191480784167,1.0,0.0,0.0,0.0,1.0,0.0,0.0,0.0,1.0,0.00044871552381664515,-0.0010335887782275679,-0.002581659471616149,1.2184696791468346e-07,0.0,0.0,0.0,1.2184696791468346e-07,0.0,0.0,0.0,1.2184696791468346e-07,-2.540384292602539,0.3679488599300396,9.469304084777832,8.999999999999999e-08,0.0,0.0,0.0,8.999999999999999e-08,0.0,0.0,0.0,8.999999999999999e-08
1759811049519852000,167695,1759811049511775744,base_link,-0.020775082519906538,-0.1312154094156858,0.03197238854612174,-0.9906204124838721,1.0,0.0,0.0,0.0,1.0,0.0,0.0,0.0,1.0,-0.002325564157217741,-0.0011787714902311561,0.00238647754304111,1.2184696791468346e-07,0.0,0.0,0.0,1.2184696791468346e-07,0.0,0.0,0.0,1.2184696791468346e-07,-2.515380382537842,0.40719223022461054,9.45744514465332,8.999999999999999e-08,0.0,0.0,0.0,8.999999999999999e-08,0.0,0.0,0.0,8.999999999999999e-08
1759811049526295680,167696,1759811049521775744,base_link,-0.020769239913031715,-0.13121260138190374,0.03196164109975148,-0.9906212132739938,1.0,0.0,0.0,0.0,1.0,0.0,0.0,0.0,1.0,-0.0008194793481379747,-0.0008118974510580301,0.0003473726101219655,1.2184696791468346e-07,0.0,0.0,0.0,1.2184696791468346e-07,0.0,0.0,0.0,1.2184696791468346e-07,-2.6484408378601074,0.2045328468084347,9.440828323364258,8.999999999999999e-08,0.0,0.0,0.0,8.999999999999999e-08,0.0,0.0,0.0,8.999999999999999e-08
1759811049537824608,167697,1759811049532775744,base_link,-0.020754715055363648,-0.13121968732080966,0.03199599078128783,-0.9906194852532048,1.0,0.0,0.0,0.0,1.0,0.0,0.0,0.0,1.0,-0.0029236855916678905,0.0011197422863915556,-0.005562998354434967,1.2184696791468346e-07,0.0,0.0,0.0,1.2184696791468346e-07,0.0,0.0,0.0,1.2184696791468346e-07,-2.5218358039855957,0.4254513382911694,9.477518081665039,8.999999999999999e-08,0.0,0.0,0.0,8.999999999999999e-08,0.0,0.0,0.0,8.999999999999999e-08
1759811049543995904,167698,1759811049537775744,base_link,-0.02075329786758248,-0.13122335936498616,0.03198132367800603,-0.9906194852532048,1.0,0.0,0.0,0.0,1.0,0.0,0.0,0.0,1.0,-0.0017177045810967684,0.00039214623393490954,0.0035422167275100946,1.2184696791468346e-07,0.0,0.0,0.0,1.2184696791468346e-07,0.0,0.0,0.0,1.2184696791468346e-07,-2.5289297103881836,0.3493109345436108,9.470488548278809,8.999999999999999e-08,0.0,0.0,0.0,8.999999999999999e-08,0.0,0.0,0.0,8.999999999999999e-08
1759811049549866560,167699,1759811049542775744,base_link,-0.020756453612864736,-0.1312231644358118,0.03197386368581963,-0.9906196959874474,1.0,0.0,0.0,0.0,1.0,0.0,0.0,0.0,1.0,5.562417209148407e-05,0.0006014471291564407,0.0014726913068443537,1.2184696791468346e-07,0.0,0.0,0.0,1.2184696791468346e-07,0.0,0.0,0.0,1.2184696791468346e-07,-2.6418957710266113,0.23859967291355247,9.400440216064453,8.999999999999999e-08,0.0,0.0,0.0,8.999999999999999e-08,0.0,0.0,0.0,8.999999999999999e-08
1759811049558909632,167700,1759811049548775744,base_link,-0.020751801654460344,-0.13122414961839574,0.03199194468383077,-0.9906190637847196,1.0,0.0,0.0,0.0,1.0,0.0,0.0,0.0,1.0,0.001885473495349288,-0.0004979505902156244,-0.007816001772880554,1.2184696791468346e-07,0.0,0.0,0.0,1.2184696791468346e-07,0.0,0.0,0.0,1.2184696791468346e-07,-2.613039493560791,0.2593927979469311,9.429083824157715,8.999999999999999e-08,0.0,0.0,0.0,8.999999999999999e-08,0.0,0.0,0.0,8.999999999999999e-08
1759811049562914048,167701,1759811049558774976,base_link,-0.020742366028749966,-0.1312364301563806,0.03200779189887088,-0.9906171250296881,1.0,0.0,0.0,0.0,1.0,0.0,0.0,0.0,1.0,-0.002549530006945133,0.002531396690756082,-0.002838425571098924,1.2184696791468346e-07,0.0,0.0,0.0,1.2184696791468346e-07,0.0,0.0,0.0,1.2184696791468346e-07,-2.521240711212158,0.3908132910728466,9.448545455932617,8.999999999999999e-08,0.0,0.0,0.0,8.999999999999999e-08,0.0,0.0,0.0,8.999999999999999e-08
1759811049570034688,167702,1759811049564774976,base_link,-0.020744083512826784,-0.13123971761056444,0.03199607507498486,-0.9906170407359912,1.0,0.0,0.0,0.0,1.0,0.0,0.0,0.0,1.0,-0.000556990853510797,0.0018631087150424723,0.004099265672266483,1.2184696791468346e-07,0.0,0.0,0.0,1.2184696791468346e-07,0.0,0.0,0.0,1.2184696791468346e-07,-2.592367172241211,0.2733158469200146,9.451313018798828,8.999999999999999e-08,0.0,0.0,0.0,8.999999999999999e-08,0.0,0.0,0.0,8.999999999999999e-08
1759811049579938176,167703,1759811049574774976,base_link,-0.020754699250295466,-0.13124186183148245,0.03201133223414581,-0.990616029211627,1.0,0.0,0.0,0.0,1.0,0.0,0.0,0.0,1.0,0.0018870297353714705,-6.011163350194729e-05,-0.003006470389664173,1.2184696791468346e-07,0.0,0.0,0.0,1.2184696791468346e-07,0.0,0.0,0.0,1.2184696791468346e-07,-2.5519485473632812,0.3678110837936413,9.487374305725098,8.999999999999999e-08,0.0,0.0,0.0,8.999999999999999e-08,0.0,0.0,0.0,8.999999999999999e-08
1759811049586796736,167704,1759811049579774976,base_link,-0.020755173402341204,-0.13125618122326402,0.03200648534656705,-0.9906143011908379,1.0,0.0,0.0,0.0,1.0,0.0,0.0,0.0,1.0,0.0009665766265243292,0.003274517133831978,4.069996066391067e-06,1.2184696791468346e-07,0.0,0.0,0.0,1.2184696791468346e-07,0.0,0.0,0.0,1.2184696791468346e-07,-2.5200676918029785,0.38322845101356623,9.476580619812012,8.999999999999999e-08,0.0,0.0,0.0,8.999999999999999e-08,0.0,0.0,0.0,8.999999999999999e-08
1759811049598823584,167705,1759811049590774976,base_link,-0.02076931367001661,-0.1312530202096257,0.031999573263411234,-0.990614638365626,1.0,0.0,0.0,0.0,1.0,0.0,0.0,0.0,1.0,0.0015350368339568377,-0.0007885950617492199,0.0002660250756889583,1.2184696791468346e-07,0.0,0.0,0.0,1.2184696791468346e-07,0.0,0.0,0.0,1.2184696791468346e-07,-2.576624870300293,0.19411163032055018,9.464635848999023,8.999999999999999e-08,0.0,0.0,0.0,8.999999999999999e-08,0.0,0.0,0.0,8.999999999999999e-08
1759811049603966336,167706,1759811049595774976,base_link,-0.020772458878586735,-0.13126257173916947,0.03201293381438919,-0.9906129103448371,1.0,0.0,0.0,0.0,1.0,0.0,0.0,0.0,1.0,-0.0007671046769246459,0.0023743491619825354,-0.005937826819717884,1.2184696791468346e-07,0.0,0.0,0.0,1.2184696791468346e-07,0.0,0.0,0.0,1.2184696791468346e-07,-2.535027503967285,0.25277957320213434,9.453516960144043,8.999999999999999e-08,0.0,0.0,0.0,8.999999999999999e-08,0.0,0.0,0.0,8.999999999999999e-08
1759811049613341408,167707,1759811049606774976,base_link,-0.02077107856929801,-0.13125643937271114,0.03201706420554327,-0.9906135846944133,1.0,0.0,0.0,0.0,1.0,0.0,0.0,0.0,1.0,0.0004247011383995414,-0.0011389530263841154,-0.0010864025680348275,1.2184696791468346e-07,0.0,0.0,0.0,1.2184696791468346e-07,0.0,0.0,0.0,1.2184696791468346e-07,-2.5270471572875977,0.3659676909446728,9.452374458312988,8.999999999999999e-08,0.0,0.0,0.0,8.999999999999999e-08,0.0,0.0,0.0,8.999999999999999e-08
1759811049619919680,167708,1759811049611774976,base_link,-0.020772227070919937,-0.13126007453839522,0.03201196443687343,-0.9906132896664737,1.0,0.0,0.0,0.0,1.0,0.0,0.0,0.0,1.0,0.0011655844282358885,5.1306909881532124e-05,-0.0005381647497415543,1.2184696791468346e-07,0.0,0.0,0.0,1.2184696791468346e-07,0.0,0.0,0.0,1.2184696791468346e-07,-2.571530342102051,0.262484520673753,9.467045783996582,8.999999999999999e-08,0.0,0.0,0.0,8.999999999999999e-08,0.0,0.0,0.0,8.999999999999999e-08
1759811049626789440,167709,1759811049622774976,base_link,-0.02076396628861179,-0.13126563792239865,0.03204467039131791,-0.9906116037925332,1.0,0.0,0.0,0.0,1.0,0.0,0.0,0.0,1.0,-0.0012989876559004188,0.0010197388473898164,-0.006270536221563816,1.2184696791468346e-07,0.0,0.0,0.0,1.2184696791468346e-07,0.0,0.0,0.0,1.2184696791468346e-07,-2.533785820007324,0.4088403284549725,9.495697021484375,8.999999999999999e-08,0.0,0.0,0.0,8.999999999999999e-08,0.0,0.0,0.0,8.999999999999999e-08
1759811049635874304,167710,1759811049627774976,base_link,-0.020765710114468927,-0.13125995336620574,0.03203485017561489,-0.990612657463746,1.0,0.0,0.0,0.0,1.0,0.0,0.0,0.0,1.0,-0.0007281296420842409,-0.002909797709435224,0.002709421562030912,1.2184696791468346e-07,0.0,0.0,0.0,1.2184696791468346e-07,0.0,0.0,0.0,1.2184696791468346e-07,-2.503781318664551,0.3901221156120312,9.492385864257812,8.999999999999999e-08,0.0,0.0,0.0,8.999999999999999e-08,0.0,0.0,0.0,8.999999999999999e-08
1759811049648322816,167711,1759811049638774976,base_link,-0.020766542514727017,-0.13125061783926056,0.032022459002152684,-0.9906142590439895,1.0,0.0,0.0,0.0,1.0,0.0,0.0,0.0,1.0,-0.0006678388454020023,-0.0010141488164663317,-0.0019176435889676211,1.2184696791468346e-07,0.0,0.0,0.0,1.2184696791468346e-07,0.0,0.0,0.0,1.2184696791468346e-07,-2.608513355255127,0.248850390315057,9.449637413024902,8.999999999999999e-08,0.0,0.0,0.0,8.999999999999999e-08,0.0,0.0,0.0,8.999999999999999e-08
1759811049652082016,167712,1759811049643774976,base_link,-0.020768655125508628,-0.13125081276843495,0.0320379690424047,-0.9906136689881103,1.0,0.0,0.0,0.0,1.0,0.0,0.0,0.0,1.0,0.002224627649411559,0.00013759522698819575,-0.0050962697714567184,1.2184696791468346e-07,0.0,0.0,0.0,1.2184696791468346e-07,0.0,0.0,0.0,1.2184696791468346e-07,-2.5616745948791504,0.31909912824630854,9.445189476013184,8.999999999999999e-08,0.0,0.0,0.0,8.999999999999999e-08,0.0,0.0,0.0,8.999999999999999e-08
1759811049659819840,167713,1759811049654774976,base_link,-0.020766726907189257,-0.1312547113519222,0.03201849719839264,-0.9906139218692014,1.0,0.0,0.0,0.0,1.0,0.0,0.0,0.0,1.0,-0.0018828997854143381,0.0004996735951863235,0.004850313067436218,1.2184696791468346e-07,0.0,0.0,0.0,1.2184696791468346e-07,0.0,0.0,0.0,1.2184696791468346e-07,-2.5559849739074707,0.34902134537696955,9.464476585388184,8.999999999999999e-08,0.0,0.0,0.0,8.999999999999999e-08,0.0,0.0,0.0,8.999999999999999e-08
1759811049665983424,167714,1759811049659773184,base_link,-0.020764472050793927,-0.13125435310370986,0.03200273427704956,-0.9906145119250805,1.0,0.0,0.0,0.0,1.0,0.0,0.0,0.0,1.0,-0.001007275888696313,-0.0005033414345234627,0.00468525942414999,1.2184696791468346e-07,0.0,0.0,0.0,1.2184696791468346e-07,0.0,0.0,0.0,1.2184696791468346e-07,-2.6143274307250977,0.20667494833469507,9.472696304321289,8.999999999999999e-08,0.0,0.0,0.0,8.999999999999999e-08,0.0,0.0,0.0,8.999999999999999e-08
1759811049670026112,167715,1759811049664773184,base_link,-0.020764840835718397,-0.13125557536231666,0.03201171155578242,-0.9906140483097469,1.0,0.0,0.0,0.0,1.0,0.0,0.0,0.0,1.0,-0.00037185021210461855,-0.0003549056127667428,-0.000843387795612216,1.2184696791468346e-07,0.0,0.0,0.0,1.2184696791468346e-07,0.0,0.0,0.0,1.2184696791468346e-07,-2.602159023284912,0.24525068700313685,9.450762748718262,8.999999999999999e-08,0.0,0.0,0.0,8.999999999999999e-08,0.0,0.0,0.0,8.999999999999999e-08
1759811049676027200,167716,1759811049669773184,base_link,-0.020763855653134454,-0.1312438638067867,0.03202266973639523,-0.9906152284215052,1.0,0.0,0.0,0.0,1.0,0.0,0.0,0.0,1.0,0.0010436046868562698,-0.002050849841907621,-0.0031545346137136217,1.2184696791468346e-07,0.0,0.0,0.0,1.2184696791468346e-07,0.0,0.0,0.0,1.2184696791468346e-07,-2.5440454483032227,0.38957294821739313,9.492329597473145,8.999999999999999e-08,0.0,0.0,0.0,8.999999999999999e-08,0.0,0.0,0.0,8.999999999999999e-08
1759811049684158272,167717,1759811049680773184,base_link,-0.020763829311354134,-0.13124263627982383,0.03199586434074231,-0.9906162399458694,1.0,0.0,0.0,0.0,1.0,0.0,0.0,0.0,1.0,-0.0009406504686921835,-0.0007990084122866387,0.004654991440474987,1.2184696791468346e-07,0.0,0.0,0.0,1.2184696791468346e-07,0.0,0.0,0.0,1.2184696791468346e-07,-2.528179168701172,0.3704682588577282,9.478578567504883,8.999999999999999e-08,0.0,0.0,0.0,8.999999999999999e-08,0.0,0.0,0.0,8.999999999999999e-08
1759811049692536992,167718,1759811049685773184,base_link,-0.020769745675213856,-0.1312413139224518,0.03200800263311344,-0.9906159027710814,1.0,0.0,0.0,0.0,1.0,0.0,0.0,0.0,1.0,0.00017647515051066875,-0.0002946452004835009,0.00030824402347207075,1.2184696791468346e-07,0.0,0.0,0.0,1.2184696791468346e-07,0.0,0.0,0.0,1.2184696791468346e-07,-2.6048669815063477,0.22243015468120692,9.459698677062988,8.999999999999999e-08,0.0,0.0,0.0,8.999999999999999e-08,0.0,0.0,0.0,8.999999999999999e-08
1759811049699177440,167719,1759811049691773184,base_link,-0.020784254727813728,-0.13124116640848202,0.032020815275060746,-0.9906152284215052,1.0,0.0,0.0,0.0,1.0,0.0,0.0,0.0,1.0,0.00412459671497345,-0.0003988464595749979,-0.003773268312215805,1.2184696791468346e-07,0.0,0.0,0.0,1.2184696791468346e-07,0.0,0.0,0.0,1.2184696791468346e-07,-2.565514087677002,0.3414305448532116,9.468114852905273,8.999999999999999e-08,0.0,0.0,0.0,8.999999999999999e-08,0.0,0.0,0.0,8.999999999999999e-08
1759811049702844192,167720,1759811049696773184,base_link,-0.020778691343810284,-0.13124014434740564,0.03201571550639091,-0.9906156077431418,1.0,0.0,0.0,0.0,1.0,0.0,0.0,0.0,1.0,0.00021403073333203793,0.0004925712710246447,0.00289520644582808,1.2184696791468346e-07,0.0,0.0,0.0,1.2184696791468346e-07,0.0,0.0,0.0,1.2184696791468346e-07,-2.4632067680358887,0.4115970134735119,9.472890853881836,8.999999999999999e-08,0.0,0.0,0.0,8.999999999999999e-08,0.0,0.0,0.0,8.999999999999999e-08
1759811049714692000,167721,1759811049706773184,base_link,-0.020788890881149928,-0.13124258886461926,0.03200163845898827,-0.9906155234494448,1.0,0.0,0.0,0.0,1.0,0.0,0.0,0.0,1.0,0.0009989221580326557,0.0007920853095129134,0.0021628078538924456,1.2184696791468346e-07,0.0,0.0,0.0,1.2184696791468346e-07,0.0,0.0,0.0,1.2184696791468346e-07,-2.6112546920776367,0.24015282094478724,9.434798240661621,8.999999999999999e-08,0.0,0.0,0.0,8.999999999999999e-08,0.0,0.0,0.0,8.999999999999999e-08
1759811049718496992,167722,1759811049712773184,base_link,-0.020785982748602678,-0.1312391117496171,0.03200968850705388,-0.9906158184773843,1.0,0.0,0.0,0.0,1.0,0.0,0.0,0.0,1.0,0.00034794898238033056,-0.002166823716834188,-0.0023438951466232534,1.2184696791468346e-07,0.0,0.0,0.0,1.2184696791468346e-07,0.0,0.0,0.0,1.2184696791468346e-07,-2.566896915435791,0.29698690772056696,9.489940643310547,8.999999999999999e-08,0.0,0.0,0.0,8.999999999999999e-08,0.0,0.0,0.0,8.999999999999999e-08
1759811049726314912,167723,1759811049722773184,base_link,-0.020803937306068318,-0.13122813249558002,0.031979553510368575,-0.9906178836729613,1.0,0.0,0.0,0.0,1.0,0.0,0.0,0.0,1.0,0.002937865676358342,-0.0025299720000475636,0.0055940523743629456,1.2184696791468346e-07,0.0,0.0,0.0,1.2184696791468346e-07,0.0,0.0,0.0,1.2184696791468346e-07,-2.5513534545898438,0.36123278737068293,9.455201148986816,8.999999999999999e-08,0.0,0.0,0.0,8.999999999999999e-08,0.0,0.0,0.0,8.999999999999999e-08
1759811049736720160,167724,1759811049728773184,base_link,-0.020809980110473567,-0.13123197312715057,0.03196855318290725,-0.9906175886450218,1.0,0.0,0.0,0.0,1.0,0.0,0.0,0.0,1.0,0.0016366306226700544,0.000970371766015888,0.006104109808802605,1.2184696791468346e-07,0.0,0.0,0.0,1.2184696791468346e-07,0.0,0.0,0.0,1.2184696791468346e-07,-2.5568737983703613,0.23316286504268763,9.466652870178223,8.999999999999999e-08,0.0,0.0,0.0,8.999999999999999e-08,0.0,0.0,0.0,8.999999999999999e-08
1759811049742858112,167725,1759811049738773184,base_link,-0.02079089812481026,-0.13123796851635125,0.03199755021468275,-0.9906162399458694,1.0,0.0,0.0,0.0,1.0,0.0,0.0,0.0,1.0,-0.0026187654584646225,0.0008674726122990243,-0.00609426386654377,1.2184696791468346e-07,0.0,0.0,0.0,1.2184696791468346e-07,0.0,0.0,0.0,1.2184696791468346e-07,-2.5282797813415527,0.3936474323272717,9.465668678283691,8.999999999999999e-08,0.0,0.0,0.0,8.999999999999999e-08,0.0,0.0,0.0,8.999999999999999e-08
1759811049753919200,167726,1759811049747773184,base_link,-0.020806771681630667,-0.1312350024318873,0.03199603292813635,-0.9906163242395665,1.0,0.0,0.0,0.0,1.0,0.0,0.0,0.0,1.0,0.0015840551350265741,0.0009120291797444229,0.0032185132149606943,1.2184696791468346e-07,0.0,0.0,0.0,1.2184696791468346e-07,0.0,0.0,0.0,1.2184696791468346e-07,-2.501192092895508,0.4346061348915112,9.456367492675781,8.999999999999999e-08,0.0,0.0,0.0,8.999999999999999e-08,0.0,0.0,0.0,8.999999999999999e-08
1759811049758760064,167727,1759811049754773184,base_link,-0.020808742046798553,-0.13123871135455625,0.031972557133515746,-0.9906166192675061,1.0,0.0,0.0,0.0,1.0,0.0,0.0,0.0,1.0,0.001100490102544427,0.0002872423501685265,0.0028031442780047655,1.2184696791468346e-07,0.0,0.0,0.0,1.2184696791468346e-07,0.0,0.0,0.0,1.2184696791468346e-07,-2.5943307876586914,0.2362713962793362,9.450765609741211,8.999999999999999e-08,0.0,0.0,0.0,8.999999999999999e-08,0.0,0.0,0.0,8.999999999999999e-08
1759811049766878400,167728,1759811049759772416,base_link,-0.02081306209877092,-0.13124863693738056,0.03198490616012944,-0.9906148069530201,1.0,0.0,0.0,0.0,1.0,0.0,0.0,0.0,1.0,0.0013947023544460535,0.0013181087560951705,-0.004136744886636734,1.2184696791468346e-07,0.0,0.0,0.0,1.2184696791468346e-07,0.0,0.0,0.0,1.2184696791468346e-07,-2.6044750213623047,0.33621215820312617,9.46703052520752,8.999999999999999e-08,0.0,0.0,0.0,8.999999999999999e-08,0.0,0.0,0.0,8.999999999999999e-08
1759811049771079968,167729,1759811049765772416,base_link,-0.02082164951915502,-0.13124246242407372,0.03198907869813203,-0.9906152705683537,1.0,0.0,0.0,0.0,1.0,0.0,0.0,0.0,1.0,0.0020562228746712208,-0.0009150377009063961,-0.002053905511274934,1.2184696791468346e-07,0.0,0.0,0.0,1.2184696791468346e-07,0.0,0.0,0.0,1.2184696791468346e-07,-2.4980263710021973,0.4056725502014172,9.468901634216309,8.999999999999999e-08,0.0,0.0,0.0,8.999999999999999e-08,0.0,0.0,0.0,8.999999999999999e-08
1759811049776815712,167730,1759811049770772416,base_link,-0.020820079549047993,-0.13123645649816093,0.03197989068515667,-0.990616450680112,1.0,0.0,0.0,0.0,1.0,0.0,0.0,0.0,1.0,0.0010086328256875277,-0.0013694157823920246,0.003206870285794139,1.2184696791468346e-07,0.0,0.0,0.0,1.2184696791468346e-07,0.0,0.0,0.0,1.2184696791468346e-07,-2.560300827026367,0.39210832118988154,9.45107364654541,8.999999999999999e-08,0.0,0.0,0.0,8.999999999999999e-08,0.0,0.0,0.0,8.999999999999999e-08
1759811049782766816,167731,1759811049775772416,base_link,-0.020825553370998333,-0.13123903272427614,0.031979132041883476,-0.9906160292116268,1.0,0.0,0.0,0.0,1.0,0.0,0.0,0.0,1.0,0.0013039864134043455,0.0006453255773521957,-0.0029294081032276154,1.2184696791468346e-07,0.0,0.0,0.0,1.2184696791468346e-07,0.0,0.0,0.0,1.2184696791468346e-07,-2.6103267669677734,0.25722736120224116,9.444137573242188,8.999999999999999e-08,0.0,0.0,0.0,8.999999999999999e-08,0.0,0.0,0.0,8.999999999999999e-08
1759811049786868320,167732,1759811049781772416,base_link,-0.020817482249508506,-0.13124535475155277,0.03200399868250489,-0.9906145119250805,1.0,0.0,0.0,0.0,1.0,0.0,0.0,0.0,1.0,-0.000491180457174778,0.0019702285062521687,-0.005848713219165802,1.2184696791468346e-07,0.0,0.0,0.0,1.2184696791468346e-07,0.0,0.0,0.0,1.2184696791468346e-07,-2.5833287239074707,0.28808182477951166,9.492284774780273,8.999999999999999e-08,0.0,0.0,0.0,8.999999999999999e-08,0.0,0.0,0.0,8.999999999999999e-08
1759811049792047616,167733,1759811049786772416,base_link,-0.020812751265763155,-0.13125330996920923,0.03202001448493905,-0.9906129946385341,1.0,0.0,0.0,0.0,1.0,0.0,0.0,0.0,1.0,-0.0020163930021226406,0.0029710396192967887,-0.005183923989534378,1.2184696791468346e-07,0.0,0.0,0.0,1.2184696791468346e-07,0.0,0.0,0.0,1.2184696791468346e-07,-2.5359153747558594,0.3774710595607769,9.48657512664795,8.999999999999999e-08,0.0,0.0,0.0,8.999999999999999e-08,0.0,0.0,0.0,8.999999999999999e-08
1759811049799941888,167734,1759811049791772416,base_link,-0.020811202369080385,-0.13126123357672925,0.03199759236153122,-0.9906127417574431,1.0,0.0,0.0,0.0,1.0,0.0,0.0,0.0,1.0,-0.00037660449743270874,0.002613127697259188,0.002719468669965863,1.2184696791468346e-07,0.0,0.0,0.0,1.2184696791468346e-07,0.0,0.0,0.0,1.2184696791468346e-07,-2.5302157402038574,0.37055972218513605,9.473800659179688,8.999999999999999e-08,0.0,0.0,0.0,8.999999999999999e-08,0.0,0.0,0.0,8.999999999999999e-08
1759811049807272096,167735,1759811049796772416,base_link,-0.02081885202208511,-0.13126372024079141,0.03200450444468703,-0.9906120674078669,1.0,0.0,0.0,0.0,1.0,0.0,0.0,0.0,1.0,0.005018952302634716,-0.001965236384421587,-0.0003288524458184836,1.2184696791468346e-07,0.0,0.0,0.0,1.2184696791468346e-07,0.0,0.0,0.0,1.2184696791468346e-07,-2.602410316467285,0.25650173425674555,9.466307640075684,8.999999999999999e-08,0.0,0.0,0.0,8.999999999999999e-08,0.0,0.0,0.0,8.999999999999999e-08
1759811049809947328,167736,1759811049806772416,base_link,-0.02083582139696681,-0.13125261981456485,0.03200833980790154,-0.9906130367853827,1.0,0.0,0.0,0.0,1.0,0.0,0.0,0.0,1.0,0.004599497653543949,-0.002439919859170914,-0.003198806662112474,1.2184696791468346e-07,0.0,0.0,0.0,1.2184696791468346e-07,0.0,0.0,0.0,1.2184696791468346e-07,-2.5964279174804688,0.204880863428117,9.456321716308594,8.999999999999999e-08,0.0,0.0,0.0,8.999999999999999e-08,0.0,0.0,0.0,8.999999999999999e-08
1759811049816796640,167737,1759811049812772416,base_link,-0.02084314441189557,-0.13124356877884713,0.03203198418991613,-0.9906133318133222,1.0,0.0,0.0,0.0,1.0,0.0,0.0,0.0,1.0,0.0025606416165828705,-0.0027056536637246613,-0.0042726583778858185,1.2184696791468346e-07,0.0,0.0,0.0,1.2184696791468346e-07,0.0,0.0,0.0,1.2184696791468346e-07,-2.5039138793945312,0.3761804699897778,9.511630058288574,8.999999999999999e-08,0.0,0.0,0.0,8.999999999999999e-08,0.0,0.0,0.0,8.999999999999999e-08
1759811049821885088,167738,1759811049818772416,base_link,-0.02085264852623478,-0.13124087138054244,0.03201095291250922,-0.9906141326034439,1.0,0.0,0.0,0.0,1.0,0.0,0.0,0.0,1.0,0.0021568001247942448,-0.0018137055449187751,0.003372289007529617,1.2184696791468346e-07,0.0,0.0,0.0,1.2184696791468346e-07,0.0,0.0,0.0,1.2184696791468346e-07,-2.5526061058044434,0.34159711003303644,9.490575790405273,8.999999999999999e-08,0.0,0.0,0.0,8.999999999999999e-08,0.0,0.0,0.0,8.999999999999999e-08
1759811049832005856,167739,1759811049823772416,base_link,-0.020861362387164413,-0.13124832083601673,0.03202123674354587,-0.9906126153168976,1.0,0.0,0.0,0.0,1.0,0.0,0.0,0.0,1.0,0.004186373203992844,0.0022113469894975424,-0.00041661225259304074,1.2184696791468346e-07,0.0,0.0,0.0,1.2184696791468346e-07,0.0,0.0,0.0,1.2184696791468346e-07,-2.630997657775879,0.23669312894344446,9.440719604492188,8.999999999999999e-08,0.0,0.0,0.0,8.999999999999999e-08,0.0,0.0,0.0,8.999999999999999e-08
1759811049834870208,167740,1759811049828772416,base_link,-0.020860187543762166,-0.1312606751309865,0.03202785379876206,-0.9906108030024116,1.0,0.0,0.0,0.0,1.0,0.0,0.0,0.0,1.0,-0.001676607527770102,0.003960113041102885,-0.003875575959682465,1.2184696791468346e-07,0.0,0.0,0.0,1.2184696791468346e-07,0.0,0.0,0.0,1.2184696791468346e-07,-2.571025848388672,0.2940929830074322,9.467147827148438,8.999999999999999e-08,0.0,0.0,0.0,8.999999999999999e-08,0.0,0.0,0.0,8.999999999999999e-08
1759811049839983840,167741,1759811049833772416,base_link,-0.020850604404082002,-0.1312650636715877,0.03203801118925317,-0.9906100865059869,1.0,0.0,0.0,0.0,1.0,0.0,0.0,0.0,1.0,-0.002854337450116873,0.0015571591211482878,-0.0028057731688022614,1.2184696791468346e-07,0.0,0.0,0.0,1.2184696791468346e-07,0.0,0.0,0.0,1.2184696791468346e-07,-2.4838457107543945,0.4150893688201916,9.443016052246094,8.999999999999999e-08,0.0,0.0,0.0,8.999999999999999e-08,0.0,0.0,0.0,8.999999999999999e-08
1759811049845840256,167742,1759811049839772416,base_link,-0.020850088105187743,-0.13126836166248368,0.032025493575245444,-0.9906100443591384,1.0,0.0,0.0,0.0,1.0,0.0,0.0,0.0,1.0,-0.00047754880506545305,0.00012691924348473603,0.004318379797041416,1.2184696791468346e-07,0.0,0.0,0.0,1.2184696791468346e-07,0.0,0.0,0.0,1.2184696791468346e-07,-2.551393508911133,0.3756901621818554,9.518989562988281,8.999999999999999e-08,0.0,0.0,0.0,8.999999999999999e-08,0.0,0.0,0.0,8.999999999999999e-08
1759811049852815136,167743,1759811049848772416,base_link,-0.0208518740778934,-0.13125776699843925,0.03201091076566066,-0.9906118988204728,1.0,0.0,0.0,0.0,1.0,0.0,0.0,0.0,1.0,0.0014240345917642117,-0.0033844094723463054,0.002418115502223373,1.2184696791468346e-07,0.0,0.0,0.0,1.2184696791468346e-07,0.0,0.0,0.0,1.2184696791468346e-07,-2.565281867980957,0.2571370899677288,9.459821701049805,8.999999999999999e-08,0.0,0.0,0.0,8.999999999999999e-08,0.0,0.0,0.0,8.999999999999999e-08
1759811049859594880,167744,1759811049855772416,base_link,-0.020864259982999536,-0.13125865735061404,0.03203156272143103,-0.9906108872961086,1.0,0.0,0.0,0.0,1.0,0.0,0.0,0.0,1.0,0.0024558876175433397,-0.00011149968486279284,-0.0029179761186242104,1.2184696791468346e-07,0.0,0.0,0.0,1.2184696791468346e-07,0.0,0.0,0.0,1.2184696791468346e-07,-2.522770881652832,0.3545717895030987,9.49882984161377,8.999999999999999e-08,0.0,0.0,0.0,8.999999999999999e-08,0.0,0.0,0.0,8.999999999999999e-08
1759811049869072032,167745,1759811049860771392,base_link,-0.020855409144812237,-0.13126177621740384,0.03201251234590408,-0.9906113087645937,1.0,0.0,0.0,0.0,1.0,0.0,0.0,0.0,1.0,-0.002273513935506344,0.001225664280354977,0.004106815904378891,1.2184696791468346e-07,0.0,0.0,0.0,1.2184696791468346e-07,0.0,0.0,0.0,1.2184696791468346e-07,-2.51021146774292,0.45237052440643427,9.47140884399414,8.999999999999999e-08,0.0,0.0,0.0,8.999999999999999e-08,0.0,0.0,0.0,8.999999999999999e-08
1759811049876794592,167746,1759811049870771392,base_link,-0.020857295216283107,-0.1312616392401462,0.032003956535656394,-0.9906115194988362,1.0,0.0,0.0,0.0,1.0,0.0,0.0,0.0,1.0,0.0003674085019156337,3.270967863500127e-05,0.0006994924042373896,1.2184696791468346e-07,0.0,0.0,0.0,1.2184696791468346e-07,0.0,0.0,0.0,1.2184696791468346e-07,-2.585137367248535,0.24605955183506129,9.443342208862305,8.999999999999999e-08,0.0,0.0,0.0,8.999999999999999e-08,0.0,0.0,0.0,8.999999999999999e-08
1759811049883030624,167747,1759811049876771392,base_link,-0.020865661365712513,-0.13125860466705339,0.03201786499566499,-0.9906112666177451,1.0,0.0,0.0,0.0,1.0,0.0,0.0,0.0,1.0,0.003243304556235671,-0.0004052878357470041,-0.004487983416765928,1.2184696791468346e-07,0.0,0.0,0.0,1.2184696791468346e-07,0.0,0.0,0.0,1.2184696791468346e-07,-2.5699071884155273,0.2929357886314404,9.459625244140625,8.999999999999999e-08,0.0,0.0,0.0,8.999999999999999e-08,0.0,0.0,0.0,8.999999999999999e-08
1759811049892155584,167748,1759811049881771392,base_link,-0.0208627479648092,-0.13125854671513668,0.03201731708663435,-0.9906113930582907,1.0,0.0,0.0,0.0,1.0,0.0,0.0,0.0,1.0,-0.0004430862609297037,-0.0011276230216026306,0.0006553514394909145,1.2184696791468346e-07,0.0,0.0,0.0,1.2184696791468346e-07,0.0,0.0,0.0,1.2184696791468346e-07,-2.5392065048217773,0.4274765253067028,9.444379806518555,8.999999999999999e-08,0.0,0.0,0.0,8.999999999999999e-08,0.0,0.0,0.0,8.999999999999999e-08
1759811049898085824,167749,1759811049892771392,base_link,-0.020857995907639603,-0.1312506125709045,0.03198595983134222,-0.9906135846944133,1.0,0.0,0.0,0.0,1.0,0.0,0.0,0.0,1.0,-0.0018182990606874228,-0.0015230623539537185,0.005463344044983387,1.2184696791468346e-07,0.0,0.0,0.0,1.2184696791468346e-07,0.0,0.0,0.0,1.2184696791468346e-07,-2.5787949562072754,0.24533642828464625,9.438920974731445,8.999999999999999e-08,0.0,0.0,0.0,8.999999999999999e-08,0.0,0.0,0.0,8.999999999999999e-08
1759811049902787424,167750,1759811049897771392,base_link,-0.020856947504782893,-0.13124322106734693,0.03200214422117041,-0.9906140061628984,1.0,0.0,0.0,0.0,1.0,0.0,0.0,0.0,1.0,-0.0003158872714266181,-0.0021431925706565384,-0.001999357715249061,1.2184696791468346e-07,0.0,0.0,0.0,1.2184696791468346e-07,0.0,0.0,0.0,1.2184696791468346e-07,-2.56949520111084,0.2701613605022442,9.46294116973877,8.999999999999999e-08,0.0,0.0,0.0,8.999999999999999e-08,0.0,0.0,0.0,8.999999999999999e-08
1759811049909932736,167751,1759811049902771392,base_link,-0.020857574439154484,-0.13124394283212767,0.03201255449275259,-0.9906135425475647,1.0,0.0,0.0,0.0,1.0,0.0,0.0,0.0,1.0,0.0003145210212096572,-0.0014314898289740092,-0.0048540569841861725,1.2184696791468346e-07,0.0,0.0,0.0,1.2184696791468346e-07,0.0,0.0,0.0,1.2184696791468346e-07,-2.540719509124756,0.3909601569175732,9.488903999328613,8.999999999999999e-08,0.0,0.0,0.0,8.999999999999999e-08,0.0,0.0,0.0,8.999999999999999e-08
1759811049912713344,167752,1759811049907771392,base_link,-0.020858369960920126,-0.13123579268529686,0.03200985709444793,-0.990614722659323,1.0,0.0,0.0,0.0,1.0,0.0,0.0,0.0,1.0,-2.5820801965892315e-05,-0.002370228059589863,-0.001199824037030339,1.2184696791468346e-07,0.0,0.0,0.0,1.2184696791468346e-07,0.0,0.0,0.0,1.2184696791468346e-07,-2.5475521087646484,0.39104551076889155,9.455440521240234,8.999999999999999e-08,0.0,0.0,0.0,8.999999999999999e-08,0.0,0.0,0.0,8.999999999999999e-08
1759811049918751264,167753,1759811049913771392,base_link,-0.020835737103269778,-0.13122725794847342,0.032002692130201044,-0.9906165771206575,1.0,0.0,0.0,0.0,1.0,0.0,0.0,0.0,1.0,-0.006047036498785019,-0.0031763268634676933,0.0015904710162431006,1.2184696791468346e-07,0.0,0.0,0.0,1.2184696791468346e-07,0.0,0.0,0.0,1.2184696791468346e-07,-2.57235050201416,0.28987416625023005,9.436332702636719,8.999999999999999e-08,0.0,0.0,0.0,8.999999999999999e-08,0.0,0.0,0.0,8.999999999999999e-08
1759811049928118432,167754,1759811049923771392,base_link,-0.020811913597149005,-0.13123203107906728,0.03201175370263092,-0.990616113505324,1.0,0.0,0.0,0.0,1.0,0.0,0.0,0.0,1.0,-0.004964720923453569,0.0006670190487056967,-0.0022690703626722097,1.2184696791468346e-07,0.0,0.0,0.0,1.2184696791468346e-07,0.0,0.0,0.0,1.2184696791468346e-07,-2.58420467376709,0.21855983138084528,9.489944458007812,8.999999999999999e-08,0.0,0.0,0.0,8.999999999999999e-08,0.0,0.0,0.0,8.999999999999999e-08
1759811049934895136,167755,1759811049929771392,base_link,-0.020812198088376446,-0.13123506565216006,0.03201474612887516,-0.9906156498899903,1.0,0.0,0.0,0.0,1.0,0.0,0.0,0.0,1.0,-0.001619972987100482,0.0012963938061147924,-0.0034491794649511576,1.2184696791468346e-07,0.0,0.0,0.0,1.2184696791468346e-07,0.0,0.0,0.0,1.2184696791468346e-07,-2.5128841400146484,0.4533881247043621,9.440484046936035,8.999999999999999e-08,0.0,0.0,0.0,8.999999999999999e-08,0.0,0.0,0.0,8.999999999999999e-08
1759811049938957856,167756,1759811049934771392,base_link,-0.02081196101235357,-0.13123988619795848,0.0320009641094121,-0.9906154391557478,1.0,0.0,0.0,0.0,1.0,0.0,0.0,0.0,1.0,-8.766725659370422e-05,0.001626307144761086,0.003195774042978883,1.2184696791468346e-07,0.0,0.0,0.0,1.2184696791468346e-07,0.0,0.0,0.0,1.2184696791468346e-07,-2.563692092895508,0.3250039517879498,9.443421363830566,8.999999999999999e-08,0.0,0.0,0.0,8.999999999999999e-08,0.0,0.0,0.0,8.999999999999999e-08
1759811049948961824,167757,1759811049939771392,base_link,-0.02081231399220986,-0.13123722567814625,0.03197951136352007,-0.9906164928269605,1.0,0.0,0.0,0.0,1.0,0.0,0.0,0.0,1.0,-0.00038594286888837814,0.00016543245874345384,0.006697009317576885,1.2184696791468346e-07,0.0,0.0,0.0,1.2184696791468346e-07,0.0,0.0,0.0,1.2184696791468346e-07,-2.625659465789795,0.2648180723190319,9.46130084991455,8.999999999999999e-08,0.0,0.0,0.0,8.999999999999999e-08,0.0,0.0,0.0,8.999999999999999e-08
1759811049951148576,167758,1759811049944771392,base_link,-0.020806255382736418,-0.13124167217066415,0.0319870556494035,-0.9906157763305359,1.0,0.0,0.0,0.0,1.0,0.0,0.0,0.0,1.0,-0.0017025204142555594,0.0010549116414040327,0.00046317954547703255,1.2184696791468346e-07,0.0,0.0,0.0,1.2184696791468346e-07,0.0,0.0,0.0,1.2184696791468346e-07,-2.5959854125976562,0.2976245880126965,9.419611930847168,8.999999999999999e-08,0.0,0.0,0.0,8.999999999999999e-08,0.0,0.0,0.0,8.999999999999999e-08
1759811049956879904,167759,1759811049950771392,base_link,-0.02080329456662853,-0.1312480468815014,0.03200239710226147,-0.9906145119250805,1.0,0.0,0.0,0.0,1.0,0.0,0.0,0.0,1.0,-0.0020669361110776663,0.000867365568410605,-0.0020820472855120897,1.2184696791468346e-07,0.0,0.0,0.0,1.2184696791468346e-07,0.0,0.0,0.0,1.2184696791468346e-07,-2.5209646224975586,0.4115968346595776,9.462138175964355,8.999999999999999e-08,0.0,0.0,0.0,8.999999999999999e-08,0.0,0.0,0.0,8.999999999999999e-08
1759811049964818752,167760,1759811049955770368,base_link,-0.02080005979600532,-0.13124468567033268,0.03198861508279841,-0.9906154813025962,1.0,0.0,0.0,0.0,1.0,0.0,0.0,0.0,1.0,-0.0006958876620046794,-0.0011863922700285905,0.005243370309472084,1.2184696791468346e-07,0.0,0.0,0.0,1.2184696791468346e-07,0.0,0.0,0.0,1.2184696791468346e-07,-2.554934501647949,0.3679220676422131,9.481769561767578,8.999999999999999e-08,0.0,0.0,0.0,8.999999999999999e-08,0.0,0.0,0.0,8.999999999999999e-08
1759811049970942560,167761,1759811049966770368,base_link,-0.020798985051368287,-0.13125220888279188,0.031982040174430744,-0.990614722659323,1.0,0.0,0.0,0.0,1.0,0.0,0.0,0.0,1.0,-0.000544533773791045,0.001184029271826148,0.0004463207442313431,1.2184696791468346e-07,0.0,0.0,0.0,1.2184696791468346e-07,0.0,0.0,0.0,1.2184696791468346e-07,-2.6250152587890625,0.27369529008865473,9.495454788208008,8.999999999999999e-08,0.0,0.0,0.0,8.999999999999999e-08,0.0,0.0,0.0,8.999999999999999e-08
1759811049976912896,167762,1759811049971770368,base_link,-0.020808852682275898,-0.1312535628503003,0.03199843529850144,-0.9906137532818073,1.0,0.0,0.0,0.0,1.0,0.0,0.0,0.0,1.0,0.0023468949366360903,0.0016372692771255963,-0.004971180111169815,1.2184696791468346e-07,0.0,0.0,0.0,1.2184696791468346e-07,0.0,0.0,0.0,1.2184696791468346e-07,-2.5552945137023926,0.3672012090682995,9.465559959411621,8.999999999999999e-08,0.0,0.0,0.0,8.999999999999999e-08,0.0,0.0,0.0,8.999999999999999e-08
1759811049982986592,167763,1759811049976770368,base_link,-0.020814073623135185,-0.13125345221482293,0.031985875537645196,-0.9906140904565954,1.0,0.0,0.0,0.0,1.0,0.0,0.0,0.0,1.0,0.0019729207269847393,-0.00019293057266622752,0.002522585680708289,1.2184696791468346e-07,0.0,0.0,0.0,1.2184696791468346e-07,0.0,0.0,0.0,1.2184696791468346e-07,-2.521775245666504,0.4083871543407452,9.486367225646973,8.999999999999999e-08,0.0,0.0,0.0,8.999999999999999e-08,0.0,0.0,0.0,8.999999999999999e-08
1759811049990772512,167764,1759811049982770368,base_link,-0.02081979505782054,-0.131251313262261,0.03197955351036859,-0.9906144276313835,1.0,0.0,0.0,0.0,1.0,0.0,0.0,0.0,1.0,-0.0004353047115728259,1.6878824681043754e-05,0.0010496345348656178,1.2184696791468346e-07,0.0,0.0,0.0,1.2184696791468346e-07,0.0,0.0,0.0,1.2184696791468346e-07,-2.544455051422119,0.34025409817695734,9.462100982666016,8.999999999999999e-08,0.0,0.0,0.0,8.999999999999999e-08,0.0,0.0,0.0,8.999999999999999e-08
1759811049997831296,167765,1759811049993770368,base_link,-0.020809922158556867,-0.13126121777166108,0.03201238590535855,-0.9906122781421094,1.0,0.0,0.0,0.0,1.0,0.0,0.0,0.0,1.0,-0.0008294142317026854,0.001346609089523553,-0.007428794167935848,1.2184696791468346e-07,0.0,0.0,0.0,1.2184696791468346e-07,0.0,0.0,0.0,1.2184696791468346e-07,-2.558687686920166,0.2991385459899914,9.464917182922363,8.999999999999999e-08,0.0,0.0,0.0,8.999999999999999e-08,0.0,0.0,0.0,8.999999999999999e-08
1759811050002687872,167766,1759811049997770368,base_link,-0.02080280460951458,-0.13125796719596966,0.03202591504373054,-0.990612404582655,1.0,0.0,0.0,0.0,1.0,0.0,0.0,0.0,1.0,-0.0014863046817481518,-0.0006671210285276182,-0.006027563475072384,1.2184696791468346e-07,0.0,0.0,0.0,1.2184696791468346e-07,0.0,0.0,0.0,1.2184696791468346e-07,-2.4982666969299316,0.40018698573112604,9.4830322265625,8.999999999999999e-08,0.0,0.0,0.0,8.999999999999999e-08,0.0,0.0,0.0,8.999999999999999e-08
1759811050017271936,167767,1759811050003770368,base_link,-0.02079324781161473,-0.13125518550396795,0.03200050049407848,-0.9906137954286558,1.0,0.0,0.0,0.0,1.0,0.0,0.0,0.0,1.0,-0.002093364717438817,-0.0012036836706101886,0.007886108942329884,1.2184696791468346e-07,0.0,0.0,0.0,1.2184696791468346e-07,0.0,0.0,0.0,1.2184696791468346e-07,-2.544050693511963,0.36358675360679743,9.467198371887207,8.999999999999999e-08,0.0,0.0,0.0,8.999999999999999e-08,0.0,0.0,0.0,8.999999999999999e-08
1759811050017289856,167768,1759811050008770368,base_link,-0.020798152651110194,-0.13125343114139867,0.03198528548176604,-0.9906144276313835,1.0,0.0,0.0,0.0,1.0,0.0,0.0,0.0,1.0,-8.597667329013348e-05,-0.0011469740420579908,0.0014497307129204275,1.2184696791468346e-07,0.0,0.0,0.0,1.2184696791468346e-07,0.0,0.0,0.0,1.2184696791468346e-07,-2.5848264694213867,0.2792176306247723,9.462799072265625,8.999999999999999e-08,0.0,0.0,0.0,8.999999999999999e-08,0.0,0.0,0.0,8.999999999999999e-08
1759811050024788512,167769,1759811050019770368,base_link,-0.020784834246980754,-0.13125397905042932,0.0320280645330046,-0.9906132896664737,1.0,0.0,0.0,0.0,1.0,0.0,0.0,0.0,1.0,-0.001193258329294622,0.00027023768052458666,-0.008148688822984695,1.2184696791468346e-07,0.0,0.0,0.0,1.2184696791468346e-07,0.0,0.0,0.0,1.2184696791468346e-07,-2.5494303703308105,0.3770539760589611,9.466168403625488,8.999999999999999e-08,0.0,0.0,0.0,8.999999999999999e-08,0.0,0.0,0.0,8.999999999999999e-08
1759811050029937632,167770,1759811050024770368,base_link,-0.020788695951975564,-0.13126008507510734,0.03201790714251349,-0.9906127417574431,1.0,0.0,0.0,0.0,1.0,0.0,0.0,0.0,1.0,-0.0003330655163154006,0.0007100778166204691,-0.0002618975704535843,1.2184696791468346e-07,0.0,0.0,0.0,1.2184696791468346e-07,0.0,0.0,0.0,1.2184696791468346e-07,-2.53286075592041,0.4158789813518536,9.483321189880371,8.999999999999999e-08,0.0,0.0,0.0,8.999999999999999e-08,0.0,0.0,0.0,8.999999999999999e-08
1759811050036034976,167771,1759811050029770368,base_link,-0.020800386434081275,-0.1312562549802489,0.03201365031081388,-0.9906131210790796,1.0,0.0,0.0,0.0,1.0,0.0,0.0,0.0,1.0,0.0025683697313070297,-0.0006434982642531392,0.0025157404597848654,1.2184696791468346e-07,0.0,0.0,0.0,1.2184696791468346e-07,0.0,0.0,0.0,1.2184696791468346e-07,-2.569690704345703,0.28749155998230097,9.48203182220459,8.999999999999999e-08,0.0,0.0,0.0,8.999999999999999e-08,0.0,0.0,0.0,8.999999999999999e-08
1759811050044198912,167772,1759811050040770368,base_link,-0.020803752913606074,-0.13126295106080607,0.03203430226658425,-0.9906115194988363,1.0,0.0,0.0,0.0,1.0,0.0,0.0,0.0,1.0,0.0014656190760433674,0.001129646552726626,-0.004105055704712868,1.2184696791468346e-07,0.0,0.0,0.0,1.2184696791468346e-07,0.0,0.0,0.0,1.2184696791468346e-07,-2.5470428466796875,0.34133699536323664,9.473580360412598,8.999999999999999e-08,0.0,0.0,0.0,8.999999999999999e-08,0.0,0.0,0.0,8.999999999999999e-08
1759811050050097376,167773,1759811050045770368,base_link,-0.020788611658278538,-0.13126609100102013,0.03203308000797743,-0.9906113930582907,1.0,0.0,0.0,0.0,1.0,0.0,0.0,0.0,1.0,-0.002779351081699133,0.0022624323610216375,-0.002750595565885306,1.2184696791468346e-07,0.0,0.0,0.0,1.2184696791468346e-07,0.0,0.0,0.0,1.2184696791468346e-07,-2.531433582305908,0.4205834567546856,9.47314739227295,8.999999999999999e-08,0.0,0.0,0.0,8.999999999999999e-08,0.0,0.0,0.0,8.999999999999999e-08
1759811050057672800,167774,1759811050050770368,base_link,-0.020779497402288058,-0.1312652796741863,0.03202203753366758,-0.9906120674078669,1.0,0.0,0.0,0.0,1.0,0.0,0.0,0.0,1.0,-0.003798720194026828,0.00019084825180470987,0.0034711428452283144,1.2184696791468346e-07,0.0,0.0,0.0,1.2184696791468346e-07,0.0,0.0,0.0,1.2184696791468346e-07,-2.574068546295166,0.3445273637771618,9.454702377319336,8.999999999999999e-08,0.0,0.0,0.0,8.999999999999999e-08,0.0,0.0,0.0,8.999999999999999e-08
1759811050066683840,167775,1759811050061768576,base_link,-0.02077462944128505,-0.13126232939479054,0.03202414487609313,-0.990612488876352,1.0,0.0,0.0,0.0,1.0,0.0,0.0,0.0,1.0,-0.0006895022233948112,-0.00047749246004968914,-0.002710245316848159,1.2184696791468346e-07,0.0,0.0,0.0,1.2184696791468346e-07,0.0,0.0,0.0,1.2184696791468346e-07,-2.6038951873779297,0.23048324882984278,9.441301345825195,8.999999999999999e-08,0.0,0.0,0.0,8.999999999999999e-08,0.0,0.0,0.0,8.999999999999999e-08
1759811050072272800,167776,1759811050066768576,base_link,-0.020766400269113302,-0.13127209692693295,0.032041130056042984,-0.99061084514926,1.0,0.0,0.0,0.0,1.0,0.0,0.0,0.0,1.0,-0.0012289511505514383,0.002049882430583238,-0.0041730874218046665,1.2184696791468346e-07,0.0,0.0,0.0,1.2184696791468346e-07,0.0,0.0,0.0,1.2184696791468346e-07,-2.577336311340332,0.28631281852722285,9.439977645874023,8.999999999999999e-08,0.0,0.0,0.0,8.999999999999999e-08,0.0,0.0,0.0,8.999999999999999e-08
1759811050077897760,167777,1759811050072768576,base_link,-0.020766969251568197,-0.1312761114142536,0.03202068883451523,-0.9906109715898056,1.0,0.0,0.0,0.0,1.0,0.0,0.0,0.0,1.0,-0.0013059924822300673,0.0003917592694051571,0.005796764045953751,1.2184696791468346e-07,0.0,0.0,0.0,1.2184696791468346e-07,0.0,0.0,0.0,1.2184696791468346e-07,-2.532369613647461,0.39128968119621393,9.458443641662598,8.999999999999999e-08,0.0,0.0,0.0,8.999999999999999e-08,0.0,0.0,0.0,8.999999999999999e-08
1759811050084778112,167778,1759811050077768576,base_link,-0.020764387757096898,-0.1312704110529925,0.03200277642389808,-0.9906123624358064,1.0,0.0,0.0,0.0,1.0,0.0,0.0,0.0,1.0,6.65989937260747e-05,-0.0013742619194090364,0.0020021002274006605,1.2184696791468346e-07,0.0,0.0,0.0,1.2184696791468346e-07,0.0,0.0,0.0,1.2184696791468346e-07,-2.6414756774902344,0.23748342692852137,9.457581520080566,8.999999999999999e-08,0.0,0.0,0.0,8.999999999999999e-08,0.0,0.0,0.0,8.999999999999999e-08
1759811050094780928,167779,1759811050087768576,base_link,-0.02076410326586945,-0.1312774390399817,0.03202570430948799,-0.990610676561866,1.0,0.0,0.0,0.0,1.0,0.0,0.0,0.0,1.0,-0.0001495723845437169,0.001090493984520435,-0.00398641312494874,1.2184696791468346e-07,0.0,0.0,0.0,1.2184696791468346e-07,0.0,0.0,0.0,1.2184696791468346e-07,-2.582439422607422,0.3446727097034466,9.454402923583984,8.999999999999999e-08,0.0,0.0,0.0,8.999999999999999e-08,0.0,0.0,0.0,8.999999999999999e-08
1759811050095268704,167780,1759811050093768576,base_link,-0.020760915910450817,-0.13126527440583025,0.03202275403009227,-0.9906124467295035,1.0,0.0,0.0,0.0,1.0,0.0,0.0,0.0,1.0,-0.0010848974343389273,-0.0008058473467826845,-0.0021454468369483948,1.2184696791468346e-07,0.0,0.0,0.0,1.2184696791468346e-07,0.0,0.0,0.0,1.2184696791468346e-07,-2.582439422607422,0.3446727097034466,9.454402923583984,8.999999999999999e-08,0.0,0.0,0.0,8.999999999999999e-08,0.0,0.0,0.0,8.999999999999999e-08
1759811050106754720,167781,1759811050098768576,base_link,-0.020752533955953216,-0.13126400473201885,0.03199447349474145,-0.9906137532818073,1.0,0.0,0.0,0.0,1.0,0.0,0.0,0.0,1.0,-0.0027337362989783287,-0.0019687260501086703,0.006486455909907818,1.2184696791468346e-07,0.0,0.0,0.0,1.2184696791468346e-07,0.0,0.0,0.0,1.2184696791468346e-07,-2.5705838203430176,0.31743878126144526,9.435770988464355,8.999999999999999e-08,0.0,0.0,0.0,8.999999999999999e-08,0.0,0.0,0.0,8.999999999999999e-08
1759811050109830016,167782,1759811050104768576,base_link,-0.020762243536178917,-0.13125405280741423,0.031993925585710806,-0.9906148912467171,1.0,0.0,0.0,0.0,1.0,0.0,0.0,0.0,1.0,0.0013634550850838423,-0.0026356205344200134,0.0012560510076582434,1.2184696791468346e-07,0.0,0.0,0.0,1.2184696791468346e-07,0.0,0.0,0.0,1.2184696791468346e-07,-2.5955305099487305,0.2298379838466656,9.449967384338379,8.999999999999999e-08,0.0,0.0,0.0,8.999999999999999e-08,0.0,0.0,0.0,8.999999999999999e-08
1759811050116300192,167783,1759811050108768576,base_link,-0.0207665319780149,-0.1312546639367176,0.032004757325778094,-0.9906143433376865,1.0,0.0,0.0,0.0,1.0,0.0,0.0,0.0,1.0,0.0015316582284867764,-0.0013107385020703077,0.00026619667187333123,1.2184696791468346e-07,0.0,0.0,0.0,1.2184696791468346e-07,0.0,0.0,0.0,1.2184696791468346e-07,-2.547846794128418,0.3215696811676037,9.464015007019043,8.999999999999999e-08,0.0,0.0,0.0,8.999999999999999e-08,0.0,0.0,0.0,8.999999999999999e-08
1759811050121911904,167784,1759811050118768576,base_link,-0.020767148375674373,-0.13125086545199557,0.03199527428486316,-0.9906151441278082,1.0,0.0,0.0,0.0,1.0,0.0,0.0,0.0,1.0,0.0010316276457160711,-0.000278383726254105,0.00422116182744503,1.2184696791468346e-07,0.0,0.0,0.0,1.2184696791468346e-07,0.0,0.0,0.0,1.2184696791468346e-07,-2.47487211227417,0.39662998914718745,9.457077980041504,8.999999999999999e-08,0.0,0.0,0.0,8.999999999999999e-08,0.0,0.0,0.0,8.999999999999999e-08
1759811050127310080,167785,1759811050119768576,base_link,-0.02077902851859837,-0.13125553848382424,0.031973568657880015,-0.9906149333935657,1.0,0.0,0.0,0.0,1.0,0.0,0.0,0.0,1.0,0.0016575781628489494,0.0008492136839777241,0.007639511488378048,1.2184696791468346e-07,0.0,0.0,0.0,1.2184696791468346e-07,0.0,0.0,0.0,1.2184696791468346e-07,-2.541727066040039,0.3385949134826672,9.513726234436035,8.999999999999999e-08,0.0,0.0,0.0,8.999999999999999e-08,0.0,0.0,0.0,8.999999999999999e-08
1759811050131912576,167786,1759811050124768576,base_link,-0.020780661708978177,-0.1312497538288661,0.031957342121203366,-0.9906162399458694,1.0,0.0,0.0,0.0,1.0,0.0,0.0,0.0,1.0,-0.0005503587890416384,0.00015718827489763515,0.0013038786128163338,1.2184696791468346e-07,0.0,0.0,0.0,1.2184696791468346e-07,0.0,0.0,0.0,1.2184696791468346e-07,-2.6242756843566895,0.25032603740692255,9.430258750915527,8.999999999999999e-08,0.0,0.0,0.0,8.999999999999999e-08,0.0,0.0,0.0,8.999999999999999e-08
1759811050138981408,167787,1759811050134768576,base_link,-0.020771210278199597,-0.1312508496469274,0.03197660323097281,-0.9906156077431418,1.0,0.0,0.0,0.0,1.0,0.0,0.0,0.0,1.0,-0.0009826887398958206,-0.00040212646126747196,-0.005505813285708427,1.2184696791468346e-07,0.0,0.0,0.0,1.2184696791468346e-07,0.0,0.0,0.0,1.2184696791468346e-07,-2.607727527618408,0.24407748878002283,9.456893920898438,8.999999999999999e-08,0.0,0.0,0.0,8.999999999999999e-08,0.0,0.0,0.0,8.999999999999999e-08
1759811050150711840,167788,1759811050146768576,base_link,-0.020748234977405102,-0.13125172946239005,0.03196724663060341,-0.990616282092718,1.0,0.0,0.0,0.0,1.0,0.0,0.0,0.0,1.0,-0.004028460942208767,-0.0006835807580500838,0.0026661015581339598,1.2184696791468346e-07,0.0,0.0,0.0,1.2184696791468346e-07,0.0,0.0,0.0,1.2184696791468346e-07,-2.6065378189086914,0.2758271694183361,9.465824127197266,8.999999999999999e-08,0.0,0.0,0.0,8.999999999999999e-08,0.0,0.0,0.0,8.999999999999999e-08
1759811050156770912,167789,1759811050151768576,base_link,-0.020743651507629544,-0.13125039129994984,0.031968426742361715,-0.9906165349738091,1.0,0.0,0.0,0.0,1.0,0.0,0.0,0.0,1.0,-0.0027185475919395685,0.00013334874529391522,-0.0004217635141685605,1.2184696791468346e-07,0.0,0.0,0.0,1.2184696791468346e-07,0.0,0.0,0.0,1.2184696791468346e-07,-2.6277456283569336,0.23194435238838312,9.417190551757812,8.999999999999999e-08,0.0,0.0,0.0,8.999999999999999e-08,0.0,0.0,0.0,8.999999999999999e-08
1759811050162766592,167790,1759811050156767808,base_link,-0.02073750860445908,-0.13127379333758551,0.031986128418736264,-0.9906129946385341,1.0,0.0,0.0,0.0,1.0,0.0,0.0,0.0,1.0,-0.00043094647116959095,0.006826751399785279,-0.004291180521249772,1.2184696791468346e-07,0.0,0.0,0.0,1.2184696791468346e-07,0.0,0.0,0.0,1.2184696791468346e-07,-2.559037208557129,0.3249568641185772,9.446535110473633,8.999999999999999e-08,0.0,0.0,0.0,8.999999999999999e-08,0.0,0.0,0.0,8.999999999999999e-08
1759811050170055904,167791,1759811050161767808,base_link,-0.020746227733744772,-0.13127923554939946,0.031978921307640934,-0.9906122781421095,1.0,0.0,0.0,0.0,1.0,0.0,0.0,0.0,1.0,-0.001149881281889975,0.0007439768523909154,0.0018507617060095072,1.2184696791468346e-07,0.0,0.0,0.0,1.2184696791468346e-07,0.0,0.0,0.0,1.2184696791468346e-07,-2.496330738067627,0.3778014183044445,9.472172737121582,8.999999999999999e-08,0.0,0.0,0.0,8.999999999999999e-08,0.0,0.0,0.0,8.999999999999999e-08
1759811050174195296,167792,1759811050167767808,base_link,-0.020737492799390887,-0.13126817200166538,0.03196572934405702,-0.9906144276313835,1.0,0.0,0.0,0.0,1.0,0.0,0.0,0.0,1.0,-0.0006131832487881184,-0.003278338816016912,0.003998826257884502,1.2184696791468346e-07,0.0,0.0,0.0,1.2184696791468346e-07,0.0,0.0,0.0,1.2184696791468346e-07,-2.5630154609680176,0.3455179929733288,9.494317054748535,8.999999999999999e-08,0.0,0.0,0.0,8.999999999999999e-08,0.0,0.0,0.0,8.999999999999999e-08
1759811050182819424,167793,1759811050172767808,base_link,-0.020741091086582505,-0.1312625822758816,0.03196130392496335,-0.9906152284215052,1.0,0.0,0.0,0.0,1.0,0.0,0.0,0.0,1.0,-8.695758879184723e-06,-0.0022542055230587725,-0.0040010130032896996,1.2184696791468346e-07,0.0,0.0,0.0,1.2184696791468346e-07,0.0,0.0,0.0,1.2184696791468346e-07,-2.579674243927002,0.2071764618158352,9.451068878173828,8.999999999999999e-08,0.0,0.0,0.0,8.999999999999999e-08,0.0,0.0,0.0,8.999999999999999e-08
1759811050186699840,167794,1759811050183767808,base_link,-0.02072592348947465,-0.13126587499842152,0.03199367270461974,-0.9906140483097469,1.0,0.0,0.0,0.0,1.0,0.0,0.0,0.0,1.0,-0.0014239598531275988,0.00028430111706256823,-0.003646505530923605,1.2184696791468346e-07,0.0,0.0,0.0,1.2184696791468346e-07,0.0,0.0,0.0,1.2184696791468346e-07,-2.493701934814453,0.40059775114059565,9.46494197845459,8.999999999999999e-08,0.0,0.0,0.0,8.999999999999999e-08,0.0,0.0,0.0,8.999999999999999e-08
1759811050192684960,167795,1759811050188767808,base_link,-0.020733320261388317,-0.13125821480870467,0.03198132367800605,-0.9906153548620508,1.0,0.0,0.0,0.0,1.0,0.0,0.0,0.0,1.0,0.0003950351383537054,-0.0015962165780365463,0.003305621212348342,1.2184696791468346e-07,0.0,0.0,0.0,1.2184696791468346e-07,0.0,0.0,0.0,1.2184696791468346e-07,-2.5093941688537598,0.3651362359523785,9.481648445129395,8.999999999999999e-08,0.0,0.0,0.0,8.999999999999999e-08,0.0,0.0,0.0,8.999999999999999e-08
1759811050202767040,167796,1759811050198767808,base_link,-0.02072644505672498,-0.1312511815533594,0.03198351531412862,-0.990616282092718,1.0,0.0,0.0,0.0,1.0,0.0,0.0,0.0,1.0,-0.0009406257304362953,-0.0018391169141978025,-0.0007043913938105104,1.2184696791468346e-07,0.0,0.0,0.0,1.2184696791468346e-07,0.0,0.0,0.0,1.2184696791468346e-07,-2.613828182220459,0.2628187835216534,9.43904972076416,8.999999999999999e-08,0.0,0.0,0.0,8.999999999999999e-08,0.0,0.0,0.0,8.999999999999999e-08
1759811050209987328,167797,1759811050204767808,base_link,-0.020727625168483275,-0.13125862047212158,0.03199729733359169,-0.9906148069530201,1.0,0.0,0.0,0.0,1.0,0.0,0.0,0.0,1.0,0.0002817329950630665,0.000695153139531612,-0.003839125158265233,1.2184696791468346e-07,0.0,0.0,0.0,1.2184696791468346e-07,0.0,0.0,0.0,1.2184696791468346e-07,-2.530599594116211,0.33941340446472285,9.453557968139648,8.999999999999999e-08,0.0,0.0,0.0,8.999999999999999e-08,0.0,0.0,0.0,8.999999999999999e-08
1759811050217044256,167798,1759811050209767808,base_link,-0.02073115496704607,-0.13125715586913583,0.03198975304770821,-0.9906151862746567,1.0,0.0,0.0,0.0,1.0,0.0,0.0,0.0,1.0,0.00011867121793329716,0.0017830464057624344,0.0031538198236376043,1.2184696791468346e-07,0.0,0.0,0.0,1.2184696791468346e-07,0.0,0.0,0.0,1.2184696791468346e-07,-2.5450778007507324,0.39340022206306574,9.439212799072266,8.999999999999999e-08,0.0,0.0,0.0,8.999999999999999e-08,0.0,0.0,0.0,8.999999999999999e-08
1759811050224012960,167799,1759811050214767808,base_link,-0.02072834693326403,-0.13126861454357472,0.031977530461640064,-0.9906141747502925,1.0,0.0,0.0,0.0,1.0,0.0,0.0,0.0,1.0,-0.001406927010975778,0.001967005897313357,0.004173277877271175,1.2184696791468346e-07,0.0,0.0,0.0,1.2184696791468346e-07,0.0,0.0,0.0,1.2184696791468346e-07,-2.5463619232177734,0.31439048051834223,9.438410758972168,8.999999999999999e-08,0.0,0.0,0.0,8.999999999999999e-08,0.0,0.0,0.0,8.999999999999999e-08
1759811050230883264,167800,1759811050225767808,base_link,-0.020727967611627426,-0.13126378872942024,0.0319893315792231,-0.9906144276313835,1.0,0.0,0.0,0.0,1.0,0.0,0.0,0.0,1.0,0.0004176553338766098,0.00011519622057676264,-0.004200221039354801,1.2184696791468346e-07,0.0,0.0,0.0,1.2184696791468346e-07,0.0,0.0,0.0,1.2184696791468346e-07,-2.5633368492126465,0.3289520740509045,9.430975914001465,8.999999999999999e-08,0.0,0.0,0.0,8.999999999999999e-08,0.0,0.0,0.0,8.999999999999999e-08
1759811050236767840,167801,1759811050230767808,base_link,-0.020726608375762946,-0.1312588364747202,0.03199240829916441,-0.9906149755404141,1.0,0.0,0.0,0.0,1.0,0.0,0.0,0.0,1.0,0.0006038168212398887,-0.0008829173166304827,0.00022692698985338222,1.2184696791468346e-07,0.0,0.0,0.0,1.2184696791468346e-07,0.0,0.0,0.0,1.2184696791468346e-07,-2.5115113258361816,0.41175994277000544,9.485833168029785,8.999999999999999e-08,0.0,0.0,0.0,8.999999999999999e-08,0.0,0.0,0.0,8.999999999999999e-08
1759811050242137248,167802,1759811050235767808,base_link,-0.020727440776021046,-0.1312674238951043,0.031960081666356534,-0.9906148490998686,1.0,0.0,0.0,0.0,1.0,0.0,0.0,0.0,1.0,-0.002075880067422986,0.0015249131247401246,0.007355362176895142,1.2184696791468346e-07,0.0,0.0,0.0,1.2184696791468346e-07,0.0,0.0,0.0,1.2184696791468346e-07,-2.5253686904907227,0.35625520348549006,9.492691040039062,8.999999999999999e-08,0.0,0.0,0.0,8.999999999999999e-08,0.0,0.0,0.0,8.999999999999999e-08
1759811050249201440,167803,1759811050246767808,base_link,-0.02070930709444923,-0.1312689833284992,0.03197053408478722,-0.9906147648061716,1.0,0.0,0.0,0.0,1.0,0.0,0.0,0.0,1.0,-0.0029243268072605133,0.00014360016211867313,-0.0015387653838843107,1.2184696791468346e-07,0.0,0.0,0.0,1.2184696791468346e-07,0.0,0.0,0.0,1.2184696791468346e-07,-2.6243414878845215,0.245335564017297,9.485219955444336,8.999999999999999e-08,0.0,0.0,0.0,8.999999999999999e-08,0.0,0.0,0.0,8.999999999999999e-08
1759811050258382464,167804,1759811050251767808,base_link,-0.02071126692290499,-0.13127358787169902,0.031981745146491165,-0.9906137532818073,1.0,0.0,0.0,0.0,1.0,0.0,0.0,0.0,1.0,-0.00015085504855960608,0.0011443622643128033,-0.004090661648660898,1.2184696791468346e-07,0.0,0.0,0.0,1.2184696791468346e-07,0.0,0.0,0.0,1.2184696791468346e-07,-2.5678176879882812,0.21455742418766138,9.467916488647461,8.999999999999999e-08,0.0,0.0,0.0,8.999999999999999e-08,0.0,0.0,0.0,8.999999999999999e-08
1759811050262234176,167805,1759811050257767040,base_link,-0.02070666237970517,-0.13127504193797265,0.031974032273213646,-0.9906138797223528,1.0,0.0,0.0,0.0,1.0,0.0,0.0,0.0,1.0,0.000787033699452877,0.0001682672882452609,0.0015118003357201815,1.2184696791468346e-07,0.0,0.0,0.0,1.2184696791468346e-07,0.0,0.0,0.0,1.2184696791468346e-07,-2.5256919860839844,0.37372389435768244,9.466205596923828,8.999999999999999e-08,0.0,0.0,0.0,8.999999999999999e-08,0.0,0.0,0.0,8.999999999999999e-08
1759811050268792288,167806,1759811050262767040,base_link,-0.02071300021205,-0.13126292998738182,0.03195860652665864,-0.9906158184773843,1.0,0.0,0.0,0.0,1.0,0.0,0.0,0.0,1.0,9.531422983855009e-05,-0.002348530804738402,0.002070430433377624,1.2184696791468346e-07,0.0,0.0,0.0,1.2184696791468346e-07,0.0,0.0,0.0,1.2184696791468346e-07,-2.574171543121338,0.27259221673011896,9.458808898925781,8.999999999999999e-08,0.0,0.0,0.0,8.999999999999999e-08,0.0,0.0,0.0,8.999999999999999e-08
1759811050277773664,167807,1759811050273767040,base_link,-0.020725596851398687,-0.13126364121545045,0.032005136647414695,-0.9906139640160498,1.0,0.0,0.0,0.0,1.0,0.0,0.0,0.0,1.0,0.0032093694899231195,0.00020018871873617058,-0.009221063926815987,1.2184696791468346e-07,0.0,0.0,0.0,1.2184696791468346e-07,0.0,0.0,0.0,1.2184696791468346e-07,-2.5588340759277344,0.31176203489303705,9.493415832519531,8.999999999999999e-08,0.0,0.0,0.0,8.999999999999999e-08,0.0,0.0,0.0,8.999999999999999e-08
1759811050283769568,167808,1759811050278767040,base_link,-0.020718042028803115,-0.13126079630317597,0.03200538952850576,-0.990614469778232,1.0,0.0,0.0,0.0,1.0,0.0,0.0,0.0,1.0,-7.77366803959012e-05,-0.0007534546311944727,-0.0036544480826705694,1.2184696791468346e-07,0.0,0.0,0.0,1.2184696791468346e-07,0.0,0.0,0.0,1.2184696791468346e-07,-2.513322353363037,0.42014187574386713,9.440214157104492,8.999999999999999e-08,0.0,0.0,0.0,8.999999999999999e-08,0.0,0.0,0.0,8.999999999999999e-08
1759811050290030176,167809,1759811050283767040,base_link,-0.020733815486858317,-0.13124981704913888,0.03198600197819072,-0.9906162399458694,1.0,0.0,0.0,0.0,1.0,0.0,0.0,0.0,1.0,0.0032693783286958933,-0.0032341619953513137,0.006535986438393593,1.2184696791468346e-07,0.0,0.0,0.0,1.2184696791468346e-07,0.0,0.0,0.0,1.2184696791468346e-07,-2.5902891159057617,0.3364811241626751,9.47323226928711,8.999999999999999e-08,0.0,0.0,0.0,8.999999999999999e-08,0.0,0.0,0.0,8.999999999999999e-08
1759811050300092416,167810,1759811050294767040,base_link,-0.020742366028749966,-0.1312579461225454,0.031997465920985735,-0.990614638365626,1.0,0.0,0.0,0.0,1.0,0.0,0.0,0.0,1.0,0.0028480414766818285,0.0013762961607426403,-0.002308945870026946,1.2184696791468346e-07,0.0,0.0,0.0,1.2184696791468346e-07,0.0,0.0,0.0,1.2184696791468346e-07,-2.623805522918701,0.22195492684841273,9.46359920501709,8.999999999999999e-08,0.0,0.0,0.0,8.999999999999999e-08,0.0,0.0,0.0,8.999999999999999e-08
1759811050307889280,167811,1759811050304767040,base_link,-0.02073089681759894,-0.13124834190944099,0.03199371485146824,-0.9906162820927179,1.0,0.0,0.0,0.0,1.0,0.0,0.0,0.0,1.0,-0.0027245162054896355,-0.0014683373738080263,-0.0007747327908873556,1.2184696791468346e-07,0.0,0.0,0.0,1.2184696791468346e-07,0.0,0.0,0.0,1.2184696791468346e-07,-2.52085542678833,0.4123072326183331,9.469402313232422,8.999999999999999e-08,0.0,0.0,0.0,8.999999999999999e-08,0.0,0.0,0.0,8.999999999999999e-08
1759811050313639456,167812,1759811050310767040,base_link,-0.020733409823441396,-0.13124278379379362,0.031977404021094516,-0.9906175043513248,1.0,0.0,0.0,0.0,1.0,0.0,0.0,0.0,1.0,-0.0016475296579301357,-0.002159270923584699,0.003600688418373466,1.2184696791468346e-07,0.0,0.0,0.0,1.2184696791468346e-07,0.0,0.0,0.0,1.2184696791468346e-07,-2.5920352935791016,0.25252279639244196,9.456567764282227,8.999999999999999e-08,0.0,0.0,0.0,8.999999999999999e-08,0.0,0.0,0.0,8.999999999999999e-08
1759811050318775712,167813,1759811050315767040,base_link,-0.02073627054078407,-0.13124463298677203,0.03198010141939922,-0.9906170828828397,1.0,0.0,0.0,0.0,1.0,0.0,0.0,0.0,1.0,0.0006315161008387804,6.05952227488163e-05,0.0023017374332994223,1.2184696791468346e-07,0.0,0.0,0.0,1.2184696791468346e-07,0.0,0.0,0.0,1.2184696791468346e-07,-2.6123361587524414,0.24372258782386896,9.456171989440918,8.999999999999999e-08,0.0,0.0,0.0,8.999999999999999e-08,0.0,0.0,0.0,8.999999999999999e-08
1759811050328159904,167814,1759811050320767040,base_link,-0.02073061232637148,-0.13124815224862268,0.03199826671110744,-0.990616197799021,1.0,0.0,0.0,0.0,1.0,0.0,0.0,0.0,1.0,-0.0021596101578325033,-0.0001293695531785493,-0.004040154162794352,1.2184696791468346e-07,0.0,0.0,0.0,1.2184696791468346e-07,0.0,0.0,0.0,1.2184696791468346e-07,-2.548509120941162,0.34362891316413996,9.442628860473633,8.999999999999999e-08,0.0,0.0,0.0,8.999999999999999e-08,0.0,0.0,0.0,8.999999999999999e-08
1759811050331160608,167815,1759811050325767040,base_link,-0.02072195641735856,-0.13124537582497703,0.031990174516193313,-0.9906169564422942,1.0,0.0,0.0,0.0,1.0,0.0,0.0,0.0,1.0,-0.0013263425789773464,0.0006918762810528278,-0.00010851630941033371,1.2184696791468346e-07,0.0,0.0,0.0,1.2184696791468346e-07,0.0,0.0,0.0,1.2184696791468346e-07,-2.482055187225342,0.4004590511322033,9.498425483703613,8.999999999999999e-08,0.0,0.0,0.0,8.999999999999999e-08,0.0,0.0,0.0,8.999999999999999e-08
1759811050339863200,167816,1759811050331767040,base_link,-0.020724464154844965,-0.13124941138572196,0.031985875537645245,-0.9906164506801121,1.0,0.0,0.0,0.0,1.0,0.0,0.0,0.0,1.0,-0.0008720942423678935,0.0011322672944515946,0.001876542344689369,1.2184696791468346e-07,0.0,0.0,0.0,1.2184696791468346e-07,0.0,0.0,0.0,1.2184696791468346e-07,-2.557352066040039,0.32903721928596613,9.436797142028809,8.999999999999999e-08,0.0,0.0,0.0,8.999999999999999e-08,0.0,0.0,0.0,8.999999999999999e-08
1759811050344056288,167817,1759811050336767040,base_link,-0.020718242226333537,-0.13125344167811082,0.031986676327766896,-0.9906160713584754,1.0,0.0,0.0,0.0,1.0,0.0,0.0,0.0,1.0,0.0005887164734303951,0.0016745661851018665,-0.0011499517131596806,1.2184696791468346e-07,0.0,0.0,0.0,1.2184696791468346e-07,0.0,0.0,0.0,1.2184696791468346e-07,-2.6161069869995117,0.19835020601749537,9.471511840820312,8.999999999999999e-08,0.0,0.0,0.0,8.999999999999999e-08,0.0,0.0,0.0,8.999999999999999e-08
1759811050349018176,167818,1759811050341767040,base_link,-0.020733847096994693,-0.13125509594191487,0.03199856173904702,-0.9906151441278082,1.0,0.0,0.0,0.0,1.0,0.0,0.0,0.0,1.0,0.0025097092147916555,0.0005981639260426159,-0.0038140867836773396,1.2184696791468346e-07,0.0,0.0,0.0,1.2184696791468346e-07,0.0,0.0,0.0,1.2184696791468346e-07,-2.5870203971862793,0.2921314239501965,9.448241233825684,8.999999999999999e-08,0.0,0.0,0.0,8.999999999999999e-08,0.0,0.0,0.0,8.999999999999999e-08
1759811050357926048,167819,1759811050352767040,base_link,-0.020721951149002497,-0.13125428461508104,0.03199742377413722,-0.9906155234494448,1.0,0.0,0.0,0.0,1.0,0.0,0.0,0.0,1.0,-0.0018055748660117388,-0.00031714781653136004,0.0010169818997383118,1.2184696791468346e-07,0.0,0.0,0.0,1.2184696791468346e-07,0.0,0.0,0.0,1.2184696791468346e-07,-2.533097743988037,0.3221289515495312,9.461566925048828,8.999999999999999e-08,0.0,0.0,0.0,8.999999999999999e-08,0.0,0.0,0.0,8.999999999999999e-08
1759811050363814464,167820,1759811050357766272,base_link,-0.02071238908274659,-0.1312554278483469,0.03198347316728011,-0.9906160713584754,1.0,0.0,0.0,0.0,1.0,0.0,0.0,0.0,1.0,-0.004773760214447975,0.000331449671648443,0.0022048752289265394,1.2184696791468346e-07,0.0,0.0,0.0,1.2184696791468346e-07,0.0,0.0,0.0,1.2184696791468346e-07,-2.6067962646484375,0.2418992072343838,9.513345718383789,8.999999999999999e-08,0.0,0.0,0.0,8.999999999999999e-08,0.0,0.0,0.0,8.999999999999999e-08
1759811050370134336,167821,1759811050363766272,base_link,-0.020704939627272288,-0.1312647001550193,0.031998603885895475,-0.9906145119250805,1.0,0.0,0.0,0.0,1.0,0.0,0.0,0.0,1.0,-0.002348746173083782,0.0023194572422653432,-0.0029964866116642956,1.2184696791468346e-07,0.0,0.0,0.0,1.2184696791468346e-07,0.0,0.0,0.0,1.2184696791468346e-07,-2.6151480674743652,0.2759832739830029,9.461271286010742,8.999999999999999e-08,0.0,0.0,0.0,8.999999999999999e-08,0.0,0.0,0.0,8.999999999999999e-08
1759811050377976768,167822,1759811050373766272,base_link,-0.0206981592530181,-0.13126140743247935,0.031985411922311566,-0.9906154813025962,1.0,0.0,0.0,0.0,1.0,0.0,0.0,0.0,1.0,-0.001678888569585979,-0.0007092198356986044,0.0016724059823900461,1.2184696791468346e-07,0.0,0.0,0.0,1.2184696791468346e-07,0.0,0.0,0.0,1.2184696791468346e-07,-2.543942451477051,0.41863921284675715,9.478374481201172,8.999999999999999e-08,0.0,0.0,0.0,8.999999999999999e-08,0.0,0.0,0.0,8.999999999999999e-08
1759811050384105568,167823,1759811050378766272,base_link,-0.020696241571410853,-0.13126260861766192,0.03196560290351148,-0.9906159870647784,1.0,0.0,0.0,0.0,1.0,0.0,0.0,0.0,1.0,-0.0015663695521652699,-0.0009748772718012324,0.007058232091367245,1.2184696791468346e-07,0.0,0.0,0.0,1.2184696791468346e-07,0.0,0.0,0.0,1.2184696791468346e-07,-2.5752530097961426,0.3066669404506695,9.453883171081543,8.999999999999999e-08,0.0,0.0,0.0,8.999999999999999e-08,0.0,0.0,0.0,8.999999999999999e-08
1759811050389755264,167824,1759811050384766272,base_link,-0.020699955762435867,-0.13126931523493124,0.031974622329092796,-0.990614722659323,1.0,0.0,0.0,0.0,1.0,0.0,0.0,0.0,1.0,0.00026551762130111456,0.002590968273580074,-0.00205178395844996,1.2184696791468346e-07,0.0,0.0,0.0,1.2184696791468346e-07,0.0,0.0,0.0,1.2184696791468346e-07,-2.579418659210205,0.22570514678955195,9.473200798034668,8.999999999999999e-08,0.0,0.0,0.0,8.999999999999999e-08,0.0,0.0,0.0,8.999999999999999e-08
1759811050396758912,167825,1759811050389766272,base_link,-0.020695340682523933,-0.1312794515519981,0.03200315574553468,-0.990612573170049,1.0,0.0,0.0,0.0,1.0,0.0,0.0,0.0,1.0,0.002420908072963357,0.004518263041973113,-0.0077472273260355004,1.2184696791468346e-07,0.0,0.0,0.0,1.2184696791468346e-07,0.0,0.0,0.0,1.2184696791468346e-07,-2.5719261169433594,0.3483229875564587,9.482337951660156,8.999999999999999e-08,0.0,0.0,0.0,8.999999999999999e-08,0.0,0.0,0.0,8.999999999999999e-08
1759811050402744096,167826,1759811050398766272,base_link,-0.020706167154235164,-0.13128822336484441,0.03201377675135942,-0.9906108872961086,1.0,0.0,0.0,0.0,1.0,0.0,0.0,0.0,1.0,0.002248163800686598,0.0035628105979412794,-0.0010977047495543961,1.2184696791468346e-07,0.0,0.0,0.0,1.2184696791468346e-07,0.0,0.0,0.0,1.2184696791468346e-07,-2.5215201377868652,0.40179497003555414,9.488237380981445,8.999999999999999e-08,0.0,0.0,0.0,8.999999999999999e-08,0.0,0.0,0.0,8.999999999999999e-08
1759811050410433568,167827,1759811050405766272,base_link,-0.020683950496713864,-0.13130177884499675,0.031985411922311587,-0.9906104236807749,1.0,0.0,0.0,0.0,1.0,0.0,0.0,0.0,1.0,-0.005614071153104305,0.0015625755768269307,0.004557640291750431,1.2184696791468346e-07,0.0,0.0,0.0,1.2184696791468346e-07,0.0,0.0,0.0,1.2184696791468346e-07,-2.5812315940856934,0.23289766907692072,9.45007038116455,8.999999999999999e-08,0.0,0.0,0.0,8.999999999999999e-08,0.0,0.0,0.0,8.999999999999999e-08
1759811050418660064,167828,1759811050410766272,base_link,-0.02068817044992102,-0.13130095171309472,0.03201310240178325,-0.9906095385969562,1.0,0.0,0.0,0.0,1.0,0.0,0.0,0.0,1.0,0.0004748869687318802,0.0021801139228045936,-0.004805855453014374,1.2184696791468346e-07,0.0,0.0,0.0,1.2184696791468346e-07,0.0,0.0,0.0,1.2184696791468346e-07,-2.595952033996582,0.2648885846138012,9.490715026855469,8.999999999999999e-08,0.0,0.0,0.0,8.999999999999999e-08,0.0,0.0,0.0,8.999999999999999e-08
1759811050426764384,167829,1759811050421766272,base_link,-0.020696968604547672,-0.1313069471022954,0.03201268093329814,-0.990608611366289,1.0,0.0,0.0,0.0,1.0,0.0,0.0,0.0,1.0,0.0022833256516605616,0.00017242098692804583,0.0005674269050359726,1.2184696791468346e-07,0.0,0.0,0.0,1.2184696791468346e-07,0.0,0.0,0.0,1.2184696791468346e-07,-2.500561237335205,0.3975172638893139,9.470370292663574,8.999999999999999e-08,0.0,0.0,0.0,8.999999999999999e-08,0.0,0.0,0.0,8.999999999999999e-08
1759811050434167520,167830,1759811050426766272,base_link,-0.020692774993120833,-0.1313102556299035,0.031999615410259766,-0.990608695659986,1.0,0.0,0.0,0.0,1.0,0.0,0.0,0.0,1.0,0.0005470459582284093,0.0008679276797920467,0.001205024542286992,1.2184696791468346e-07,0.0,0.0,0.0,1.2184696791468346e-07,0.0,0.0,0.0,1.2184696791468346e-07,-2.59794282913208,0.2419815659523022,9.420332908630371,8.999999999999999e-08,0.0,0.0,0.0,8.999999999999999e-08,0.0,0.0,0.0,8.999999999999999e-08
1759811050438720032,167831,1759811050431766272,base_link,-0.020702321254308546,-0.1313131426890265,0.032013144548631765,-0.9906076419887733,1.0,0.0,0.0,0.0,1.0,0.0,0.0,0.0,1.0,0.00195208634249866,0.0019145186524838205,-0.002959414385259152,1.2184696791468346e-07,0.0,0.0,0.0,1.2184696791468346e-07,0.0,0.0,0.0,1.2184696791468346e-07,-2.6136746406555176,0.2357356101274502,9.441802024841309,8.999999999999999e-08,0.0,0.0,0.0,8.999999999999999e-08,0.0,0.0,0.0,8.999999999999999e-08
1759811050446035520,167832,1759811050442766272,base_link,-0.020699212924230874,-0.1313309286590981,0.032012343758510066,-0.9906053239121052,1.0,0.0,0.0,0.0,1.0,0.0,0.0,0.0,1.0,-0.0005569696077145636,0.0029258723370730877,-0.0005520131671801213,1.2184696791468346e-07,0.0,0.0,0.0,1.2184696791468346e-07,0.0,0.0,0.0,1.2184696791468346e-07,-2.532318115234375,0.4260647296905529,9.483955383300781,8.999999999999999e-08,0.0,0.0,0.0,8.999999999999999e-08,0.0,0.0,0.0,8.999999999999999e-08
1759811050454880576,167833,1759811050447766272,base_link,-0.02069230610943115,-0.13132827867599797,0.03200189134007937,-0.9906062511427723,1.0,0.0,0.0,0.0,1.0,0.0,0.0,0.0,1.0,-0.0024160868488252163,0.0006932733231224124,0.0032962760888040066,1.2184696791468346e-07,0.0,0.0,0.0,1.2184696791468346e-07,0.0,0.0,0.0,1.2184696791468346e-07,-2.599043369293213,0.3059287369251263,9.481328010559082,8.999999999999999e-08,0.0,0.0,0.0,8.999999999999999e-08,0.0,0.0,0.0,8.999999999999999e-08
1759811050460953760,167834,1759811050452766272,base_link,-0.020692616942438912,-0.13131939095931822,0.03199097530631506,-0.9906077262824703,1.0,0.0,0.0,0.0,1.0,0.0,0.0,0.0,1.0,-0.0032202950678765774,-0.0015769300516694782,0.001619607908651233,1.2184696791468346e-07,0.0,0.0,0.0,1.2184696791468346e-07,0.0,0.0,0.0,1.2184696791468346e-07,-2.6202757358551025,0.2248120456933987,9.463170051574707,8.999999999999999e-08,0.0,0.0,0.0,8.999999999999999e-08,0.0,0.0,0.0,8.999999999999999e-08
1759811050466789664,167835,1759811050463766784,base_link,-0.02068372395740312,-0.13132502810030655,0.032011880143176435,-0.990606546170712,1.0,0.0,0.0,0.0,1.0,0.0,0.0,0.0,1.0,8.779973722994328e-05,0.0004451887216418976,-0.004369651433080435,1.2184696791468346e-07,0.0,0.0,0.0,1.2184696791468346e-07,0.0,0.0,0.0,1.2184696791468346e-07,-2.5234622955322266,0.40438163280487177,9.446263313293457,8.999999999999999e-08,0.0,0.0,0.0,8.999999999999999e-08,0.0,0.0,0.0,8.999999999999999e-08
1759811050472840960,167836,1759811050468766784,base_link,-0.020696094057441057,-0.13132623982220126,0.03200256568965555,-0.9906064197301664,1.0,0.0,0.0,0.0,1.0,0.0,0.0,0.0,1.0,0.0030975076369941235,0.00012208463158458474,0.00018518487922847268,1.2184696791468346e-07,0.0,0.0,0.0,1.2184696791468346e-07,0.0,0.0,0.0,1.2184696791468346e-07,-2.5575263500213623,0.3851538300514233,9.449422836303711,8.999999999999999e-08,0.0,0.0,0.0,8.999999999999999e-08,0.0,0.0,0.0,8.999999999999999e-08
1759811050478930112,167837,1759811050473766784,base_link,-0.02069446613541733,-0.1313266560223303,0.032004462297838494,-0.9906062932896209,1.0,0.0,0.0,0.0,1.0,0.0,0.0,0.0,1.0,0.0005636789137497544,0.0003868472995236517,0.0008244940545409918,1.2184696791468346e-07,0.0,0.0,0.0,1.2184696791468346e-07,0.0,0.0,0.0,1.2184696791468346e-07,-2.5839924812316895,0.2558594942092907,9.430120468139648,8.999999999999999e-08,0.0,0.0,0.0,8.999999999999999e-08,0.0,0.0,0.0,8.999999999999999e-08
1759811050487798496,167838,1759811050484766784,base_link,-0.020681743055523106,-0.1313337103510998,0.032023723407608,-0.990604986737317,1.0,0.0,0.0,0.0,1.0,0.0,0.0,0.0,1.0,-0.001646390650421381,0.0008755920571275051,-0.0036217193119227886,1.2184696791468346e-07,0.0,0.0,0.0,1.2184696791468346e-07,0.0,0.0,0.0,1.2184696791468346e-07,-2.5906732082366943,0.21556720137596247,9.43092155456543,8.999999999999999e-08,0.0,0.0,0.0,8.999999999999999e-08,0.0,0.0,0.0,8.999999999999999e-08
1759811050494321856,167839,1759811050489766784,base_link,-0.020669541542879203,-0.1313318137429168,0.032016811324452235,-0.9906057453805902,1.0,0.0,0.0,0.0,1.0,0.0,0.0,0.0,1.0,-0.0035893982276320457,-0.0004282399313524366,-0.000395235838368535,1.2184696791468346e-07,0.0,0.0,0.0,1.2184696791468346e-07,0.0,0.0,0.0,1.2184696791468346e-07,-2.491764545440674,0.4050349891185772,9.451762199401855,8.999999999999999e-08,0.0,0.0,0.0,8.999999999999999e-08,0.0,0.0,0.0,8.999999999999999e-08
1759811050500598752,167840,1759811050495766784,base_link,-0.020683381514258966,-0.13133508539203248,0.03201251234590411,-0.9906051553247112,1.0,0.0,0.0,0.0,1.0,0.0,0.0,0.0,1.0,0.0014669728698208928,0.0003100228495895865,0.0017034194897860289,1.2184696791468346e-07,0.0,0.0,0.0,1.2184696791468346e-07,0.0,0.0,0.0,1.2184696791468346e-07,-2.5598087310791016,0.2776185572147381,9.491701126098633,8.999999999999999e-08,0.0,0.0,0.0,8.999999999999999e-08,0.0,0.0,0.0,8.999999999999999e-08
1759811050507669088,167841,1759811050500766784,base_link,-0.020683360440834714,-0.13133927900345932,0.03201756996772538,-0.9906044809751349,1.0,0.0,0.0,0.0,1.0,0.0,0.0,0.0,1.0,0.0019557038322091103,-0.0006944865453988319,-0.004241800867021084,1.2184696791468346e-07,0.0,0.0,0.0,1.2184696791468346e-07,0.0,0.0,0.0,1.2184696791468346e-07,-2.5893807411193848,0.21160092949867365,9.428094863891602,8.999999999999999e-08,0.0,0.0,0.0,8.999999999999999e-08,0.0,0.0,0.0,8.999999999999999e-08
1759811050510790304,167842,1759811050505766784,base_link,-0.020683207658508857,-0.13132947459282446,0.032041846552467695,-0.9906049867373171,1.0,0.0,0.0,0.0,1.0,0.0,0.0,0.0,1.0,0.0008783523226156831,-0.001459167571738363,-0.006001521833240986,1.2184696791468346e-07,0.0,0.0,0.0,1.2184696791468346e-07,0.0,0.0,0.0,1.2184696791468346e-07,-2.573653221130371,0.298937499523164,9.414711952209473,8.999999999999999e-08,0.0,0.0,0.0,8.999999999999999e-08,0.0,0.0,0.0,8.999999999999999e-08
1759811050519777440,167843,1759811050516766784,base_link,-0.020686816482412603,-0.13132777291381584,0.03203046690336976,-0.9906054924994991,1.0,0.0,0.0,0.0,1.0,0.0,0.0,0.0,1.0,0.0010779896983876824,-0.001456568483263254,0.0013177390210330488,1.2184696791468346e-07,0.0,0.0,0.0,1.2184696791468346e-07,0.0,0.0,0.0,1.2184696791468346e-07,-2.5731472969055176,0.3294059336185467,9.469242095947266,8.999999999999999e-08,0.0,0.0,0.0,8.999999999999999e-08,0.0,0.0,0.0,8.999999999999999e-08
1759811050526752128,167844,1759811050521766784,base_link,-0.02067730709971733,-0.13131214170137437,0.032023723407607986,-0.9906079370167128,1.0,0.0,0.0,0.0,1.0,0.0,0.0,0.0,1.0,-0.0022815032862126827,-0.003880290081724524,0.0030222935602068905,1.2184696791468346e-07,0.0,0.0,0.0,1.2184696791468346e-07,0.0,0.0,0.0,1.2184696791468346e-07,-2.5880982875823975,0.22994276881218073,9.469143867492676,8.999999999999999e-08,0.0,0.0,0.0,8.999999999999999e-08,0.0,0.0,0.0,8.999999999999999e-08
1759811050533750912,167845,1759811050526766784,base_link,-0.020672418065290063,-0.13132000208862163,0.03204294237052898,-0.9906064197301665,1.0,0.0,0.0,0.0,1.0,0.0,0.0,0.0,1.0,0.00017696688883006573,0.0011027142172679296,-0.006478266324847937,1.2184696791468346e-07,0.0,0.0,0.0,1.2184696791468346e-07,0.0,0.0,0.0,1.2184696791468346e-07,-2.56528377532959,0.27458247542381403,9.479841232299805,8.999999999999999e-08,0.0,0.0,0.0,8.999999999999999e-08,0.0,0.0,0.0,8.999999999999999e-08
1759811050538776768,167846,1759811050532766784,base_link,-0.02068064196910575,-0.13132545483714775,0.03205554427823373,-0.9906051131778626,1.0,0.0,0.0,0.0,1.0,0.0,0.0,0.0,1.0,0.0013811668613925576,0.0023366657551378007,-0.0020988543983548884,1.2184696791468346e-07,0.0,0.0,0.0,1.2184696791468346e-07,0.0,0.0,0.0,1.2184696791468346e-07,-2.51521372795105,0.35830837488174555,9.475998878479004,8.999999999999999e-08,0.0,0.0,0.0,8.999999999999999e-08,0.0,0.0,0.0,8.999999999999999e-08
1759811050548177024,167847,1759811050542766784,base_link,-0.020677201732596063,-0.13132505971044295,0.03203780045501063,-0.9906058296742872,1.0,0.0,0.0,0.0,1.0,0.0,0.0,0.0,1.0,0.0002207653596997261,6.176473107188974e-05,0.00281338207423687,1.2184696791468346e-07,0.0,0.0,0.0,1.2184696791468346e-07,0.0,0.0,0.0,1.2184696791468346e-07,-2.618279218673706,0.2501215636730206,9.473365783691406,8.999999999999999e-08,0.0,0.0,0.0,8.999999999999999e-08,0.0,0.0,0.0,8.999999999999999e-08
1759811050553953888,167848,1759811050548766784,base_link,-0.02067729656300521,-0.13132793623285383,0.03205187750241328,-0.990604986737317,1.0,0.0,0.0,0.0,1.0,0.0,0.0,0.0,1.0,0.0014329812256619334,0.0016225313302129503,-0.0039245449006557465,1.2184696791468346e-07,0.0,0.0,0.0,1.2184696791468346e-07,0.0,0.0,0.0,1.2184696791468346e-07,-2.60960054397583,0.23324592411518213,9.436209678649902,8.999999999999999e-08,0.0,0.0,0.0,8.999999999999999e-08,0.0,0.0,0.0,8.999999999999999e-08
1759811050559878016,167849,1759811050553766784,base_link,-0.02067994654610533,-0.13134214498915806,0.03206136054332821,-0.9906026686606489,1.0,0.0,0.0,0.0,1.0,0.0,0.0,0.0,1.0,-0.0014985662419348955,0.003413082333281636,-0.002114355564117432,1.2184696791468346e-07,0.0,0.0,0.0,1.2184696791468346e-07,0.0,0.0,0.0,1.2184696791468346e-07,-2.5299718379974365,0.33295404911041376,9.481062889099121,8.999999999999999e-08,0.0,0.0,0.0,8.999999999999999e-08,0.0,0.0,0.0,8.999999999999999e-08
1759811050568336832,167850,1759811050559765760,base_link,-0.020666954780051847,-0.13134290363243126,0.03204981230683624,-0.9906032587165281,1.0,0.0,0.0,0.0,1.0,0.0,0.0,0.0,1.0,-0.004054300952702761,0.0010153814218938357,0.004882238805294037,1.2184696791468346e-07,0.0,0.0,0.0,1.2184696791468346e-07,0.0,0.0,0.0,1.2184696791468346e-07,-2.535997152328491,0.4314489066600811,9.47256851196289,8.999999999999999e-08,0.0,0.0,0.0,8.999999999999999e-08,0.0,0.0,0.0,8.999999999999999e-08
1759811050572982496,167851,1759811050569765760,base_link,-0.020682838873584384,-0.1313524446252629,0.03203211063046165,-0.9906022471921638,1.0,0.0,0.0,0.0,1.0,0.0,0.0,0.0,1.0,0.002165316604077816,0.001799586229026318,0.004159410484135151,1.2184696791468346e-07,0.0,0.0,0.0,1.2184696791468346e-07,0.0,0.0,0.0,1.2184696791468346e-07,-2.5980610847473145,0.21441461145877955,9.415719032287598,8.999999999999999e-08,0.0,0.0,0.0,8.999999999999999e-08,0.0,0.0,0.0,8.999999999999999e-08
1759811050579933376,167852,1759811050574765760,base_link,-0.020683318293986192,-0.1313512908552849,0.0320500230410788,-0.9906017835768302,1.0,0.0,0.0,0.0,1.0,0.0,0.0,0.0,1.0,0.0021620471961796284,0.0002578232670202846,-0.004589470103383064,1.2184696791468346e-07,0.0,0.0,0.0,1.2184696791468346e-07,0.0,0.0,0.0,1.2184696791468346e-07,-2.559677839279175,0.2959843873977673,9.437451362609863,8.999999999999999e-08,0.0,0.0,0.0,8.999999999999999e-08,0.0,0.0,0.0,8.999999999999999e-08
1759811050582677056,167853,1759811050579765760,base_link,-0.02067123795353176,-0.13135968334649464,0.03205444846017246,-0.9906008141993145,1.0,0.0,0.0,0.0,1.0,0.0,0.0,0.0,1.0,-0.0012498126598075032,0.001209133421070873,-0.004696337040513754,1.2184696791468346e-07,0.0,0.0,0.0,1.2184696791468346e-07,0.0,0.0,0.0,1.2184696791468346e-07,-2.4790680408477783,0.41936513781547663,9.4681396484375,8.999999999999999e-08,0.0,0.0,0.0,8.999999999999999e-08,0.0,0.0,0.0,8.999999999999999e-08
1759811050589574880,167854,1759811050585765760,base_link,-0.020664489189413954,-0.13136235440301902,0.03204606123731876,-0.990600856346163,1.0,0.0,0.0,0.0,1.0,0.0,0.0,0.0,1.0,-0.0026487454306334257,0.0019807745702564716,0.0005772677250206468,1.2184696791468346e-07,0.0,0.0,0.0,1.2184696791468346e-07,0.0,0.0,0.0,1.2184696791468346e-07,-2.5346529483795166,0.3808484077453625,9.468425750732422,8.999999999999999e-08,0.0,0.0,0.0,8.999999999999999e-08,0.0,0.0,0.0,8.999999999999999e-08
1759811050596768320,167855,1759811050590765760,base_link,-0.020666680825536524,-0.13136931916973546,0.032043658866953637,-0.9905999712623442,1.0,0.0,0.0,0.0,1.0,0.0,0.0,0.0,1.0,-4.1637104004621506e-06,0.002183726290240884,0.0007738671265542505,1.2184696791468346e-07,0.0,0.0,0.0,1.2184696791468346e-07,0.0,0.0,0.0,1.2184696791468346e-07,-2.5951313972473145,0.2505765855312359,9.430768013000488,8.999999999999999e-08,0.0,0.0,0.0,8.999999999999999e-08,0.0,0.0,0.0,8.999999999999999e-08
1759811050602059072,167856,1759811050595765760,base_link,-0.020675336734549445,-0.13137341268239708,0.032061360543328234,-0.9905987068568889,1.0,0.0,0.0,0.0,1.0,0.0,0.0,0.0,1.0,0.003809587098658085,0.0011578017147257918,-0.005927564110606909,1.2184696791468346e-07,0.0,0.0,0.0,1.2184696791468346e-07,0.0,0.0,0.0,1.2184696791468346e-07,-2.611701250076294,0.24271586537361262,9.431756019592285,8.999999999999999e-08,0.0,0.0,0.0,8.999999999999999e-08,0.0,0.0,0.0,8.999999999999999e-08
1759811050605940480,167857,1759811050600765760,base_link,-0.020680515528560227,-0.13137752726848295,0.03208133814952237,-0.9905973581577365,1.0,0.0,0.0,0.0,1.0,0.0,0.0,0.0,1.0,0.002714178990572691,0.0014299778267741195,-0.006707452703267336,1.2184696791468346e-07,0.0,0.0,0.0,1.2184696791468346e-07,0.0,0.0,0.0,1.2184696791468346e-07,-2.522976875305176,0.3714498877525341,9.464177131652832,8.999999999999999e-08,0.0,0.0,0.0,8.999999999999999e-08,0.0,0.0,0.0,8.999999999999999e-08
1759811050616899104,167858,1759811050611765760,base_link,-0.02067892448502894,-0.1313732915102076,0.03204184655246766,-0.9905992547659196,1.0,0.0,0.0,0.0,1.0,0.0,0.0,0.0,1.0,-0.0006755052600055933,-0.0009247211273759594,0.007939056493341923,1.2184696791468346e-07,0.0,0.0,0.0,1.2184696791468346e-07,0.0,0.0,0.0,1.2184696791468346e-07,-2.564465045928955,0.27750676870346186,9.423871994018555,8.999999999999999e-08,0.0,0.0,0.0,8.999999999999999e-08,0.0,0.0,0.0,8.999999999999999e-08
1759811050622784864,167859,1759811050616765760,base_link,-0.020672180989267198,-0.13136757007552224,0.032051751061867764,-0.9905998026749502,1.0,0.0,0.0,0.0,1.0,0.0,0.0,0.0,1.0,-0.000554460275452584,-0.0021270071156322956,-0.0008445532293990252,1.2184696791468346e-07,0.0,0.0,0.0,1.2184696791468346e-07,0.0,0.0,0.0,1.2184696791468346e-07,-2.650317668914795,0.22197280824184534,9.44752311706543,8.999999999999999e-08,0.0,0.0,0.0,8.999999999999999e-08,0.0,0.0,0.0,8.999999999999999e-08
1759811050630204288,167860,1759811050622765760,base_link,-0.02067784974039191,-0.13136286016520116,0.03207164437436487,-0.9905996340875561,1.0,0.0,0.0,0.0,1.0,0.0,0.0,0.0,1.0,0.0008226690115407109,-0.001087049953639508,-0.005948635749518871,1.2184696791468346e-07,0.0,0.0,0.0,1.2184696791468346e-07,0.0,0.0,0.0,1.2184696791468346e-07,-2.562800884246826,0.32856222987175104,9.463038444519043,8.999999999999999e-08,0.0,0.0,0.0,8.999999999999999e-08,0.0,0.0,0.0,8.999999999999999e-08
1759811050636040096,167861,1759811050632765760,base_link,-0.020673060804729866,-0.13136087399496507,0.032070548556303584,-0.9906000555560412,1.0,0.0,0.0,0.0,1.0,0.0,0.0,0.0,1.0,-0.0008736630552448332,-0.0006925847847014666,-5.762989167124024e-05,1.2184696791468346e-07,0.0,0.0,0.0,1.2184696791468346e-07,0.0,0.0,0.0,1.2184696791468346e-07,-2.5567238330841064,0.32689753174781916,9.452554702758789,8.999999999999999e-08,0.0,0.0,0.0,8.999999999999999e-08,0.0,0.0,0.0,8.999999999999999e-08
1759811050642277376,167862,1759811050638765760,base_link,-0.02067517868386753,-0.13136605805733192,0.03206410008848145,-0.9905995919407077,1.0,0.0,0.0,0.0,1.0,0.0,0.0,0.0,1.0,-0.0006212794687598944,0.0004614276112988594,0.0024190950207412243,1.2184696791468346e-07,0.0,0.0,0.0,1.2184696791468346e-07,0.0,0.0,0.0,1.2184696791468346e-07,-2.6117801666259766,0.20665146410465357,9.442731857299805,8.999999999999999e-08,0.0,0.0,0.0,8.999999999999999e-08,0.0,0.0,0.0,8.999999999999999e-08
1759811050652873344,167863,1759811050643765760,base_link,-0.020666064427877048,-0.13137736394944496,0.0320837405198875,-0.9905975688919791,1.0,0.0,0.0,0.0,1.0,0.0,0.0,0.0,1.0,-6.350129842758179e-05,0.001752524869516491,-0.006367600988596678,1.2184696791468346e-07,0.0,0.0,0.0,1.2184696791468346e-07,0.0,0.0,0.0,1.2184696791468346e-07,-2.58717679977417,0.2507008612155926,9.50464153289795,8.999999999999999e-08,0.0,0.0,0.0,8.999999999999999e-08,0.0,0.0,0.0,8.999999999999999e-08
1759811050660050816,167864,1759811050653765760,base_link,-0.020647972893153746,-0.13137417132567028,0.03208685938667731,-0.9905982432415553,1.0,0.0,0.0,0.0,1.0,0.0,0.0,0.0,1.0,-0.00598400691524148,0.0005438856314867737,0.0018105523195117712,1.2184696791468346e-07,0.0,0.0,0.0,1.2184696791468346e-07,0.0,0.0,0.0,1.2184696791468346e-07,-2.5181539058685303,0.3861429691314709,9.470611572265625,8.999999999999999e-08,0.0,0.0,0.0,8.999999999999999e-08,0.0,0.0,0.0,8.999999999999999e-08
1759811050666714336,167865,1759811050659763712,base_link,-0.020633711453288874,-0.1313787600638019,0.03207855645752069,-0.9905982010947069,1.0,0.0,0.0,0.0,1.0,0.0,0.0,0.0,1.0,-0.004337815567851067,0.0011463417904451492,0.0012346520088613031,1.2184696791468346e-07,0.0,0.0,0.0,1.2184696791468346e-07,0.0,0.0,0.0,1.2184696791468346e-07,-2.636930227279663,0.25680959224701044,9.455900192260742,8.999999999999999e-08,0.0,0.0,0.0,8.999999999999999e-08,0.0,0.0,0.0,8.999999999999999e-08
1759811050673132928,167866,1759811050664763712,base_link,-0.02063097190813567,-0.13138056184157573,0.0320906104561948,-0.9905976953325247,1.0,0.0,0.0,0.0,1.0,0.0,0.0,0.0,1.0,-0.0013132697204127908,-0.0005465522408485419,-0.005165101960301399,1.2184696791468346e-07,0.0,0.0,0.0,1.2184696791468346e-07,0.0,0.0,0.0,1.2184696791468346e-07,-2.595937490463257,0.23876690864563105,9.446770668029785,8.999999999999999e-08,0.0,0.0,0.0,8.999999999999999e-08,0.0,0.0,0.0,8.999999999999999e-08
1759811050679984064,167867,1759811050674763712,base_link,-0.020618048630711015,-0.13136863955180322,0.03210945009747913,-0.9905989175911315,1.0,0.0,0.0,0.0,1.0,0.0,0.0,0.0,1.0,-0.001879929332062602,-0.0019606454297900204,-0.0031035856809467073,1.2184696791468346e-07,0.0,0.0,0.0,1.2184696791468346e-07,0.0,0.0,0.0,1.2184696791468346e-07,-2.524810791015625,0.4309040009975445,9.47675895690918,8.999999999999999e-08,0.0,0.0,0.0,8.999999999999999e-08,0.0,0.0,0.0,8.999999999999999e-08
1759811050688891520,167868,1759811050680763712,base_link,-0.02062071968723539,-0.13137685291890677,0.03210232728008082,-0.9905980325073127,1.0,0.0,0.0,0.0,1.0,0.0,0.0,0.0,1.0,-0.0004357728757895529,0.0013401194009929898,0.001990700140595436,1.2184696791468346e-07,0.0,0.0,0.0,1.2184696791468346e-07,0.0,0.0,0.0,1.2184696791468346e-07,-2.577885866165161,0.32342818379402277,9.514592170715332,8.999999999999999e-08,0.0,0.0,0.0,8.999999999999999e-08,0.0,0.0,0.0,8.999999999999999e-08
1759811050696618112,167869,1759811050690763712,base_link,-0.020617358476066643,-0.131373323120344,0.032126477424277544,-0.9905978217730702,1.0,0.0,0.0,0.0,1.0,0.0,0.0,0.0,1.0,0.000675658811815083,-0.0008645262569189078,-0.005097762681543827,1.2184696791468346e-07,0.0,0.0,0.0,1.2184696791468346e-07,0.0,0.0,0.0,1.2184696791468346e-07,-2.6117451190948486,0.22635568678379175,9.469650268554688,8.999999999999999e-08,0.0,0.0,0.0,8.999999999999999e-08,0.0,0.0,0.0,8.999999999999999e-08
1759811050699956288,167870,1759811050696763712,base_link,-0.02061843322070368,-0.13137035176752396,0.03212340070433624,-0.9905982853884038,1.0,0.0,0.0,0.0,1.0,0.0,0.0,0.0,1.0,0.0009713888866826892,-0.0012979581952095036,-0.0032513407059013844,1.2184696791468346e-07,0.0,0.0,0.0,1.2184696791468346e-07,0.0,0.0,0.0,1.2184696791468346e-07,-2.4983136653900146,0.4123316109180462,9.48081111907959,8.999999999999999e-08,0.0,0.0,0.0,8.999999999999999e-08,0.0,0.0,0.0,8.999999999999999e-08
1759811050706765792,167871,1759811050701763712,base_link,-0.020616879055664845,-0.1313698196635615,0.03209608954650118,-0.990599212619071,1.0,0.0,0.0,0.0,1.0,0.0,0.0,0.0,1.0,-0.0020394916646182537,-0.001120945904403924,0.0069351037964224815,1.2184696791468346e-07,0.0,0.0,0.0,1.2184696791468346e-07,0.0,0.0,0.0,1.2184696791468346e-07,-2.5270156860351562,0.37201976776123163,9.489895820617676,8.999999999999999e-08,0.0,0.0,0.0,8.999999999999999e-08,0.0,0.0,0.0,8.999999999999999e-08
1759811050711980064,167872,1759811050706763712,base_link,-0.0206103094156532,-0.13135437811193834,0.032086859386677304,-0.9906016992831332,1.0,0.0,0.0,0.0,1.0,0.0,0.0,0.0,1.0,-0.002127129817381501,-0.004349569790065288,0.005448075011372567,1.2184696791468346e-07,0.0,0.0,0.0,1.2184696791468346e-07,0.0,0.0,0.0,1.2184696791468346e-07,-2.6158854961395264,0.22268977761268732,9.469136238098145,8.999999999999999e-08,0.0,0.0,0.0,8.999999999999999e-08,0.0,0.0,0.0,8.999999999999999e-08
1759811050716767040,167873,1759811050712763712,base_link,-0.020613359793814172,-0.1313526026759448,0.032096637455531866,-0.9906015306957392,1.0,0.0,0.0,0.0,1.0,0.0,0.0,0.0,1.0,-7.984403055161238e-05,-0.003219511127099395,0.0005942846182733779,1.2184696791468346e-07,0.0,0.0,0.0,1.2184696791468346e-07,0.0,0.0,0.0,1.2184696791468346e-07,-2.614462375640869,0.26876935362815974,9.471035957336426,8.999999999999999e-08,0.0,0.0,0.0,8.999999999999999e-08,0.0,0.0,0.0,8.999999999999999e-08
1759811050722760032,167874,1759811050717763712,base_link,-0.02062201570282711,-0.13134884633807128,0.03211299043275405,-0.9906013621083452,1.0,0.0,0.0,0.0,1.0,0.0,0.0,0.0,1.0,0.0019441096810624003,-0.0002830986632034188,-0.0045065623708069324,1.2184696791468346e-07,0.0,0.0,0.0,1.2184696791468346e-07,0.0,0.0,0.0,1.2184696791468346e-07,-2.5422122478485107,0.3643575310707104,9.473044395446777,8.999999999999999e-08,0.0,0.0,0.0,8.999999999999999e-08,0.0,0.0,0.0,8.999999999999999e-08
1759811050730634336,167875,1759811050722763712,base_link,-0.02061852278275676,-0.13135318219511183,0.03210321236389954,-0.9906011935209511,1.0,0.0,0.0,0.0,1.0,0.0,0.0,0.0,1.0,0.00143238075543195,0.0016382157336920504,0.003146158065646887,1.2184696791468346e-07,0.0,0.0,0.0,1.2184696791468346e-07,0.0,0.0,0.0,1.2184696791468346e-07,-2.5063323974609375,0.4240201115608227,9.466856956481934,8.999999999999999e-08,0.0,0.0,0.0,8.999999999999999e-08,0.0,0.0,0.0,8.999999999999999e-08
1759811050737817888,167876,1759811050733763712,base_link,-0.02061746384318793,-0.13135156480980023,0.03209899767904843,-0.9906015306957392,1.0,0.0,0.0,0.0,1.0,0.0,0.0,0.0,1.0,-0.0013769464567303658,-0.0004340423038229345,0.0007588432636111975,1.2184696791468346e-07,0.0,0.0,0.0,1.2184696791468346e-07,0.0,0.0,0.0,1.2184696791468346e-07,-2.6008362770080566,0.22420765459537623,9.464962005615234,8.999999999999999e-08,0.0,0.0,0.0,8.999999999999999e-08,0.0,0.0,0.0,8.999999999999999e-08
1759811050744004256,167877,1759811050738763712,base_link,-0.020615198450080464,-0.1313533033673013,0.03211122026511664,-0.99060094063986,1.0,0.0,0.0,0.0,1.0,0.0,0.0,0.0,1.0,-0.0016264807200059295,-0.0002649626694619661,-0.0042535546235740185,1.2184696791468346e-07,0.0,0.0,0.0,1.2184696791468346e-07,0.0,0.0,0.0,1.2184696791468346e-07,-2.5780205726623535,0.3134225308895123,9.468278884887695,8.999999999999999e-08,0.0,0.0,0.0,8.999999999999999e-08,0.0,0.0,0.0,8.999999999999999e-08
1759811050748971680,167878,1759811050743763712,base_link,-0.020613191206420137,-0.13135102216912567,0.03212529731251928,-0.990600856346163,1.0,0.0,0.0,0.0,1.0,0.0,0.0,0.0,1.0,-7.848558016121387e-05,-0.000848408322781325,-0.005125171504914761,1.2184696791468346e-07,0.0,0.0,0.0,1.2184696791468346e-07,0.0,0.0,0.0,1.2184696791468346e-07,-2.500685691833496,0.4313361346721661,9.497173309326172,8.999999999999999e-08,0.0,0.0,0.0,8.999999999999999e-08,0.0,0.0,0.0,8.999999999999999e-08
1759811050756052992,167879,1759811050749763712,base_link,-0.02061750599003644,-0.1313464545044183,0.03211016659390386,-0.9906018257236787,1.0,0.0,0.0,0.0,1.0,0.0,0.0,0.0,1.0,-0.00038145831786096096,-0.0004549600416794415,0.003374297171831131,1.2184696791468346e-07,0.0,0.0,0.0,1.2184696791468346e-07,0.0,0.0,0.0,1.2184696791468346e-07,-2.5333011150360107,0.33127483725547907,9.461893081665039,8.999999999999999e-08,0.0,0.0,0.0,8.999999999999999e-08,0.0,0.0,0.0,8.999999999999999e-08
1759811050759969184,167880,1759811050754763712,base_link,-0.020615177376656205,-0.13135049006516322,0.03210435032880934,-0.9906015728425877,1.0,0.0,0.0,0.0,1.0,0.0,0.0,0.0,1.0,-0.0006583054782822728,0.0005329170380719009,0.0028148749843239784,1.2184696791468346e-07,0.0,0.0,0.0,1.2184696791468346e-07,0.0,0.0,0.0,1.2184696791468346e-07,-2.6269805431365967,0.2600826323032391,9.465824127197266,8.999999999999999e-08,0.0,0.0,0.0,8.999999999999999e-08,0.0,0.0,0.0,8.999999999999999e-08
1759811050766677760,167881,1759811050759763200,base_link,-0.02060838119733383,-0.13134851969999534,0.03211914387263666,-0.9906015306957391,1.0,0.0,0.0,0.0,1.0,0.0,0.0,0.0,1.0,0.0004034455632790923,-7.163570262491749e-05,-0.0037335262168198824,1.2184696791468346e-07,0.0,0.0,0.0,1.2184696791468346e-07,0.0,0.0,0.0,1.2184696791468346e-07,-2.595551013946533,0.28995653986930964,9.482454299926758,8.999999999999999e-08,0.0,0.0,0.0,8.999999999999999e-08,0.0,0.0,0.0,8.999999999999999e-08
1759811050773932192,167882,1759811050770763200,base_link,-0.020612263975752897,-0.13135398298523354,0.03212045042494051,-0.9906006456119204,1.0,0.0,0.0,0.0,1.0,0.0,0.0,0.0,1.0,0.0002843803958967328,0.0009394808439537882,-0.0011551239294931295,1.2184696791468346e-07,0.0,0.0,0.0,1.2184696791468346e-07,0.0,0.0,0.0,1.2184696791468346e-07,-2.540432929992676,0.38494339585304377,9.492143630981445,8.999999999999999e-08,0.0,0.0,0.0,8.999999999999999e-08,0.0,0.0,0.0,8.999999999999999e-08
1759811050782139584,167883,1759811050775763200,base_link,-0.020614840201868125,-0.13134962605476874,0.032103549538687624,-0.9906016992831332,1.0,0.0,0.0,0.0,1.0,0.0,0.0,0.0,1.0,0.0011507339077070355,-0.00024147087242454223,0.005611232947558165,1.2184696791468346e-07,0.0,0.0,0.0,1.2184696791468346e-07,0.0,0.0,0.0,1.2184696791468346e-07,-2.589888095855713,0.24528646469116328,9.499944686889648,8.999999999999999e-08,0.0,0.0,0.0,8.999999999999999e-08,0.0,0.0,0.0,8.999999999999999e-08
1759811050787884544,167884,1759811050780763200,base_link,-0.0206247289062,-0.13135836625747868,0.032106246936992336,-0.9906002662902839,1.0,0.0,0.0,0.0,1.0,0.0,0.0,0.0,1.0,0.0011289214016869664,0.0014225144404917949,-0.0046232822351157665,1.2184696791468346e-07,0.0,0.0,0.0,1.2184696791468346e-07,0.0,0.0,0.0,1.2184696791468346e-07,-2.6005561351776123,0.2247766256332409,9.430452346801758,8.999999999999999e-08,0.0,0.0,0.0,8.999999999999999e-08,0.0,0.0,0.0,8.999999999999999e-08
1759811050795670048,167885,1759811050786763200,base_link,-0.020619760846431766,-0.13136402974024733,0.032130059906400985,-0.9905988754442829,1.0,0.0,0.0,0.0,1.0,0.0,0.0,0.0,1.0,0.000837265863083303,0.001872042659670114,-0.0035530491732060914,1.2184696791468346e-07,0.0,0.0,0.0,1.2184696791468346e-07,0.0,0.0,0.0,1.2184696791468346e-07,-2.5251944065093994,0.3263599872589123,9.472982406616211,8.999999999999999e-08,0.0,0.0,0.0,8.999999999999999e-08,0.0,0.0,0.0,8.999999999999999e-08
1759811050805914912,167886,1759811050796763200,base_link,-0.020623021958835305,-0.1313647198948917,0.03211792161402985,-0.990599128325374,1.0,0.0,0.0,0.0,1.0,0.0,0.0,0.0,1.0,0.0006943389307707548,-0.00021648465190082742,0.0037114680744707584,1.2184696791468346e-07,0.0,0.0,0.0,1.2184696791468346e-07,0.0,0.0,0.0,1.2184696791468346e-07,-2.5482912063598633,0.31154847145080683,9.434682846069336,8.999999999999999e-08,0.0,0.0,0.0,8.999999999999999e-08,0.0,0.0,0.0,8.999999999999999e-08
1759811050812832896,167887,1759811050807763200,base_link,-0.02061210592507098,-0.13136767017428747,0.03212694103961116,-0.9905986225631919,1.0,0.0,0.0,0.0,1.0,0.0,0.0,0.0,1.0,-0.002142887096852064,-0.00010349426884204176,-0.002169549698010087,1.2184696791468346e-07,0.0,0.0,0.0,1.2184696791468346e-07,0.0,0.0,0.0,1.2184696791468346e-07,-2.58211088180542,0.2964525222778332,9.432705879211426,8.999999999999999e-08,0.0,0.0,0.0,8.999999999999999e-08,0.0,0.0,0.0,8.999999999999999e-08
1759811050817889856,167888,1759811050812763200,base_link,-0.020609498088819362,-0.13136545219638457,0.032132630864160155,-0.9905987490037375,1.0,0.0,0.0,0.0,1.0,0.0,0.0,0.0,1.0,-0.0010220399126410484,-0.0007731879595667127,-0.002620676765218377,1.2184696791468346e-07,0.0,0.0,0.0,1.2184696791468346e-07,0.0,0.0,0.0,1.2184696791468346e-07,-2.518693685531616,0.38631600141525385,9.49531078338623,8.999999999999999e-08,0.0,0.0,0.0,8.999999999999999e-08,0.0,0.0,0.0,8.999999999999999e-08
1759811050824330880,167889,1759811050817763200,base_link,-0.020621341353250933,-0.13136093194688178,0.03212791041712692,-0.9905992547659196,1.0,0.0,0.0,0.0,1.0,0.0,0.0,0.0,1.0,0.0019378584111109376,-0.0009967875666916368,0.002627117559313774,1.2184696791468346e-07,0.0,0.0,0.0,1.2184696791468346e-07,0.0,0.0,0.0,1.2184696791468346e-07,-2.5431277751922607,0.3564953804016125,9.479968070983887,8.999999999999999e-08,0.0,0.0,0.0,8.999999999999999e-08,0.0,0.0,0.0,8.999999999999999e-08
1759811050830104576,167890,1759811050823763200,base_link,-0.020626230387678194,-0.13135876138418348,0.03211366478233023,-0.9905999291154958,1.0,0.0,0.0,0.0,1.0,0.0,0.0,0.0,1.0,0.0022397474385797977,-0.0008818320930004118,0.0016748537309467793,1.2184696791468346e-07,0.0,0.0,0.0,1.2184696791468346e-07,0.0,0.0,0.0,1.2184696791468346e-07,-2.586113452911377,0.2025918066501629,9.412997245788574,8.999999999999999e-08,0.0,0.0,0.0,8.999999999999999e-08,0.0,0.0,0.0,8.999999999999999e-08
1759811050836201504,167891,1759811050828763200,base_link,-0.020625534964677762,-0.13135689638613687,0.03212407505391246,-0.9905998869686472,1.0,0.0,0.0,0.0,1.0,0.0,0.0,0.0,1.0,-0.00010313885286450386,-0.0003403068985790019,-0.004035843536257744,1.2184696791468346e-07,0.0,0.0,0.0,1.2184696791468346e-07,0.0,0.0,0.0,1.2184696791468346e-07,-2.6246161460876465,0.20936714112758753,9.466951370239258,8.999999999999999e-08,0.0,0.0,0.0,8.999999999999999e-08,0.0,0.0,0.0,8.999999999999999e-08
1759811050845850336,167892,1759811050839763200,base_link,-0.020622015702827106,-0.13135476797028706,0.032128753354097137,-0.9906000134091928,1.0,0.0,0.0,0.0,1.0,0.0,0.0,0.0,1.0,-0.0006251755985431373,-0.0008616209961473943,-0.001097333151847124,1.2184696791468346e-07,0.0,0.0,0.0,1.2184696791468346e-07,0.0,0.0,0.0,1.2184696791468346e-07,-2.527418851852417,0.4123537242412579,9.489705085754395,8.999999999999999e-08,0.0,0.0,0.0,8.999999999999999e-08,0.0,0.0,0.0,8.999999999999999e-08
1759811050850103328,167893,1759811050844763200,base_link,-0.020636677537752834,-0.131370188448486,0.032107722076690236,-0.9905983696821008,1.0,0.0,0.0,0.0,1.0,0.0,0.0,0.0,1.0,0.0017089046305045485,0.003980485722422601,0.006758580915629863,1.2184696791468346e-07,0.0,0.0,0.0,1.2184696791468346e-07,0.0,0.0,0.0,1.2184696791468346e-07,-2.5690040588378906,0.3239156305789959,9.468986511230469,8.999999999999999e-08,0.0,0.0,0.0,8.999999999999999e-08,0.0,0.0,0.0,8.999999999999999e-08
1759811050858200064,167894,1759811050849763200,base_link,-0.020627521134913836,-0.13137814366614242,0.03210515111893106,-0.9905975688919791,1.0,0.0,0.0,0.0,1.0,0.0,0.0,0.0,1.0,-0.0016743313753977418,0.0029266595374792814,0.0005675540305674073,1.2184696791468346e-07,0.0,0.0,0.0,1.2184696791468346e-07,0.0,0.0,0.0,1.2184696791468346e-07,-2.6340620517730713,0.2033523470163357,9.454747200012207,8.999999999999999e-08,0.0,0.0,0.0,8.999999999999999e-08,0.0,0.0,0.0,8.999999999999999e-08
1759811050862929760,167895,1759811050854761920,base_link,-0.020629101641733,-0.13137770112423305,0.03211425483820939,-0.9905973160108881,1.0,0.0,0.0,0.0,1.0,0.0,0.0,0.0,1.0,0.00012138404417783022,-0.0016879171598702671,-0.0015992756234481929,1.2184696791468346e-07,0.0,0.0,0.0,1.2184696791468346e-07,0.0,0.0,0.0,1.2184696791468346e-07,-2.5831966400146484,0.32036408782005427,9.499683380126953,8.999999999999999e-08,0.0,0.0,0.0,8.999999999999999e-08,0.0,0.0,0.0,8.999999999999999e-08
1759811050867788992,167896,1759811050860761920,base_link,-0.020625187253177545,-0.13136570507747564,0.03211147314620766,-0.9905990861785255,1.0,0.0,0.0,0.0,1.0,0.0,0.0,0.0,1.0,-0.0015605114167556167,-0.002325663575902581,0.0004181165713816884,1.2184696791468346e-07,0.0,0.0,0.0,1.2184696791468346e-07,0.0,0.0,0.0,1.2184696791468346e-07,-2.5074150562286377,0.39010548591613886,9.478940963745117,8.999999999999999e-08,0.0,0.0,0.0,8.999999999999999e-08,0.0,0.0,0.0,8.999999999999999e-08
1759811050876176128,167897,1759811050870761920,base_link,-0.020614234340920787,-0.1313651729735132,0.03210540400002212,-0.9905995919407077,1.0,0.0,0.0,0.0,1.0,0.0,0.0,0.0,1.0,-0.0019060992635786533,-0.0008206765633076429,8.000945672392855e-05,1.2184696791468346e-07,0.0,0.0,0.0,1.2184696791468346e-07,0.0,0.0,0.0,1.2184696791468346e-07,-2.5934739112854004,0.2957542240619671,9.439396858215332,8.999999999999999e-08,0.0,0.0,0.0,8.999999999999999e-08,0.0,0.0,0.0,8.999999999999999e-08
1759811050879785664,167898,1759811050876761920,base_link,-0.020616879055664842,-0.1313638874946336,0.03211762658609027,-0.9905993390596166,1.0,0.0,0.0,0.0,1.0,0.0,0.0,0.0,1.0,-0.0007333996472880244,-0.0008266717195510868,-0.002622061874717474,1.2184696791468346e-07,0.0,0.0,0.0,1.2184696791468346e-07,0.0,0.0,0.0,1.2184696791468346e-07,-2.591425895690918,0.2899224758148205,9.466856956481934,8.999999999999999e-08,0.0,0.0,0.0,8.999999999999999e-08,0.0,0.0,0.0,8.999999999999999e-08
1759811050891948000,167899,1759811050885761920,base_link,-0.020608918569652336,-0.1313604788682603,0.032125170871973696,-0.9905997183812532,1.0,0.0,0.0,0.0,1.0,0.0,0.0,0.0,1.0,-0.0016477280296385288,0.000577380647882819,-0.0015272393357008696,1.2184696791468346e-07,0.0,0.0,0.0,1.2184696791468346e-07,0.0,0.0,0.0,1.2184696791468346e-07,-2.4995384216308594,0.3951766788959515,9.465668678283691,8.999999999999999e-08,0.0,0.0,0.0,8.999999999999999e-08,0.0,0.0,0.0,8.999999999999999e-08
1759811050895437248,167900,1759811050886761920,base_link,-0.020605747019301898,-0.13136688518923395,0.032115856418452805,-0.9905991704722226,1.0,0.0,0.0,0.0,1.0,0.0,0.0,0.0,1.0,-0.0006605963571928442,-0.0008934172801673408,0.0034312536008656025,1.2184696791468346e-07,0.0,0.0,0.0,1.2184696791468346e-07,0.0,0.0,0.0,1.2184696791468346e-07,-2.5049831867218018,0.42564541101455805,9.455119132995605,8.999999999999999e-08,0.0,0.0,0.0,8.999999999999999e-08,0.0,0.0,0.0,8.999999999999999e-08
1759811050900143648,167901,1759811050891761920,base_link,-0.020609582382516395,-0.13135536856287836,0.03210110502147399,-0.9906011092272541,1.0,0.0,0.0,0.0,1.0,0.0,0.0,0.0,1.0,0.0007742574671283364,-0.004182560369372368,0.0015453619416803126,1.2184696791468346e-07,0.0,0.0,0.0,1.2184696791468346e-07,0.0,0.0,0.0,1.2184696791468346e-07,-2.568603038787842,0.28150627017021296,9.469000816345215,8.999999999999999e-08,0.0,0.0,0.0,8.999999999999999e-08,0.0,0.0,0.0,8.999999999999999e-08
1759811050906791136,167902,1759811050902761920,base_link,-0.02060997224086512,-0.13134270343490081,0.03212959629106735,-0.9906018678705273,1.0,0.0,0.0,0.0,1.0,0.0,0.0,0.0,1.0,0.0011054329806938767,-0.0026500050444155936,-0.0049552759155631065,1.2184696791468346e-07,0.0,0.0,0.0,1.2184696791468346e-07,0.0,0.0,0.0,1.2184696791468346e-07,-2.5407614707946777,0.3563324213027966,9.496315956115723,8.999999999999999e-08,0.0,0.0,0.0,8.999999999999999e-08,0.0,0.0,0.0,8.999999999999999e-08
1759811050913886304,167903,1759811050907761920,base_link,-0.020611389428646293,-0.13134297212106008,0.03212778397658137,-0.9906019100173757,1.0,0.0,0.0,0.0,1.0,0.0,0.0,0.0,1.0,0.0007848289096727967,-0.0005779459606856107,0.0007155849598348142,1.2184696791468346e-07,0.0,0.0,0.0,1.2184696791468346e-07,0.0,0.0,0.0,1.2184696791468346e-07,-2.4890849590301514,0.4612817764282238,9.47609806060791,8.999999999999999e-08,0.0,0.0,0.0,8.999999999999999e-08,0.0,0.0,0.0,8.999999999999999e-08
1759811050922969824,167904,1759811050912761920,base_link,-0.02062231599912274,-0.13133925266167898,0.03210671055232595,-0.990602837248043,1.0,0.0,0.0,0.0,1.0,0.0,0.0,0.0,1.0,0.002165254671126604,-0.0019880924373865123,0.0045159729197621346,1.2184696791468346e-07,0.0,0.0,0.0,1.2184696791468346e-07,0.0,0.0,0.0,1.2184696791468346e-07,-2.5336265563964844,0.34038633108139155,9.456689834594727,8.999999999999999e-08,0.0,0.0,0.0,8.999999999999999e-08,0.0,0.0,0.0,8.999999999999999e-08
1759811050928928192,167905,1759811050923761920,base_link,-0.02061103644879002,-0.13132690890342136,0.03212420149445798,-0.9906041438003469,1.0,0.0,0.0,0.0,1.0,0.0,0.0,0.0,1.0,-0.0018567329971119761,-0.0021602534689009194,-0.0035355705767869945,1.2184696791468346e-07,0.0,0.0,0.0,1.2184696791468346e-07,0.0,0.0,0.0,1.2184696791468346e-07,-2.5929839611053467,0.29723593592643854,9.487985610961914,8.999999999999999e-08,0.0,0.0,0.0,8.999999999999999e-08,0.0,0.0,0.0,8.999999999999999e-08
1759811050939028032,167906,1759811050934761920,base_link,-0.020592181002437458,-0.13134048545699792,0.032111304558813655,-0.9906031322759826,1.0,0.0,0.0,0.0,1.0,0.0,0.0,0.0,1.0,-0.003487842623144388,0.0022450503893196587,0.001827358966693282,1.2184696791468346e-07,0.0,0.0,0.0,1.2184696791468346e-07,0.0,0.0,0.0,1.2184696791468346e-07,-2.5350630283355713,0.34196645021438715,9.454022407531738,8.999999999999999e-08,0.0,0.0,0.0,8.999999999999999e-08,0.0,0.0,0.0,8.999999999999999e-08
1759811050946011840,167907,1759811050939761920,base_link,-0.02058487906093294,-0.13134516375718264,0.03210527755947657,-0.990602837248043,1.0,0.0,0.0,0.0,1.0,0.0,0.0,0.0,1.0,-0.0022695004008710384,0.0013471905840560796,0.0017417527269572017,1.2184696791468346e-07,0.0,0.0,0.0,1.2184696791468346e-07,0.0,0.0,0.0,1.2184696791468346e-07,-2.631639003753662,0.2715189456939709,9.441394805908203,8.999999999999999e-08,0.0,0.0,0.0,8.999999999999999e-08,0.0,0.0,0.0,8.999999999999999e-08
1759811050950742752,167908,1759811050944761920,base_link,-0.02057715038258726,-0.13133482197422927,0.03212167268354732,-0.9906038066255587,1.0,0.0,0.0,0.0,1.0,0.0,0.0,0.0,1.0,-0.0023985588923096657,-0.0008893671911209827,-0.004067326430231333,1.2184696791468346e-07,0.0,0.0,0.0,1.2184696791468346e-07,0.0,0.0,0.0,1.2184696791468346e-07,-2.5993731021881104,0.2505518794059765,9.47494125366211,8.999999999999999e-08,0.0,0.0,0.0,8.999999999999999e-08,0.0,0.0,0.0,8.999999999999999e-08
1759811050956105088,167909,1759811050950761920,base_link,-0.02056921096999902,-0.1313371242458292,0.03214308328259083,-0.9906030479822856,1.0,0.0,0.0,0.0,1.0,0.0,0.0,0.0,1.0,-0.0030635707080364227,-0.001671708887442947,-0.005568361841142178,1.2184696791468346e-07,0.0,0.0,0.0,1.2184696791468346e-07,0.0,0.0,0.0,1.2184696791468346e-07,-2.4942245483398438,0.3533273637294781,9.447375297546387,8.999999999999999e-08,0.0,0.0,0.0,8.999999999999999e-08,0.0,0.0,0.0,8.999999999999999e-08
1759811050963834016,167910,1759811050960761664,base_link,-0.020550023617214436,-0.13132817857723275,0.03212243132682051,-0.9906052396184081,1.0,0.0,0.0,0.0,1.0,0.0,0.0,0.0,1.0,-0.00367154274135828,-0.0020551073830574747,0.00224829325452447,1.2184696791468346e-07,0.0,0.0,0.0,1.2184696791468346e-07,0.0,0.0,0.0,1.2184696791468346e-07,-2.5824806690216064,0.30516859889030573,9.489262580871582,8.999999999999999e-08,0.0,0.0,0.0,8.999999999999999e-08,0.0,0.0,0.0,8.999999999999999e-08
1759811050971016128,167911,1759811050966761664,base_link,-0.020543280121452685,-0.13132571298659487,0.03212470725664011,-0.9906056610868932,1.0,0.0,0.0,0.0,1.0,0.0,0.0,0.0,1.0,-0.002737404778599739,-0.0009643475059419869,0.0012411465868353846,1.2184696791468346e-07,0.0,0.0,0.0,1.2184696791468346e-07,0.0,0.0,0.0,1.2184696791468346e-07,-2.6160430908203125,0.22201800346374628,9.475244522094727,8.999999999999999e-08,0.0,0.0,0.0,8.999999999999999e-08,0.0,0.0,0.0,8.999999999999999e-08
1759811050978544384,167912,1759811050971761664,base_link,-0.02054243718448247,-0.1313370188787079,0.032127236067550774,-0.9906041438003469,1.0,0.0,0.0,0.0,1.0,0.0,0.0,0.0,1.0,-0.0011150478385388851,0.003746058093383908,-0.002063068794086576,1.2184696791468346e-07,0.0,0.0,0.0,1.2184696791468346e-07,0.0,0.0,0.0,1.2184696791468346e-07,-2.5667238235473633,0.3256430923938763,9.434649467468262,8.999999999999999e-08,0.0,0.0,0.0,8.999999999999999e-08,0.0,0.0,0.0,8.999999999999999e-08
1759811050986753216,167913,1759811050981761664,base_link,-0.020533391417120815,-0.1313498473257234,0.03211383336972426,-0.9906030479822856,1.0,0.0,0.0,0.0,1.0,0.0,0.0,0.0,1.0,-0.0018619305919855833,0.002005301415920258,0.00402468629181385,1.2184696791468346e-07,0.0,0.0,0.0,1.2184696791468346e-07,0.0,0.0,0.0,1.2184696791468346e-07,-2.569599151611328,0.35630556941032526,9.474740028381348,8.999999999999999e-08,0.0,0.0,0.0,8.999999999999999e-08,0.0,0.0,0.0,8.999999999999999e-08
1759811050996847648,167914,1759811050992761664,base_link,-0.02052151654255287,-0.13134200801190038,0.03214236678616614,-0.9906034273039221,1.0,0.0,0.0,0.0,1.0,0.0,0.0,0.0,1.0,-0.0007246183231472969,-0.0021552268881350764,-0.005420914851129055,1.2184696791468346e-07,0.0,0.0,0.0,1.2184696791468346e-07,0.0,0.0,0.0,1.2184696791468346e-07,-2.5761871337890625,0.23837336897850153,9.433711051940918,8.999999999999999e-08,0.0,0.0,0.0,8.999999999999999e-08,0.0,0.0,0.0,8.999999999999999e-08
1759811051002755456,167915,1759811050997761664,base_link,-0.020526121085752694,-0.13133976369221717,0.032147087233199374,-0.9906034273039221,1.0,0.0,0.0,0.0,1.0,0.0,0.0,0.0,1.0,0.0013057285686954856,-0.0010060765780508523,-0.0035940916277468204,1.2184696791468346e-07,0.0,0.0,0.0,1.2184696791468346e-07,0.0,0.0,0.0,1.2184696791468346e-07,-2.509143352508545,0.40064474940300104,9.471536636352539,8.999999999999999e-08,0.0,0.0,0.0,8.999999999999999e-08,0.0,0.0,0.0,8.999999999999999e-08
1759811051010371840,167916,1759811051002761664,base_link,-0.020528433894064727,-0.1313349536831309,0.03212774182973291,-0.990604649562529,1.0,0.0,0.0,0.0,1.0,0.0,0.0,0.0,1.0,0.0015102199977263808,-0.002268909476697444,0.006193765439093113,1.2184696791468346e-07,0.0,0.0,0.0,1.2184696791468346e-07,0.0,0.0,0.0,1.2184696791468346e-07,-2.5336391925811768,0.3794227242469799,9.453400611877441,8.999999999999999e-08,0.0,0.0,0.0,8.999999999999999e-08,0.0,0.0,0.0,8.999999999999999e-08
1759811051019435232,167917,1759811051014761664,base_link,-0.02054140458669396,-0.13132829448106614,0.032118806697848556,-0.9906055767931962,1.0,0.0,0.0,0.0,1.0,0.0,0.0,0.0,1.0,0.002308250404894352,-0.0015764024574309585,0.0020627006888389587,1.2184696791468346e-07,0.0,0.0,0.0,1.2184696791468346e-07,0.0,0.0,0.0,1.2184696791468346e-07,-2.590625762939453,0.23177888989448664,9.437210083007812,8.999999999999999e-08,0.0,0.0,0.0,8.999999999999999e-08,0.0,0.0,0.0,8.999999999999999e-08
1759811051023833408,167918,1759811051018761664,base_link,-0.02053383395903018,-0.13132985918281712,0.032125297312519265,-0.9906053239121052,1.0,0.0,0.0,0.0,1.0,0.0,0.0,0.0,1.0,-0.0001045463141053915,0.00076858967076987,-0.003046412020921707,1.2184696791468346e-07,0.0,0.0,0.0,1.2184696791468346e-07,0.0,0.0,0.0,1.2184696791468346e-07,-2.538780450820923,0.32430794835090754,9.46672248840332,8.999999999999999e-08,0.0,0.0,0.0,8.999999999999999e-08,0.0,0.0,0.0,8.999999999999999e-08
1759811051028816192,167919,1759811051024761664,base_link,-0.020535330172152318,-0.13132507551551115,0.03212866906040014,-0.9906058296742872,1.0,0.0,0.0,0.0,1.0,0.0,0.0,0.0,1.0,0.00013131392188370228,-0.0009186617098748686,-0.0016693726647645233,1.2184696791468346e-07,0.0,0.0,0.0,1.2184696791468346e-07,0.0,0.0,0.0,1.2184696791468346e-07,-2.5322675704956055,0.41151410341262934,9.456061363220215,8.999999999999999e-08,0.0,0.0,0.0,8.999999999999999e-08,0.0,0.0,0.0,8.999999999999999e-08
1759811051038795936,167920,1759811051029761664,base_link,-0.020537658785532553,-0.1313197439391745,0.03210472965044591,-0.9906072626671366,1.0,0.0,0.0,0.0,1.0,0.0,0.0,0.0,1.0,-0.0003102865885011852,-0.0021804110147058955,0.005755943711847067,1.2184696791468346e-07,0.0,0.0,0.0,1.2184696791468346e-07,0.0,0.0,0.0,1.2184696791468346e-07,-2.5201499462127686,0.31651887297630427,9.471835136413574,8.999999999999999e-08,0.0,0.0,0.0,8.999999999999999e-08,0.0,0.0,0.0,8.999999999999999e-08
1759811051046580896,167921,1759811051040761664,base_link,-0.020533333465204123,-0.13132214104118356,0.03211054591554044,-0.9906068411986515,1.0,0.0,0.0,0.0,1.0,0.0,0.0,0.0,1.0,-0.000656438700389117,0.0009252050658687948,-0.00048314756713807594,1.2184696791468346e-07,0.0,0.0,0.0,1.2184696791468346e-07,0.0,0.0,0.0,1.2184696791468346e-07,-2.551093339920044,0.32046952843666193,9.470606803894043,8.999999999999999e-08,0.0,0.0,0.0,8.999999999999999e-08,0.0,0.0,0.0,8.999999999999999e-08
1759811051049203712,167922,1759811051045761664,base_link,-0.020531015388536016,-0.13132584996385252,0.03212146194930475,-0.9906060404085298,1.0,0.0,0.0,0.0,1.0,0.0,0.0,0.0,1.0,5.231844261288643e-05,0.0018145137000828975,-0.004563077352941036,1.2184696791468346e-07,0.0,0.0,0.0,1.2184696791468346e-07,0.0,0.0,0.0,1.2184696791468346e-07,-2.4969382286071777,0.45773831009864924,9.472508430480957,8.999999999999999e-08,0.0,0.0,0.0,8.999999999999999e-08,0.0,0.0,0.0,8.999999999999999e-08
1759811051062708064,167923,1759811051056761664,base_link,-0.020514283089677197,-0.13131488124652757,0.03210633123068933,-0.9906083584851979,1.0,0.0,0.0,0.0,1.0,0.0,0.0,0.0,1.0,-0.003545401617884636,-0.0016387309879064558,0.0021931123919785023,1.2184696791468346e-07,0.0,0.0,0.0,1.2184696791468346e-07,0.0,0.0,0.0,1.2184696791468346e-07,-2.6299121379852295,0.24541974067688105,9.427928924560547,8.999999999999999e-08,0.0,0.0,0.0,8.999999999999999e-08,0.0,0.0,0.0,8.999999999999999e-08
1759811051069884800,167924,1759811051066754496,base_link,-0.020502524118942652,-0.13130943376635754,0.03214295684204533,-0.9906080634572584,1.0,0.0,0.0,0.0,1.0,0.0,0.0,0.0,1.0,-0.002330769319087267,-0.0009906794875860223,-0.0071144443936645985,1.2184696791468346e-07,0.0,0.0,0.0,1.2184696791468346e-07,0.0,0.0,0.0,1.2184696791468346e-07,-2.5054380893707275,0.42709407210350153,9.497686386108398,8.999999999999999e-08,0.0,0.0,0.0,8.999999999999999e-08,0.0,0.0,0.0,8.999999999999999e-08
1759811051079352896,167925,1759811051071754496,base_link,-0.020500922538699236,-0.13131209955452583,0.03212689889276267,-0.9906082741915009,1.0,0.0,0.0,0.0,1.0,0.0,0.0,0.0,1.0,-0.0018236801261082292,3.628665581345575e-05,0.00138367572799325,1.2184696791468346e-07,0.0,0.0,0.0,1.2184696791468346e-07,0.0,0.0,0.0,1.2184696791468346e-07,-2.523111581802368,0.4406611919403088,9.475486755371094,8.999999999999999e-08,0.0,0.0,0.0,8.999999999999999e-08,0.0,0.0,0.0,8.999999999999999e-08
1759811051084362976,167926,1759811051077754496,base_link,-0.020490865246973335,-0.13131065075660828,0.03211248467057194,-0.9906091171284711,1.0,0.0,0.0,0.0,1.0,0.0,0.0,0.0,1.0,-0.0030059227719902992,0.0014477742370218043,0.0039027431048452854,1.2184696791468346e-07,0.0,0.0,0.0,1.2184696791468346e-07,0.0,0.0,0.0,1.2184696791468346e-07,-2.5991568565368652,0.23277923464775202,9.425235748291016,8.999999999999999e-08,0.0,0.0,0.0,8.999999999999999e-08,0.0,0.0,0.0,8.999999999999999e-08
1759811051089624576,167927,1759811051082754496,base_link,-0.02048595513912181,-0.13131963857205323,0.03212007110330388,-0.9906077684293187,1.0,0.0,0.0,0.0,1.0,0.0,0.0,0.0,1.0,-0.0010822488693520427,0.0014398496132344005,-0.00225678994320333,1.2184696791468346e-07,0.0,0.0,0.0,1.2184696791468346e-07,0.0,0.0,0.0,1.2184696791468346e-07,-2.634838104248047,0.21943810582161066,9.444210052490234,8.999999999999999e-08,0.0,0.0,0.0,8.999999999999999e-08,0.0,0.0,0.0,8.999999999999999e-08
1759811051093172640,167928,1759811051087754496,base_link,-0.02048933215535874,-0.13131442816790606,0.03213823639501209,-0.9906078105761673,1.0,0.0,0.0,0.0,1.0,0.0,0.0,0.0,1.0,-1.974834594875574e-05,0.0007896665483713144,-0.005514869466423988,1.2184696791468346e-07,0.0,0.0,0.0,1.2184696791468346e-07,0.0,0.0,0.0,1.2184696791468346e-07,-2.5546109676361084,0.3808552324771893,9.458907127380371,8.999999999999999e-08,0.0,0.0,0.0,8.999999999999999e-08,0.0,0.0,0.0,8.999999999999999e-08
1759811051098904192,167929,1759811051092754496,base_link,-0.020480454975391145,-0.13132110317503898,0.032129385556824826,-0.9906073891076822,1.0,0.0,0.0,0.0,1.0,0.0,0.0,0.0,1.0,-0.0006801406852900982,0.0009603903163224461,0.0015750108286738394,1.2184696791468346e-07,0.0,0.0,0.0,1.2184696791468346e-07,0.0,0.0,0.0,1.2184696791468346e-07,-2.5139923095703125,0.3857468962669384,9.486413955688477,8.999999999999999e-08,0.0,0.0,0.0,8.999999999999999e-08,0.0,0.0,0.0,8.999999999999999e-08
1759811051105940320,167930,1759811051098754496,base_link,-0.020487456620600017,-0.13131963330369717,0.03211181032099577,-0.9906080213104098,1.0,0.0,0.0,0.0,1.0,0.0,0.0,0.0,1.0,-0.000328824738971889,-0.00011960673145949786,0.004464892204850912,1.2184696791468346e-07,0.0,0.0,0.0,1.2184696791468346e-07,0.0,0.0,0.0,1.2184696791468346e-07,-2.5753705501556396,0.3003611564636242,9.468725204467773,8.999999999999999e-08,0.0,0.0,0.0,8.999999999999999e-08,0.0,0.0,0.0,8.999999999999999e-08
1759811051111837952,167931,1759811051108754496,base_link,-0.020485212300916805,-0.13131792635633247,0.03212896408833971,-0.9906078105761673,1.0,0.0,0.0,0.0,1.0,0.0,0.0,0.0,1.0,0.0003246139967814088,-6.71505695208911e-05,-0.0031712364871054888,1.2184696791468346e-07,0.0,0.0,0.0,1.2184696791468346e-07,0.0,0.0,0.0,1.2184696791468346e-07,-2.597536325454712,0.35164466500282404,9.457003593444824,8.999999999999999e-08,0.0,0.0,0.0,8.999999999999999e-08,0.0,0.0,0.0,8.999999999999999e-08
1759811051119758144,167932,1759811051114754496,base_link,-0.020486392412675115,-0.13131338503340542,0.03215041683423173,-0.9906076841356217,1.0,0.0,0.0,0.0,1.0,0.0,0.0,0.0,1.0,0.0017180630238726735,-0.0010326493065804252,-0.006353081203997135,1.2184696791468346e-07,0.0,0.0,0.0,1.2184696791468346e-07,0.0,0.0,0.0,1.2184696791468346e-07,-2.5241692066192627,0.4409164488315594,9.535664558410645,8.999999999999999e-08,0.0,0.0,0.0,8.999999999999999e-08,0.0,0.0,0.0,8.999999999999999e-08
1759811051126133408,167933,1759811051119754496,base_link,-0.020481845821392,-0.13130504522575634,0.03213473820658567,-0.9906093700095622,1.0,0.0,0.0,0.0,1.0,0.0,0.0,0.0,1.0,-0.0008140333229675889,-0.0016209904570132492,0.0017147292383015158,1.2184696791468346e-07,0.0,0.0,0.0,1.2184696791468346e-07,0.0,0.0,0.0,1.2184696791468346e-07,-2.553502082824707,0.354759454727174,9.46340560913086,8.999999999999999e-08,0.0,0.0,0.0,8.999999999999999e-08,0.0,0.0,0.0,8.999999999999999e-08
1759811051131927744,167934,1759811051124754496,base_link,-0.020489822112472685,-0.131296436731948,0.03214611785568365,-0.9906099600654413,1.0,0.0,0.0,0.0,1.0,0.0,0.0,0.0,1.0,0.0025447234511375427,-0.0033921173308044676,-0.00335970614105463,1.2184696791468346e-07,0.0,0.0,0.0,1.2184696791468346e-07,0.0,0.0,0.0,1.2184696791468346e-07,-2.586643695831299,0.2096859216690075,9.453869819641113,8.999999999999999e-08,0.0,0.0,0.0,8.999999999999999e-08,0.0,0.0,0.0,8.999999999999999e-08
1759811051139009952,167935,1759811051135754496,base_link,-0.020479153691443357,-0.13129293327516553,0.03217397692254935,-0.9906097493311988,1.0,0.0,0.0,0.0,1.0,0.0,0.0,0.0,1.0,-0.001774048083461821,-0.0010848427191376693,-0.0055403923615813255,1.2184696791468346e-07,0.0,0.0,0.0,1.2184696791468346e-07,0.0,0.0,0.0,1.2184696791468346e-07,-2.500178813934326,0.42301994562149164,9.438066482543945,8.999999999999999e-08,0.0,0.0,0.0,8.999999999999999e-08,0.0,0.0,0.0,8.999999999999999e-08
1759811051146766336,167936,1759811051140754496,base_link,-0.020476082239858133,-0.13129052563644433,0.03215829829490329,-0.9906105922681689,1.0,0.0,0.0,0.0,1.0,0.0,0.0,0.0,1.0,-0.002639354672282934,-0.0025922411587089296,0.004205525387078524,1.2184696791468346e-07,0.0,0.0,0.0,1.2184696791468346e-07,0.0,0.0,0.0,1.2184696791468346e-07,-2.5374248027801514,0.3763262629508984,9.497751235961914,8.999999999999999e-08,0.0,0.0,0.0,8.999999999999999e-08,0.0,0.0,0.0,8.999999999999999e-08
1759811051155924160,167937,1759811051145754496,base_link,-0.0204754026219259,-0.13127854012639906,0.03215534801550751,-0.9906123624358064,1.0,0.0,0.0,0.0,1.0,0.0,0.0,0.0,1.0,0.0001995718339458108,-0.0020657831337302923,-0.0002616870915517208,1.2184696791468346e-07,0.0,0.0,0.0,1.2184696791468346e-07,0.0,0.0,0.0,1.2184696791468346e-07,-2.607199192047119,0.22686648368835566,9.43665885925293,8.999999999999999e-08,0.0,0.0,0.0,8.999999999999999e-08,0.0,0.0,0.0,8.999999999999999e-08
1759811051159930848,167938,1759811051151754496,base_link,-0.020474017044281104,-0.13128338174562174,0.03216394597260377,-0.9906114352051393,1.0,0.0,0.0,0.0,1.0,0.0,0.0,0.0,1.0,0.0018767887959256768,0.0009695875924080603,-0.006561598740518093,1.2184696791468346e-07,0.0,0.0,0.0,1.2184696791468346e-07,0.0,0.0,0.0,1.2184696791468346e-07,-2.6064603328704834,0.22848968207836268,9.461921691894531,8.999999999999999e-08,0.0,0.0,0.0,8.999999999999999e-08,0.0,0.0,0.0,8.999999999999999e-08
1759811051169591936,167939,1759811051161753472,base_link,-0.020486413486099374,-0.13127672781191307,0.03217174313957826,-0.9906118145267758,1.0,0.0,0.0,0.0,1.0,0.0,0.0,0.0,1.0,-0.00010044057853519917,-0.0007937366608530276,0.005440192297101021,1.2184696791468346e-07,0.0,0.0,0.0,1.2184696791468346e-07,0.0,0.0,0.0,1.2184696791468346e-07,-2.524308204650879,0.41672822833061335,9.498271942138672,8.999999999999999e-08,0.0,0.0,0.0,8.999999999999999e-08,0.0,0.0,0.0,8.999999999999999e-08
1759811051177811200,167940,1759811051172753472,base_link,-0.020471330182688537,-0.1312742780263434,0.03215560089659857,-0.9906129524916856,1.0,0.0,0.0,0.0,1.0,0.0,0.0,0.0,1.0,-0.0028627014253288507,-0.0007677311077713965,0.0010626232251524925,1.2184696791468346e-07,0.0,0.0,0.0,1.2184696791468346e-07,0.0,0.0,0.0,1.2184696791468346e-07,-2.6404306888580322,0.21815998852253077,9.454258918762207,8.999999999999999e-08,0.0,0.0,0.0,8.999999999999999e-08,0.0,0.0,0.0,8.999999999999999e-08
1759811051179716224,167941,1759811051177753472,base_link,-0.020472884347727364,-0.1312698578756058,0.03217680076139958,-0.9906128260511401,1.0,0.0,0.0,0.0,1.0,0.0,0.0,0.0,1.0,-0.0004986863350495696,-0.001324161887168885,-0.004795931279659271,1.2184696791468346e-07,0.0,0.0,0.0,1.2184696791468346e-07,0.0,0.0,0.0,1.2184696791468346e-07,-2.6404306888580322,0.21815998852253077,9.454258918762207,8.999999999999999e-08,0.0,0.0,0.0,8.999999999999999e-08,0.0,0.0,0.0,8.999999999999999e-08
1759811051186733440,167942,1759811051183753472,base_link,-0.020476793467926753,-0.1312684038093322,0.03217127952424463,-0.9906131210790796,1.0,0.0,0.0,0.0,1.0,0.0,0.0,0.0,1.0,0.0009005417814478278,-0.0010823358315974478,-0.003196434583514929,1.2184696791468346e-07,0.0,0.0,0.0,1.2184696791468346e-07,0.0,0.0,0.0,1.2184696791468346e-07,-2.498624324798584,0.3904688954353344,9.464116096496582,8.999999999999999e-08,0.0,0.0,0.0,8.999999999999999e-08,0.0,0.0,0.0,8.999999999999999e-08
1759811051196757376,167943,1759811051193753472,base_link,-0.02045825412293802,-0.13125432149357347,0.03216188077702671,-0.9906156920368387,1.0,0.0,0.0,0.0,1.0,0.0,0.0,0.0,1.0,-0.003301680088043213,-0.002467196434736252,0.0005938359536230567,1.2184696791468346e-07,0.0,0.0,0.0,1.2184696791468346e-07,0.0,0.0,0.0,1.2184696791468346e-07,-2.584235191345215,0.26374042034149286,9.4927339553833,8.999999999999999e-08,0.0,0.0,0.0,8.999999999999999e-08,0.0,0.0,0.0,8.999999999999999e-08
1759811051203944832,167944,1759811051198753472,base_link,-0.020450773057327343,-0.13126132840713842,0.03218754820776984,-0.9906140483097469,1.0,0.0,0.0,0.0,1.0,0.0,0.0,0.0,1.0,-0.0026096960064023733,0.0014406386762857428,-0.0077308164909482,1.2184696791468346e-07,0.0,0.0,0.0,1.2184696791468346e-07,0.0,0.0,0.0,1.2184696791468346e-07,-2.5739033222198486,0.33084809780120966,9.444161415100098,8.999999999999999e-08,0.0,0.0,0.0,8.999999999999999e-08,0.0,0.0,0.0,8.999999999999999e-08
1759811051210834592,167945,1759811051203753472,base_link,-0.0204526591287982,-0.13126860927521866,0.03218801182310347,-0.9906130789322312,1.0,0.0,0.0,0.0,1.0,0.0,0.0,0.0,1.0,0.00019979942589998245,0.0025472752749919887,-0.003053293097764254,1.2184696791468346e-07,0.0,0.0,0.0,1.2184696791468346e-07,0.0,0.0,0.0,1.2184696791468346e-07,-2.5098581314086914,0.4555517435073864,9.468276023864746,8.999999999999999e-08,0.0,0.0,0.0,8.999999999999999e-08,0.0,0.0,0.0,8.999999999999999e-08
1759811051217104800,167946,1759811051209753472,base_link,-0.020451263014441275,-0.1312634304812079,0.03216955150345567,-0.9906144276313835,1.0,0.0,0.0,0.0,1.0,0.0,0.0,0.0,1.0,-0.002327342052012682,-0.00022839300800114824,0.003736802376806736,1.2184696791468346e-07,0.0,0.0,0.0,1.2184696791468346e-07,0.0,0.0,0.0,1.2184696791468346e-07,-2.5291836261749268,0.3359909653663647,9.476724624633789,8.999999999999999e-08,0.0,0.0,0.0,8.999999999999999e-08,0.0,0.0,0.0,8.999999999999999e-08
1759811051224749312,167947,1759811051219753472,base_link,-0.020442280467352393,-0.1312742780263434,0.03218670527079963,-0.9906125310232005,1.0,0.0,0.0,0.0,1.0,0.0,0.0,0.0,1.0,-0.0018225861713290215,0.0021152305416762824,-0.004992569796741009,1.2184696791468346e-07,0.0,0.0,0.0,1.2184696791468346e-07,0.0,0.0,0.0,1.2184696791468346e-07,-2.6094324588775635,0.28519603610038874,9.411910057067871,8.999999999999999e-08,0.0,0.0,0.0,8.999999999999999e-08,0.0,0.0,0.0,8.999999999999999e-08
1759811051233930368,167948,1759811051225753472,base_link,-0.02043285537835415,-0.13127269225116817,0.03218645238970856,-0.9906129524916856,1.0,0.0,0.0,0.0,1.0,0.0,0.0,0.0,1.0,-0.0034124008379876614,-0.0014240969903767111,-0.0025223789270967245,1.2184696791468346e-07,0.0,0.0,0.0,1.2184696791468346e-07,0.0,0.0,0.0,1.2184696791468346e-07,-2.51760196685791,0.42755129933357355,9.465754508972168,8.999999999999999e-08,0.0,0.0,0.0,8.999999999999999e-08,0.0,0.0,0.0,8.999999999999999e-08
1759811051236692128,167949,1759811051230753472,base_link,-0.02041968975655056,-0.1312577880718635,0.03217018370618333,-0.9906157341836873,1.0,0.0,0.0,0.0,1.0,0.0,0.0,0.0,1.0,-0.0045005748979747295,-0.004280648194253444,0.0042869807220995435,1.2184696791468346e-07,0.0,0.0,0.0,1.2184696791468346e-07,0.0,0.0,0.0,1.2184696791468346e-07,-2.53367280960083,0.41176277399063227,9.469244003295898,8.999999999999999e-08,0.0,0.0,0.0,8.999999999999999e-08,0.0,0.0,0.0,8.999999999999999e-08
1759811051241865600,167950,1759811051235753472,base_link,-0.0204176140242614,-0.13124989607447982,0.03216053207787435,-0.9906171250296881,1.0,0.0,0.0,0.0,1.0,0.0,0.0,0.0,1.0,-0.0018032060470432043,-0.0033183891791850324,0.003330416046082974,1.2184696791468346e-07,0.0,0.0,0.0,1.2184696791468346e-07,0.0,0.0,0.0,1.2184696791468346e-07,-2.591661214828491,0.2239107936620724,9.46445369720459,8.999999999999999e-08,0.0,0.0,0.0,8.999999999999999e-08,0.0,0.0,0.0,8.999999999999999e-08
1759811051247751232,167951,1759811051240753472,base_link,-0.020415928150320957,-0.13124652432659895,0.03217326042612464,-0.9906172093233853,1.0,0.0,0.0,0.0,1.0,0.0,0.0,0.0,1.0,0.0023253033868968487,-0.0010417809244245295,-0.003757334314286709,1.2184696791468346e-07,0.0,0.0,0.0,1.2184696791468346e-07,0.0,0.0,0.0,1.2184696791468346e-07,-2.593096971511841,0.2388503551483166,9.438701629638672,8.999999999999999e-08,0.0,0.0,0.0,8.999999999999999e-08,0.0,0.0,0.0,8.999999999999999e-08
1759811051256145792,167952,1759811051246753472,base_link,-0.020423056236075363,-0.13124316838378627,0.03218544086534428,-0.9906170828828397,1.0,0.0,0.0,0.0,1.0,0.0,0.0,0.0,1.0,0.0032961987890303135,-0.000749792205169797,-0.0010508925188332796,1.2184696791468346e-07,0.0,0.0,0.0,1.2184696791468346e-07,0.0,0.0,0.0,1.2184696791468346e-07,-2.517427921295166,0.388874262571336,9.476778984069824,8.999999999999999e-08,0.0,0.0,0.0,8.999999999999999e-08,0.0,0.0,0.0,8.999999999999999e-08
1759811051261011392,167953,1759811051256753472,base_link,-0.020429652217867317,-0.13123646703487304,0.0321622600986633,-0.9906186001693861,1.0,0.0,0.0,0.0,1.0,0.0,0.0,0.0,1.0,0.0004870067350566387,-0.001526372972875833,0.00436475221067667,1.2184696791468346e-07,0.0,0.0,0.0,1.2184696791468346e-07,0.0,0.0,0.0,1.2184696791468346e-07,-2.584549903869629,0.25734972953796503,9.492402076721191,8.999999999999999e-08,0.0,0.0,0.0,8.999999999999999e-08,0.0,0.0,0.0,8.999999999999999e-08
1759811051268777088,167954,1759811051262753984,base_link,-0.020425521826713252,-0.13124409561445352,0.03217549420909572,-0.9906172514702337,1.0,0.0,0.0,0.0,1.0,0.0,0.0,0.0,1.0,-0.002580799628049135,0.0011205753544345496,-0.0017862068489193918,1.2184696791468346e-07,0.0,0.0,0.0,1.2184696791468346e-07,0.0,0.0,0.0,1.2184696791468346e-07,-2.6201789379119873,0.19308745861053583,9.45064640045166,8.999999999999999e-08,0.0,0.0,0.0,8.999999999999999e-08,0.0,0.0,0.0,8.999999999999999e-08
1759811051277849280,167955,1759811051272753984,base_link,-0.020419584389429275,-0.13123102482305907,0.03217494630006507,-0.9906191480784167,1.0,0.0,0.0,0.0,1.0,0.0,0.0,0.0,1.0,-0.0008765631937421858,-0.001819878350943327,-0.0006834070663899181,1.2184696791468346e-07,0.0,0.0,0.0,1.2184696791468346e-07,0.0,0.0,0.0,1.2184696791468346e-07,-2.5677452087402344,0.43090054392814753,9.504814147949219,8.999999999999999e-08,0.0,0.0,0.0,8.999999999999999e-08,0.0,0.0,0.0,8.999999999999999e-08
1759811051281881664,167956,1759811051278753984,base_link,-0.02041787744206459,-0.131226399206435,0.0321487309602913,-0.9906206653649631,1.0,0.0,0.0,0.0,1.0,0.0,0.0,0.0,1.0,-0.0004952059243805707,-0.0020699100568890563,0.005622129887342453,1.2184696791468346e-07,0.0,0.0,0.0,1.2184696791468346e-07,0.0,0.0,0.0,1.2184696791468346e-07,-2.550901412963867,0.3048163354396832,9.474414825439453,8.999999999999999e-08,0.0,0.0,0.0,8.999999999999999e-08,0.0,0.0,0.0,8.999999999999999e-08
1759811051288771648,167957,1759811051283753984,base_link,-0.020413272898864777,-0.1312227113571903,0.03215779253272117,-0.9906209603929027,1.0,0.0,0.0,0.0,1.0,0.0,0.0,0.0,1.0,-0.0011333205038681626,-0.002133947564288974,0.0005613877438008787,1.2184696791468346e-07,0.0,0.0,0.0,1.2184696791468346e-07,0.0,0.0,0.0,1.2184696791468346e-07,-2.5931129455566406,0.22620657086372492,9.434138298034668,8.999999999999999e-08,0.0,0.0,0.0,8.999999999999999e-08,0.0,0.0,0.0,8.999999999999999e-08
1759811051297033728,167958,1759811051288753984,base_link,-0.02041552775526011,-0.13121369193160898,0.032167528454727166,-0.9906217611830244,1.0,0.0,0.0,0.0,1.0,0.0,0.0,0.0,1.0,-0.0014259712770581245,-0.002380624413490296,-0.0025533870793879028,1.2184696791468346e-07,0.0,0.0,0.0,1.2184696791468346e-07,0.0,0.0,0.0,1.2184696791468346e-07,-2.54740834236145,0.32822486758232233,9.444174766540527,8.999999999999999e-08,0.0,0.0,0.0,8.999999999999999e-08,0.0,0.0,0.0,8.999999999999999e-08
1759811051302357024,167959,1759811051294753984,base_link,-0.0204026993082446,-0.13121680553004272,0.03216217580496626,-0.9906218033298729,1.0,0.0,0.0,0.0,1.0,0.0,0.0,0.0,1.0,-0.0017434734618291259,6.508606020361222e-05,0.0029949569143354893,1.2184696791468346e-07,0.0,0.0,0.0,1.2184696791468346e-07,0.0,0.0,0.0,1.2184696791468346e-07,-2.5423479080200195,0.4323309957981121,9.530905723571777,8.999999999999999e-08,0.0,0.0,0.0,8.999999999999999e-08,0.0,0.0,0.0,8.999999999999999e-08
1759811051312160544,167960,1759811051304753984,base_link,-0.020402825748790133,-0.13121531985363272,0.03214493774392535,-0.9906225198262976,1.0,0.0,0.0,0.0,1.0,0.0,0.0,0.0,1.0,0.0003837777767330408,8.935690857469893e-06,-0.0011582672595977783,1.2184696791468346e-07,0.0,0.0,0.0,1.2184696791468346e-07,0.0,0.0,0.0,1.2184696791468346e-07,-2.5925416946411133,0.17232136428356287,9.431139945983887,8.999999999999999e-08,0.0,0.0,0.0,8.999999999999999e-08,0.0,0.0,0.0,8.999999999999999e-08
1759811051313761280,167961,1759811051309753984,base_link,-0.02041409476241074,-0.13121608376526198,0.0321747355658225,-0.9906212132739938,1.0,0.0,0.0,0.0,1.0,0.0,0.0,0.0,1.0,0.0025261281989514828,-0.0001667290925979621,-0.0055627403780817986,1.2184696791468346e-07,0.0,0.0,0.0,1.2184696791468346e-07,0.0,0.0,0.0,1.2184696791468346e-07,-2.6063435077667236,0.2935862243175518,9.462652206420898,8.999999999999999e-08,0.0,0.0,0.0,8.999999999999999e-08,0.0,0.0,0.0,8.999999999999999e-08
1759811051319735296,167962,1759811051315753984,base_link,-0.020423266970317926,-0.13121286479970695,0.0321808047120081,-0.9906212975676908,1.0,0.0,0.0,0.0,1.0,0.0,0.0,0.0,1.0,0.004806515295058489,-0.00030360836535692264,-0.004027497489005327,1.2184696791468346e-07,0.0,0.0,0.0,1.2184696791468346e-07,0.0,0.0,0.0,1.2184696791468346e-07,-2.524343967437744,0.4457966387271893,9.522162437438965,8.999999999999999e-08,0.0,0.0,0.0,8.999999999999999e-08,0.0,0.0,0.0,8.999999999999999e-08
1759811051325804960,167963,1759811051320753984,base_link,-0.020439040428373124,-0.13121038867235693,0.03217001511878932,-0.9906216347424789,1.0,0.0,0.0,0.0,1.0,0.0,0.0,0.0,1.0,0.005248823203146458,-0.0017563996370881794,0.0022176853381097317,1.2184696791468346e-07,0.0,0.0,0.0,1.2184696791468346e-07,0.0,0.0,0.0,1.2184696791468346e-07,-2.562290906906128,0.368573307991029,9.495275497436523,8.999999999999999e-08,0.0,0.0,0.0,8.999999999999999e-08,0.0,0.0,0.0,8.999999999999999e-08
1759811051337249856,167964,1759811051325753984,base_link,-0.02044514645305114,-0.1312045776756185,0.032175157034307615,-0.990622140504661,1.0,0.0,0.0,0.0,1.0,0.0,0.0,0.0,1.0,0.0024259700439870358,-0.00031116802711039803,-0.001987352967262268,1.2184696791468346e-07,0.0,0.0,0.0,1.2184696791468346e-07,0.0,0.0,0.0,1.2184696791468346e-07,-2.6133296489715576,0.2063043266534817,9.425042152404785,8.999999999999999e-08,0.0,0.0,0.0,8.999999999999999e-08,0.0,0.0,0.0,8.999999999999999e-08
1759811051342821408,167965,1759811051336753984,base_link,-0.020434277834491397,-0.13122142060995465,0.032203521863355455,-0.9906192323721137,1.0,0.0,0.0,0.0,1.0,0.0,0.0,0.0,1.0,-0.0019211004255339503,0.001599744195118546,-0.0029872606974095106,1.2184696791468346e-07,0.0,0.0,0.0,1.2184696791468346e-07,0.0,0.0,0.0,1.2184696791468346e-07,-2.500671148300171,0.40369629859924433,9.482028007507324,8.999999999999999e-08,0.0,0.0,0.0,8.999999999999999e-08,0.0,0.0,0.0,8.999999999999999e-08
1759811051344825056,167966,1759811051341753984,base_link,-0.020441031866965262,-0.1312168792870276,0.03217473556582251,-0.9906206232181146,1.0,0.0,0.0,0.0,1.0,0.0,0.0,0.0,1.0,-0.0009861461585387588,0.0005777360056526965,0.005265053827315569,1.2184696791468346e-07,0.0,0.0,0.0,1.2184696791468346e-07,0.0,0.0,0.0,1.2184696791468346e-07,-2.5467302799224854,0.3853170573711407,9.440690040588379,8.999999999999999e-08,0.0,0.0,0.0,8.999999999999999e-08,0.0,0.0,0.0,8.999999999999999e-08
1759811051354817056,167967,1759811051352753984,base_link,-0.020433324262043837,-0.13121349173407854,0.03216592687448375,-0.9906215083019333,1.0,0.0,0.0,0.0,1.0,0.0,0.0,0.0,1.0,-0.0011415629414841533,-0.0013903260696679352,0.001863461919128895,1.2184696791468346e-07,0.0,0.0,0.0,1.2184696791468346e-07,0.0,0.0,0.0,1.2184696791468346e-07,-2.5925557613372803,0.21433593332767603,9.417947769165039,8.999999999999999e-08,0.0,0.0,0.0,8.999999999999999e-08,0.0,0.0,0.0,8.999999999999999e-08
1759811051361805216,167968,1759811051357753216,base_link,-0.020430863939762012,-0.13121207454629735,0.03217604211812635,-0.9906214240082363,1.0,0.0,0.0,0.0,1.0,0.0,0.0,0.0,1.0,-0.00042056170059368014,-0.0006631626747548586,-0.0040253750048577785,1.2184696791468346e-07,0.0,0.0,0.0,1.2184696791468346e-07,0.0,0.0,0.0,1.2184696791468346e-07,-2.631863832473755,0.22606618702411768,9.442569732666016,8.999999999999999e-08,0.0,0.0,0.0,8.999999999999999e-08,0.0,0.0,0.0,8.999999999999999e-08
1759811051371249696,167969,1759811051362753216,base_link,-0.020425305824114632,-0.13121259611354769,0.03216129072114753,-0.9906219297704184,1.0,0.0,0.0,0.0,1.0,0.0,0.0,0.0,1.0,0.00026838574558496475,0.00027538894210010827,0.004697346594184637,1.2184696791468346e-07,0.0,0.0,0.0,1.2184696791468346e-07,0.0,0.0,0.0,1.2184696791468346e-07,-2.510730743408203,0.4023635089397442,9.486038208007812,8.999999999999999e-08,0.0,0.0,0.0,8.999999999999999e-08,0.0,0.0,0.0,8.999999999999999e-08
1759811051376645504,167970,1759811051367753216,base_link,-0.020431559362762433,-0.13121107355864522,0.03214763514223,-0.9906224355326005,1.0,0.0,0.0,0.0,1.0,0.0,0.0,0.0,1.0,0.0018441487336531281,-0.0008252691477537154,0.0009082877077162267,1.2184696791468346e-07,0.0,0.0,0.0,1.2184696791468346e-07,0.0,0.0,0.0,1.2184696791468346e-07,-2.5963492393493652,0.2641816437244427,9.387848854064941,8.999999999999999e-08,0.0,0.0,0.0,8.999999999999999e-08,0.0,0.0,0.0,8.999999999999999e-08
1759811051381760064,167971,1759811051373753216,base_link,-0.020442817839670908,-0.13120882397060596,0.03217039444042592,-0.9906217611830244,1.0,0.0,0.0,0.0,1.0,0.0,0.0,0.0,1.0,0.002706929575651884,-0.00016685132868588057,-0.007066275924444199,1.2184696791468346e-07,0.0,0.0,0.0,1.2184696791468346e-07,0.0,0.0,0.0,1.2184696791468346e-07,-2.6310575008392334,0.22453942894935724,9.440743446350098,8.999999999999999e-08,0.0,0.0,0.0,8.999999999999999e-08,0.0,0.0,0.0,8.999999999999999e-08
1759811051391072672,167972,1759811051384753216,base_link,-0.020440004537532808,-0.13120891880101512,0.032168202804303346,-0.9906218454767214,1.0,0.0,0.0,0.0,1.0,0.0,0.0,0.0,1.0,-0.0003694037441164255,0.00023376394528895644,0.0022500152699649334,1.2184696791468346e-07,0.0,0.0,0.0,1.2184696791468346e-07,0.0,0.0,0.0,1.2184696791468346e-07,-2.4888973236083984,0.4302447140216839,9.473387718200684,8.999999999999999e-08,0.0,0.0,0.0,8.999999999999999e-08,0.0,0.0,0.0,8.999999999999999e-08
1759811051399912160,167973,1759811051394753216,base_link,-0.020448439175591054,-0.13121004096085673,0.03215134406489897,-0.9906220983578125,1.0,0.0,0.0,0.0,1.0,0.0,0.0,0.0,1.0,0.0008251887047663331,0.000297710183076561,0.004013075027614832,1.2184696791468346e-07,0.0,0.0,0.0,1.2184696791468346e-07,0.0,0.0,0.0,1.2184696791468346e-07,-2.6069722175598145,0.21398523449897883,9.456769943237305,8.999999999999999e-08,0.0,0.0,0.0,8.999999999999999e-08,0.0,0.0,0.0,8.999999999999999e-08
1759811051404793760,167974,1759811051399753216,base_link,-0.02044163772791261,-0.1312225638432205,0.0321623022455118,-0.990620243896478,1.0,0.0,0.0,0.0,1.0,0.0,0.0,0.0,1.0,-0.0009838631376624107,0.0022642614785581823,-0.0026133172214031224,1.2184696791468346e-07,0.0,0.0,0.0,1.2184696791468346e-07,0.0,0.0,0.0,1.2184696791468346e-07,-2.5587759017944336,0.31478235125541804,9.467976570129395,8.999999999999999e-08,0.0,0.0,0.0,8.999999999999999e-08,0.0,0.0,0.0,8.999999999999999e-08
1759811051410148896,167975,1759811051404753216,base_link,-0.020443302528428783,-0.13121190069054725,0.03217347116036723,-0.9906212975676908,1.0,0.0,0.0,0.0,1.0,0.0,0.0,0.0,1.0,0.0001989775337278843,-0.001001337775960565,-0.0037129689007997513,1.2184696791468346e-07,0.0,0.0,0.0,1.2184696791468346e-07,0.0,0.0,0.0,1.2184696791468346e-07,-2.4932796955108643,0.4263166487216961,9.49190902709961,8.999999999999999e-08,0.0,0.0,0.0,8.999999999999999e-08,0.0,0.0,0.0,8.999999999999999e-08
1759811051420002208,167976,1759811051410753216,base_link,-0.02044582607098338,-0.1312159625930725,0.03215808756066075,-0.9906211711271452,1.0,0.0,0.0,0.0,1.0,0.0,0.0,0.0,1.0,0.0002714053262025118,-0.0014655524864792822,0.0021538520231842995,1.2184696791468346e-07,0.0,0.0,0.0,1.2184696791468346e-07,0.0,0.0,0.0,1.2184696791468346e-07,-2.5438621044158936,0.3517644405365002,9.506804466247559,8.999999999999999e-08,0.0,0.0,0.0,8.999999999999999e-08,0.0,0.0,0.0,8.999999999999999e-08
1759811051423488320,167977,1759811051415753216,base_link,-0.020449050304894453,-0.13120376108042858,0.03216272371399691,-0.9906225198262976,1.0,0.0,0.0,0.0,1.0,0.0,0.0,0.0,1.0,0.00012240512296557426,-0.0015886579640209675,-5.495618097484092e-05,1.2184696791468346e-07,0.0,0.0,0.0,1.2184696791468346e-07,0.0,0.0,0.0,1.2184696791468346e-07,-2.6232526302337646,0.19845633208751792,9.399280548095703,8.999999999999999e-08,0.0,0.0,0.0,8.999999999999999e-08,0.0,0.0,0.0,8.999999999999999e-08
1759811051431065120,167978,1759811051426753216,base_link,-0.02044061039848015,-0.13119148581079978,0.032170647321516976,-0.990624121406541,1.0,0.0,0.0,0.0,1.0,0.0,0.0,0.0,1.0,0.0001370083773508668,-0.003358743852004409,-0.0016975852195173498,1.2184696791468346e-07,0.0,0.0,0.0,1.2184696791468346e-07,0.0,0.0,0.0,1.2184696791468346e-07,-2.5063207149505615,0.4183961451053631,9.462221145629883,8.999999999999999e-08,0.0,0.0,0.0,8.999999999999999e-08,0.0,0.0,0.0,8.999999999999999e-08
1759811051436827328,167979,1759811051431753216,base_link,-0.020451558042380857,-0.13118708146513042,0.0321617543364812,-0.9906247536092687,1.0,0.0,0.0,0.0,1.0,0.0,0.0,0.0,1.0,0.00326492078602314,-0.0021347322035580873,0.0014897384680807593,1.2184696791468346e-07,0.0,0.0,0.0,1.2184696791468346e-07,0.0,0.0,0.0,1.2184696791468346e-07,-2.5354225635528564,0.40868368744850275,9.451020240783691,8.999999999999999e-08,0.0,0.0,0.0,8.999999999999999e-08,0.0,0.0,0.0,8.999999999999999e-08
1759811051441937248,167980,1759811051436753216,base_link,-0.02046143094164453,-0.13117401594209202,0.03216487320327095,-0.990626186602118,1.0,0.0,0.0,0.0,1.0,0.0,0.0,0.0,1.0,0.0035782819613814354,-0.0025701657868921757,-0.000278527848422527,1.2184696791468346e-07,0.0,0.0,0.0,1.2184696791468346e-07,0.0,0.0,0.0,1.2184696791468346e-07,-2.6382222175598145,0.19225208461284754,9.437016487121582,8.999999999999999e-08,0.0,0.0,0.0,8.999999999999999e-08,0.0,0.0,0.0,8.999999999999999e-08
1759811051452682528,167981,1759811051442753216,base_link,-0.020461673286023472,-0.131176734413821,0.03218969769704392,-0.9906250486372082,1.0,0.0,0.0,0.0,1.0,0.0,0.0,0.0,1.0,-0.0004300411674194038,-0.0002315279562026271,-0.007192468270659447,1.2184696791468346e-07,0.0,0.0,0.0,1.2184696791468346e-07,0.0,0.0,0.0,1.2184696791468346e-07,-2.576362371444702,0.24029925465583918,9.443684577941895,8.999999999999999e-08,0.0,0.0,0.0,8.999999999999999e-08,0.0,0.0,0.0,8.999999999999999e-08
1759811051460295840,167982,1759811051452753216,base_link,-0.02045898115607483,-0.13117244070362893,0.03218055183091701,-0.9906259337210269,1.0,0.0,0.0,0.0,1.0,0.0,0.0,0.0,1.0,-0.0005892838235013187,-0.001033303211443126,0.0011156395776197316,1.2184696791468346e-07,0.0,0.0,0.0,1.2184696791468346e-07,0.0,0.0,0.0,1.2184696791468346e-07,-2.517256498336792,0.38843452930450556,9.493374824523926,8.999999999999999e-08,0.0,0.0,0.0,8.999999999999999e-08,0.0,0.0,0.0,8.999999999999999e-08
1759811051463774336,167983,1759811051457751936,base_link,-0.020464581418570726,-0.13117240382513648,0.03217865522273402,-0.9906258915741785,1.0,0.0,0.0,0.0,1.0,0.0,0.0,0.0,1.0,0.0027611861005425453,0.0011694167042151096,0.0020584152080118656,1.2184696791468346e-07,0.0,0.0,0.0,1.2184696791468346e-07,0.0,0.0,0.0,1.2184696791468346e-07,-2.642876625061035,0.26800593733787653,9.451889991760254,8.999999999999999e-08,0.0,0.0,0.0,8.999999999999999e-08,0.0,0.0,0.0,8.999999999999999e-08
1759811051470052352,167984,1759811051463751936,base_link,-0.0204751392041227,-0.13117834653077654,0.03218851758528561,-0.9906245428750261,1.0,0.0,0.0,0.0,1.0,0.0,0.0,0.0,1.0,0.00443645752966404,0.0028468857053667303,-0.004480422008782625,1.2184696791468346e-07,0.0,0.0,0.0,1.2184696791468346e-07,0.0,0.0,0.0,1.2184696791468346e-07,-2.6380815505981445,0.23918157815933344,9.451509475708008,8.999999999999999e-08,0.0,0.0,0.0,8.999999999999999e-08,0.0,0.0,0.0,8.999999999999999e-08
1759811051475973696,167985,1759811051468751936,base_link,-0.020481124056611243,-0.13118546934817488,0.03220550276523546,-0.9906228991479342,1.0,0.0,0.0,0.0,1.0,0.0,0.0,0.0,1.0,0.001688286429271102,0.000981104094535112,-0.002959645353257656,1.2184696791468346e-07,0.0,0.0,0.0,1.2184696791468346e-07,0.0,0.0,0.0,1.2184696791468346e-07,-2.5440516471862793,0.38303366303444025,9.510201454162598,8.999999999999999e-08,0.0,0.0,0.0,8.999999999999999e-08,0.0,0.0,0.0,8.999999999999999e-08
1759811051483832352,167986,1759811051479751936,base_link,-0.020471214278855124,-0.1311778565736626,0.0321726703702455,-0.9906252172246023,1.0,0.0,0.0,0.0,1.0,0.0,0.0,0.0,1.0,-0.003321803640574217,-0.001434006146155297,0.006121366750448942,1.2184696791468346e-07,0.0,0.0,0.0,1.2184696791468346e-07,0.0,0.0,0.0,1.2184696791468346e-07,-2.593602180480957,0.27391633391380427,9.486656188964844,8.999999999999999e-08,0.0,0.0,0.0,8.999999999999999e-08,0.0,0.0,0.0,8.999999999999999e-08
1759811051489835264,167987,1759811051484751936,base_link,-0.020470239632983306,-0.13117534356782012,0.0321831649355247,-0.9906252593714507,1.0,0.0,0.0,0.0,1.0,0.0,0.0,0.0,1.0,-0.0011322858044877648,-0.0015589353861287236,0.000263384426943958,1.2184696791468346e-07,0.0,0.0,0.0,1.2184696791468346e-07,0.0,0.0,0.0,1.2184696791468346e-07,-2.6079366207122803,0.21697708964347956,9.485603332519531,8.999999999999999e-08,0.0,0.0,0.0,8.999999999999999e-08,0.0,0.0,0.0,8.999999999999999e-08
1759811051495995744,167988,1759811051489751936,base_link,-0.02046352774735795,-0.1311722984580152,0.032198801416322254,-0.9906252172246023,1.0,0.0,0.0,0.0,1.0,0.0,0.0,0.0,1.0,-0.000694373797159642,1.2920470908283644e-05,-0.004433752503246069,1.2184696791468346e-07,0.0,0.0,0.0,1.2184696791468346e-07,0.0,0.0,0.0,1.2184696791468346e-07,-2.538266897201538,0.350759804248811,9.46236515045166,8.999999999999999e-08,0.0,0.0,0.0,8.999999999999999e-08,0.0,0.0,0.0,8.999999999999999e-08
1759811051502049920,167989,1759811051495751936,base_link,-0.020454808618072265,-0.13116890036835402,0.03218603092122345,-0.990626270895815,1.0,0.0,0.0,0.0,1.0,0.0,0.0,0.0,1.0,-0.0013351772213354707,-0.001548615400679409,0.003312631044536829,1.2184696791468346e-07,0.0,0.0,0.0,1.2184696791468346e-07,0.0,0.0,0.0,1.2184696791468346e-07,-2.5147223472595215,0.39501401782035944,9.485380172729492,8.999999999999999e-08,0.0,0.0,0.0,8.999999999999999e-08,0.0,0.0,0.0,8.999999999999999e-08
1759811051509781184,167990,1759811051500751936,base_link,-0.020467816189193938,-0.13116600804087497,0.03217540991539872,-0.9906267766579973,1.0,0.0,0.0,0.0,1.0,0.0,0.0,0.0,1.0,0.0005544871091842651,-0.0019231514306738968,0.0037017059512436394,1.2184696791468346e-07,0.0,0.0,0.0,1.2184696791468346e-07,0.0,0.0,0.0,1.2184696791468346e-07,-2.5731587409973145,0.28856146335601923,9.4612398147583,8.999999999999999e-08,0.0,0.0,0.0,8.999999999999999e-08,0.0,0.0,0.0,8.999999999999999e-08
1759811051515895072,167991,1759811051510751936,base_link,-0.020481708844134337,-0.13115443346260267,0.03219564040268391,-0.9906273667138763,1.0,0.0,0.0,0.0,1.0,0.0,0.0,0.0,1.0,0.004622097592800856,-0.002202775795012713,-0.003984062932431698,1.2184696791468346e-07,0.0,0.0,0.0,1.2184696791468346e-07,0.0,0.0,0.0,1.2184696791468346e-07,-2.570915460586548,0.3331639170646679,9.461081504821777,8.999999999999999e-08,0.0,0.0,0.0,8.999999999999999e-08,0.0,0.0,0.0,8.999999999999999e-08
1759811051521893632,167992,1759811051516751936,base_link,-0.020479828041019534,-0.13115899059059788,0.032192985151227774,-0.9906269030985427,1.0,0.0,0.0,0.0,1.0,0.0,0.0,0.0,1.0,0.0012775023933500051,0.0014712270349264147,0.0014591392828151582,1.2184696791468346e-07,0.0,0.0,0.0,1.2184696791468346e-07,0.0,0.0,0.0,1.2184696791468346e-07,-2.5230183601379395,0.418871581554414,9.46206283569336,8.999999999999999e-08,0.0,0.0,0.0,8.999999999999999e-08,0.0,0.0,0.0,8.999999999999999e-08
1759811051525570304,167993,1759811051521751936,base_link,-0.020487630476350115,-0.13116736200838336,0.03217321827927614,-0.990626270895815,1.0,0.0,0.0,0.0,1.0,0.0,0.0,0.0,1.0,0.0011678775772452354,0.0035048522986471657,0.004482700023800135,1.2184696791468346e-07,0.0,0.0,0.0,1.2184696791468346e-07,0.0,0.0,0.0,1.2184696791468346e-07,-2.565648317337036,0.32377648353576777,9.488365173339844,8.999999999999999e-08,0.0,0.0,0.0,8.999999999999999e-08,0.0,0.0,0.0,8.999999999999999e-08
1759811051536970208,167994,1759811051531751936,base_link,-0.02047978589417103,-0.1311836570336889,0.032189360522255836,-0.9906236999380559,1.0,0.0,0.0,0.0,1.0,0.0,0.0,0.0,1.0,-1.701037399470806e-05,0.0029208008199930187,-0.004828647244721651,1.2184696791468346e-07,0.0,0.0,0.0,1.2184696791468346e-07,0.0,0.0,0.0,1.2184696791468346e-07,-2.586721897125244,0.3146184682846081,9.454797744750977,8.999999999999999e-08,0.0,0.0,0.0,8.999999999999999e-08,0.0,0.0,0.0,8.999999999999999e-08
1759811051542779456,167995,1759811051537751936,base_link,-0.020486186946788627,-0.1311854956899552,0.032188686172679656,-0.9906233627632678,1.0,0.0,0.0,0.0,1.0,0.0,0.0,0.0,1.0,0.0007885848172008991,0.0012691164156422017,-0.0018589970422908666,1.2184696791468346e-07,0.0,0.0,0.0,1.2184696791468346e-07,0.0,0.0,0.0,1.2184696791468346e-07,-2.511298656463623,0.42118480801582453,9.490127563476562,8.999999999999999e-08,0.0,0.0,0.0,8.999999999999999e-08,0.0,0.0,0.0,8.999999999999999e-08
1759811051550338336,167996,1759811051542751936,base_link,-0.020483631794097654,-0.13119328758857363,0.03216660122405992,-0.9906231098821767,1.0,0.0,0.0,0.0,1.0,0.0,0.0,0.0,1.0,-0.00017405266407877207,0.0026215477846562867,0.005048131570219994,1.2184696791468346e-07,0.0,0.0,0.0,1.2184696791468346e-07,0.0,0.0,0.0,1.2184696791468346e-07,-2.567561149597168,0.34653636813163874,9.448019981384277,8.999999999999999e-08,0.0,0.0,0.0,8.999999999999999e-08,0.0,0.0,0.0,8.999999999999999e-08
1759811051553746592,167997,1759811051547751936,base_link,-0.020481587671944874,-0.1311949102422413,0.03216626404927183,-0.9906229412947827,1.0,0.0,0.0,0.0,1.0,0.0,0.0,0.0,1.0,-0.001041018171235919,0.00048527872422710066,0.0003259041113778948,1.2184696791468346e-07,0.0,0.0,0.0,1.2184696791468346e-07,0.0,0.0,0.0,1.2184696791468346e-07,-2.596632480621338,0.23739223182201502,9.44285774230957,8.999999999999999e-08,0.0,0.0,0.0,8.999999999999999e-08,0.0,0.0,0.0,8.999999999999999e-08
1759811051559598752,167998,1759811051553751936,base_link,-0.020474744077417915,-0.1311908167295797,0.032181268327341715,-0.9906231098821767,1.0,0.0,0.0,0.0,1.0,0.0,0.0,0.0,1.0,-0.002071510534733534,-0.0008381203515455132,-0.004577996674925089,1.2184696791468346e-07,0.0,0.0,0.0,1.2184696791468346e-07,0.0,0.0,0.0,1.2184696791468346e-07,-2.558624505996704,0.2769595682621014,9.42101001739502,8.999999999999999e-08,0.0,0.0,0.0,8.999999999999999e-08,0.0,0.0,0.0,8.999999999999999e-08
1759811051568748544,167999,1759811051563750144,base_link,-0.020465160937737745,-0.13119203371983043,0.03217115308369911,-0.9906235313506618,1.0,0.0,0.0,0.0,1.0,0.0,0.0,0.0,1.0,-0.001148268231190741,-4.8725982196628864e-05,0.0015193411381915212,1.2184696791468346e-07,0.0,0.0,0.0,1.2184696791468346e-07,0.0,0.0,0.0,1.2184696791468346e-07,-2.5498907566070557,0.36656895279884455,9.493507385253906,8.999999999999999e-08,0.0,0.0,0.0,8.999999999999999e-08,0.0,0.0,0.0,8.999999999999999e-08
1759811051575805280,168000,1759811051568750144,base_link,-0.02046357516256252,-0.1311979290102659,0.03216504179066501,-0.9906229834416312,1.0,0.0,0.0,0.0,1.0,0.0,0.0,0.0,1.0,-0.0010741072474047542,0.0019056999590247872,0.002156381960958242,1.2184696791468346e-07,0.0,0.0,0.0,1.2184696791468346e-07,0.0,0.0,0.0,1.2184696791468346e-07,-2.6188440322875977,0.24315328896045801,9.463499069213867,8.999999999999999e-08,0.0,0.0,0.0,8.999999999999999e-08,0.0,0.0,0.0,8.999999999999999e-08
1759811051580864000,168001,1759811051574750144,base_link,-0.0204635488207822,-0.1312013270999271,0.03217726437673317,-0.990622140504661,1.0,0.0,0.0,0.0,1.0,0.0,0.0,0.0,1.0,0.0005954911466687918,0.0026125954464077945,-0.003630388760939241,1.2184696791468346e-07,0.0,0.0,0.0,1.2184696791468346e-07,0.0,0.0,0.0,1.2184696791468346e-07,-2.582615852355957,0.2604160606861126,9.46432876586914,8.999999999999999e-08,0.0,0.0,0.0,8.999999999999999e-08,0.0,0.0,0.0,8.999999999999999e-08
1759811051589908960,168002,1759811051584750144,base_link,-0.020464955471851263,-0.13120450391863359,0.032159562700358635,-0.990622224798358,1.0,0.0,0.0,0.0,1.0,0.0,0.0,0.0,1.0,-0.0005804404499940574,0.00012105691712349709,0.004580161068588495,1.2184696791468346e-07,0.0,0.0,0.0,1.2184696791468346e-07,0.0,0.0,0.0,1.2184696791468346e-07,-2.5209193229675293,0.3880244493484509,9.471260070800781,8.999999999999999e-08,0.0,0.0,0.0,8.999999999999999e-08,0.0,0.0,0.0,8.999999999999999e-08
1759811051596748032,168003,1759811051590750144,base_link,-0.020458111877324305,-0.13119844004080408,0.03214160814289297,-0.9906237420849043,1.0,0.0,0.0,0.0,1.0,0.0,0.0,0.0,1.0,-0.0021161073818802834,-0.002202644012868404,0.005239120218902826,1.2184696791468346e-07,0.0,0.0,0.0,1.2184696791468346e-07,0.0,0.0,0.0,1.2184696791468346e-07,-2.6161913871765137,0.23808068037033198,9.475759506225586,8.999999999999999e-08,0.0,0.0,0.0,8.999999999999999e-08,0.0,0.0,0.0,8.999999999999999e-08
1759811051602119328,168004,1759811051595750144,base_link,-0.020465614016359244,-0.13119447823704405,0.032160995693208,-0.9906234892038134,1.0,0.0,0.0,0.0,1.0,0.0,0.0,0.0,1.0,0.0012346100993454456,-0.003092675004154444,-0.004894749261438847,1.2184696791468346e-07,0.0,0.0,0.0,1.2184696791468346e-07,0.0,0.0,0.0,1.2184696791468346e-07,-2.623638391494751,0.2623329162597668,9.44789981842041,8.999999999999999e-08,0.0,0.0,0.0,8.999999999999999e-08,0.0,0.0,0.0,8.999999999999999e-08
1759811051609801920,168005,1759811051605750144,base_link,-0.020453870850692894,-0.13118464221627285,0.03216584258078671,-0.9906248800498142,1.0,0.0,0.0,0.0,1.0,0.0,0.0,0.0,1.0,-0.001241876627318561,-0.0012831975473091008,-0.0026139067485928535,1.2184696791468346e-07,0.0,0.0,0.0,1.2184696791468346e-07,0.0,0.0,0.0,1.2184696791468346e-07,-2.4934680461883545,0.40063166618347285,9.446616172790527,8.999999999999999e-08,0.0,0.0,0.0,8.999999999999999e-08,0.0,0.0,0.0,8.999999999999999e-08
1759811051616977408,168006,1759811051611750144,base_link,-0.020458433247044192,-0.1311805961188158,0.032152187001869184,-0.9906258072804814,1.0,0.0,0.0,0.0,1.0,0.0,0.0,0.0,1.0,-0.0013986084377393126,-0.0007444928633049125,0.004244399722665548,1.2184696791468346e-07,0.0,0.0,0.0,1.2184696791468346e-07,0.0,0.0,0.0,1.2184696791468346e-07,-2.581746816635132,0.2607685327529919,9.45669174194336,8.999999999999999e-08,0.0,0.0,0.0,8.999999999999999e-08,0.0,0.0,0.0,8.999999999999999e-08
1759811051624764672,168007,1759811051616750144,base_link,-0.02045831207485473,-0.13117475351194097,0.03217174313957826,-0.9906258915741785,1.0,0.0,0.0,0.0,1.0,0.0,0.0,0.0,1.0,0.0006696621421724558,-0.001594233675859869,-0.004206900950521231,1.2184696791468346e-07,0.0,0.0,0.0,1.2184696791468346e-07,0.0,0.0,0.0,1.2184696791468346e-07,-2.6058666706085205,0.22214686870575068,9.439188957214355,8.999999999999999e-08,0.0,0.0,0.0,8.999999999999999e-08,0.0,0.0,0.0,8.999999999999999e-08
1759811051630788992,168008,1759811051627750144,base_link,-0.020449218892288505,-0.1311719085996665,0.03217574709018681,-0.9906263551895121,1.0,0.0,0.0,0.0,1.0,0.0,0.0,0.0,1.0,-0.0015854979865252972,-0.0011114926310256126,-0.001317596761509776,1.2184696791468346e-07,0.0,0.0,0.0,1.2184696791468346e-07,0.0,0.0,0.0,1.2184696791468346e-07,-2.485454797744751,0.41930869221687433,9.453947067260742,8.999999999999999e-08,0.0,0.0,0.0,8.999999999999999e-08,0.0,0.0,0.0,8.999999999999999e-08
1759811051636753600,168009,1759811051632750144,base_link,-0.020460914642750277,-0.13117276207334883,0.03216647478351437,-0.990626270895815,1.0,0.0,0.0,0.0,1.0,0.0,0.0,0.0,1.0,-6.750726606696844e-05,-0.0011785574024543164,0.0016986291157081725,1.2184696791468346e-07,0.0,0.0,0.0,1.2184696791468346e-07,0.0,0.0,0.0,1.2184696791468346e-07,-2.581465244293213,0.29620757699012873,9.432977676391602,8.999999999999999e-08,0.0,0.0,0.0,8.999999999999999e-08,0.0,0.0,0.0,8.999999999999999e-08
1759811051642006240,168010,1759811051637750144,base_link,-0.020465635089783493,-0.13117576503630524,0.03217726437673321,-0.9906254279588449,1.0,0.0,0.0,0.0,1.0,0.0,0.0,0.0,1.0,0.002863711677491665,0.0006251334561966359,-0.0013168323785066605,1.2184696791468346e-07,0.0,0.0,0.0,1.2184696791468346e-07,0.0,0.0,0.0,1.2184696791468346e-07,-2.6036555767059326,0.20294851064682123,9.41127872467041,8.999999999999999e-08,0.0,0.0,0.0,8.999999999999999e-08,0.0,0.0,0.0,8.999999999999999e-08
1759811051646847200,168011,1759811051643750144,base_link,-0.020465592942934988,-0.13118756615388827,0.032198970003716305,-0.9906231941758737,1.0,0.0,0.0,0.0,1.0,0.0,0.0,0.0,1.0,0.0020401482470333576,0.0024564031045883885,-0.005759642459452152,1.2184696791468346e-07,0.0,0.0,0.0,1.2184696791468346e-07,0.0,0.0,0.0,1.2184696791468346e-07,-2.5522634983062744,0.31133845448494074,9.513788223266602,8.999999999999999e-08,0.0,0.0,0.0,8.999999999999999e-08,0.0,0.0,0.0,8.999999999999999e-08
1759811051661091712,168012,1759811051653750144,base_link,-0.020465261036502962,-0.13120997247222788,0.03218257487964556,-0.9906207075118116,1.0,0.0,0.0,0.0,1.0,0.0,0.0,0.0,1.0,-0.0019353784155100584,0.0034623499959707264,0.005217405501753092,1.2184696791468346e-07,0.0,0.0,0.0,1.2184696791468346e-07,0.0,0.0,0.0,1.2184696791468346e-07,-2.582930326461792,0.3189466297626507,9.485832214355469,8.999999999999999e-08,0.0,0.0,0.0,8.999999999999999e-08,0.0,0.0,0.0,8.999999999999999e-08
1759811051692066912,168013,1759811051685747072,base_link,-0.02046843258685341,-0.13121510385103408,0.03219108854304475,-0.9906196959874474,1.0,0.0,0.0,0.0,1.0,0.0,0.0,0.0,1.0,0.0018426028545945883,0.0013178365770727394,-0.0017872084863483908,1.2184696791468346e-07,0.0,0.0,0.0,1.2184696791468346e-07,0.0,0.0,0.0,1.2184696791468346e-07,-2.567168712615967,0.30942478775978205,9.482939720153809,8.999999999999999e-08,0.0,0.0,0.0,8.999999999999999e-08,0.0,0.0,0.0,8.999999999999999e-08
1759811051701185504,168014,1759811051695747072,base_link,-0.02047186755500705,-0.13122407059305477,0.03219290085753073,-0.9906183894351435,1.0,0.0,0.0,0.0,1.0,0.0,0.0,0.0,1.0,0.0001424641814082861,0.0005140165449120104,0.0003345542354509234,1.2184696791468346e-07,0.0,0.0,0.0,1.2184696791468346e-07,0.0,0.0,0.0,1.2184696791468346e-07,-2.5297257900238037,0.3461934626102459,9.503046989440918,8.999999999999999e-08,0.0,0.0,0.0,8.999999999999999e-08,0.0,0.0,0.0,8.999999999999999e-08
1759811051707788032,168015,1759811051701747072,base_link,-0.02047432787728887,-0.13121894448260465,0.03218978199074091,-0.9906191480784167,1.0,0.0,0.0,0.0,1.0,0.0,0.0,0.0,1.0,-0.0017866105772554874,-0.0006105341017246246,0.0003331188345327974,1.2184696791468346e-07,0.0,0.0,0.0,1.2184696791468346e-07,0.0,0.0,0.0,1.2184696791468346e-07,-2.5964903831481934,0.21473740041256068,9.41541862487793,8.999999999999999e-08,0.0,0.0,0.0,8.999999999999999e-08,0.0,0.0,0.0,8.999999999999999e-08
1759811051713945952,168016,1759811051706747072,base_link,-0.020452495809760232,-0.13122614105698788,0.03220217316420311,-0.9906182208477494,1.0,0.0,0.0,0.0,1.0,0.0,0.0,0.0,1.0,-0.003239585552364588,0.0033043324947357173,-0.00415056524798274,1.2184696791468346e-07,0.0,0.0,0.0,1.2184696791468346e-07,0.0,0.0,0.0,1.2184696791468346e-07,-2.588549852371216,0.2652840912342083,9.469674110412598,8.999999999999999e-08,0.0,0.0,0.0,8.999999999999999e-08,0.0,0.0,0.0,8.999999999999999e-08
1759811051719795552,168017,1759811051711747072,base_link,-0.02045610990202004,-0.13123999683343585,0.032203690450749514,-0.9906162820927179,1.0,0.0,0.0,0.0,1.0,0.0,0.0,0.0,1.0,0.0018782229162752628,0.0016095659229904413,-0.0007397440494969489,1.2184696791468346e-07,0.0,0.0,0.0,1.2184696791468346e-07,0.0,0.0,0.0,1.2184696791468346e-07,-2.511363983154297,0.4277025759220135,9.446782112121582,8.999999999999999e-08,0.0,0.0,0.0,8.999999999999999e-08,0.0,0.0,0.0,8.999999999999999e-08
1759811051726289024,168018,1759811051722747072,base_link,-0.020464449709669128,-0.13123192044358994,0.032180931152553646,-0.9906178836729614,1.0,0.0,0.0,0.0,1.0,0.0,0.0,0.0,1.0,0.0003167729591950774,-0.000610899995081126,0.005034621339291334,1.2184696791468346e-07,0.0,0.0,0.0,1.2184696791468346e-07,0.0,0.0,0.0,1.2184696791468346e-07,-2.5874838829040527,0.25501391291618464,9.457172393798828,8.999999999999999e-08,0.0,0.0,0.0,8.999999999999999e-08,0.0,0.0,0.0,8.999999999999999e-08
1759811051732876416,168019,1759811051727747072,base_link,-0.02047062422297597,-0.1312467350608415,0.03219441814407714,-0.9906153548620508,1.0,0.0,0.0,0.0,1.0,0.0,0.0,0.0,1.0,0.0014393148012459278,0.003570056986063719,-0.0013507076073437933,1.2184696791468346e-07,0.0,0.0,0.0,1.2184696791468346e-07,0.0,0.0,0.0,1.2184696791468346e-07,-2.5765721797943115,0.26937678456306574,9.455513954162598,8.999999999999999e-08,0.0,0.0,0.0,8.999999999999999e-08,0.0,0.0,0.0,8.999999999999999e-08
1759811051742145216,168020,1759811051732747072,base_link,-0.020473627185932368,-0.13124942192243408,0.032205460618386986,-0.9906145962187776,1.0,0.0,0.0,0.0,1.0,0.0,0.0,0.0,1.0,0.0030288463458418846,0.0025105560198426242,-0.0034573716111481194,1.2184696791468346e-07,0.0,0.0,0.0,1.2184696791468346e-07,0.0,0.0,0.0,1.2184696791468346e-07,-2.5301456451416016,0.4051543772220623,9.503829002380371,8.999999999999999e-08,0.0,0.0,0.0,8.999999999999999e-08,0.0,0.0,0.0,8.999999999999999e-08
1759811051750790656,168021,1759811051743747072,base_link,-0.02047876383309464,-0.13124569719469695,0.032180298949825985,-0.9906158184773843,1.0,0.0,0.0,0.0,1.0,0.0,0.0,0.0,1.0,-0.0029291193932294846,-0.0006366927409544582,0.004227731842547655,1.2184696791468346e-07,0.0,0.0,0.0,1.2184696791468346e-07,0.0,0.0,0.0,1.2184696791468346e-07,-2.522526264190674,0.39944797754287836,9.479488372802734,8.999999999999999e-08,0.0,0.0,0.0,8.999999999999999e-08,0.0,0.0,0.0,8.999999999999999e-08
1759811051752786240,168022,1759811051748747072,base_link,-0.020468969959171922,-0.13125120262678366,0.03218400787249491,-0.9906151441278082,1.0,0.0,0.0,0.0,1.0,0.0,0.0,0.0,1.0,-0.00391039066016674,0.0007203037384897473,0.0020402325317263603,1.2184696791468346e-07,0.0,0.0,0.0,1.2184696791468346e-07,0.0,0.0,0.0,1.2184696791468346e-07,-2.613157272338867,0.21280050277710078,9.427377700805664,8.999999999999999e-08,0.0,0.0,0.0,8.999999999999999e-08,0.0,0.0,0.0,8.999999999999999e-08
1759811051757812480,168023,1759811051754747072,base_link,-0.020469844506278517,-0.13125553321546815,0.032192226507954565,-0.9906142590439895,1.0,0.0,0.0,0.0,1.0,0.0,0.0,0.0,1.0,-0.001357327331788838,0.001879257848486304,-0.002200465183705092,1.2184696791468346e-07,0.0,0.0,0.0,1.2184696791468346e-07,0.0,0.0,0.0,1.2184696791468346e-07,-2.5206799507141113,0.3342984020710003,9.435169219970703,8.999999999999999e-08,0.0,0.0,0.0,8.999999999999999e-08,0.0,0.0,0.0,8.999999999999999e-08
1759811051768737248,168024,1759811051764745536,base_link,-0.02047461236851632,-0.1312456866579848,0.03213899503828531,-0.9906172514702337,1.0,0.0,0.0,0.0,1.0,0.0,0.0,0.0,1.0,-0.000356809061486274,-0.0013981381198391305,0.009893682785332203,1.2184696791468346e-07,0.0,0.0,0.0,1.2184696791468346e-07,0.0,0.0,0.0,1.2184696791468346e-07,-2.588327646255493,0.2765955030918133,9.44205379486084,8.999999999999999e-08,0.0,0.0,0.0,8.999999999999999e-08,0.0,0.0,0.0,8.999999999999999e-08
1759811051776771232,168025,1759811051769745536,base_link,-0.020468116485489577,-0.13124675613426576,0.032143884072712535,-0.9906170828828397,1.0,0.0,0.0,0.0,1.0,0.0,0.0,0.0,1.0,-0.0007417548913508654,-0.0008487201994284987,0.0003469368675723673,1.2184696791468346e-07,0.0,0.0,0.0,1.2184696791468346e-07,0.0,0.0,0.0,1.2184696791468346e-07,-2.6283645629882812,0.19776310026645777,9.474435806274414,8.999999999999999e-08,0.0,0.0,0.0,8.999999999999999e-08,0.0,0.0,0.0,8.999999999999999e-08
1759811051783362272,168026,1759811051775745536,base_link,-0.02046809541206531,-0.13124959050982812,0.03216124857429904,-0.9906161556521724,1.0,0.0,0.0,0.0,1.0,0.0,0.0,0.0,1.0,-0.000944478961173445,0.0014034042833372946,-0.003746413392946124,1.2184696791468346e-07,0.0,0.0,0.0,1.2184696791468346e-07,0.0,0.0,0.0,1.2184696791468346e-07,-2.5800750255584717,0.3641589581966412,9.458017349243164,8.999999999999999e-08,0.0,0.0,0.0,8.999999999999999e-08,0.0,0.0,0.0,8.999999999999999e-08
1759811051789025696,168027,1759811051785745536,base_link,-0.02046059854138644,-0.13126257700752555,0.0321267303053686,-0.9906156920368389,1.0,0.0,0.0,0.0,1.0,0.0,0.0,0.0,1.0,-0.002038764301687479,0.0025586804840713744,0.005247971508651972,1.2184696791468346e-07,0.0,0.0,0.0,1.2184696791468346e-07,0.0,0.0,0.0,1.2184696791468346e-07,-2.5657029151916504,0.29887712001800654,9.50021743774414,8.999999999999999e-08,0.0,0.0,0.0,8.999999999999999e-08,0.0,0.0,0.0,8.999999999999999e-08
1759811051796666880,168028,1759811051791745536,base_link,-0.020462279146970817,-0.1312574508970754,0.032128205445066484,-0.9906163242395665,1.0,0.0,0.0,0.0,1.0,0.0,0.0,0.0,1.0,-0.0005889433086849749,0.0002244107890874152,0.0036799656227231026,1.2184696791468346e-07,0.0,0.0,0.0,1.2184696791468346e-07,0.0,0.0,0.0,1.2184696791468346e-07,-2.644035816192627,0.22884090244770167,9.462346076965332,8.999999999999999e-08,0.0,0.0,0.0,8.999999999999999e-08,0.0,0.0,0.0,8.999999999999999e-08
1759811051802146592,168029,1759811051796745536,base_link,-0.020451531700600545,-0.1312622345643814,0.032129891319006926,-0.9906158184773843,1.0,0.0,0.0,0.0,1.0,0.0,0.0,0.0,1.0,-0.00033940374851226807,0.0009010821813717482,-0.0014914415078237655,1.2184696791468346e-07,0.0,0.0,0.0,1.2184696791468346e-07,0.0,0.0,0.0,1.2184696791468346e-07,-2.5637011528015137,0.3558917343616497,9.462270736694336,8.999999999999999e-08,0.0,0.0,0.0,8.999999999999999e-08,0.0,0.0,0.0,8.999999999999999e-08
1759811051806714528,168030,1759811051801745536,base_link,-0.020464038777896144,-0.13126218188082076,0.03212407505391245,-0.9906157341836873,1.0,0.0,0.0,0.0,1.0,0.0,0.0,0.0,1.0,0.002555229002609849,-0.0003177281469106673,0.001019964343868196,1.2184696791468346e-07,0.0,0.0,0.0,1.2184696791468346e-07,0.0,0.0,0.0,1.2184696791468346e-07,-2.5024616718292236,0.4515350461006176,9.471701622009277,8.999999999999999e-08,0.0,0.0,0.0,8.999999999999999e-08,0.0,0.0,0.0,8.999999999999999e-08
1759811051811841216,168031,1759811051807745536,base_link,-0.02047208882596173,-0.13125292011086048,0.032112231789480895,-0.9906172093233853,1.0,0.0,0.0,0.0,1.0,0.0,0.0,0.0,1.0,0.0020416139159351587,-0.0017211668891832228,0.003583732061088085,1.2184696791468346e-07,0.0,0.0,0.0,1.2184696791468346e-07,0.0,0.0,0.0,1.2184696791468346e-07,-2.5856003761291504,0.3308295309543621,9.464038848876953,8.999999999999999e-08,0.0,0.0,0.0,8.999999999999999e-08,0.0,0.0,0.0,8.999999999999999e-08
1759811051821976000,168032,1759811051812745536,base_link,-0.020475587014388126,-0.13125339426290622,0.03211387551657277,-0.9906169985891426,1.0,0.0,0.0,0.0,1.0,0.0,0.0,0.0,1.0,0.001092361519113183,0.0009913439862430094,-0.0016854880377650263,1.2184696791468346e-07,0.0,0.0,0.0,1.2184696791468346e-07,0.0,0.0,0.0,1.2184696791468346e-07,-2.648688316345215,0.21289137005806086,9.459933280944824,8.999999999999999e-08,0.0,0.0,0.0,8.999999999999999e-08,0.0,0.0,0.0,8.999999999999999e-08
1759811051826808320,168033,1759811051822745536,base_link,-0.020462837592713584,-0.13125104457610176,0.03214405266010659,-0.9906165771206575,1.0,0.0,0.0,0.0,1.0,0.0,0.0,0.0,1.0,-0.0015259849606081843,-0.0009786261944100267,-0.006145975552499294,1.2184696791468346e-07,0.0,0.0,0.0,1.2184696791468346e-07,0.0,0.0,0.0,1.2184696791468346e-07,-2.4848570823669434,0.40374004840850947,9.505788803100586,8.999999999999999e-08,0.0,0.0,0.0,8.999999999999999e-08,0.0,0.0,0.0,8.999999999999999e-08
1759811051832036288,168034,1759811051828745536,base_link,-0.020453207037828842,-0.13124234125188425,0.032124622962943085,-0.9906185580225376,1.0,0.0,0.0,0.0,1.0,0.0,0.0,0.0,1.0,-0.004299178719520569,-0.0017337020253762598,0.0034245559945702553,1.2184696791468346e-07,0.0,0.0,0.0,1.2184696791468346e-07,0.0,0.0,0.0,1.2184696791468346e-07,-2.570194959640503,0.3476821184158337,9.47954273223877,8.999999999999999e-08,0.0,0.0,0.0,8.999999999999999e-08,0.0,0.0,0.0,8.999999999999999e-08
1759811051836887520,168035,1759811051833745536,base_link,-0.020441574507639837,-0.13125435310370986,0.03211939675372772,-0.9906173779107792,1.0,0.0,0.0,0.0,1.0,0.0,0.0,0.0,1.0,-0.0045376247726380825,0.0009632079745642845,0.0035720597952604294,1.2184696791468346e-07,0.0,0.0,0.0,1.2184696791468346e-07,0.0,0.0,0.0,1.2184696791468346e-07,-2.604011058807373,0.2368216663599026,9.44521427154541,8.999999999999999e-08,0.0,0.0,0.0,8.999999999999999e-08,0.0,0.0,0.0,8.999999999999999e-08
1759811051844038592,168036,1759811051838745536,base_link,-0.020437296602515986,-0.1312562286384686,0.032134738206585696,-0.990616703561203,1.0,0.0,0.0,0.0,1.0,0.0,0.0,0.0,1.0,-0.0027384497225284576,0.0010739288991317149,-0.003881349228322506,1.2184696791468346e-07,0.0,0.0,0.0,1.2184696791468346e-07,0.0,0.0,0.0,1.2184696791468346e-07,-2.603679895401001,0.2521908283233654,9.436943054199219,8.999999999999999e-08,0.0,0.0,0.0,8.999999999999999e-08,0.0,0.0,0.0,8.999999999999999e-08
1759811051850051712,168037,1759811051844745536,base_link,-0.020425964368622613,-0.13125387368330804,0.0321479301701696,-0.9906168300017486,1.0,0.0,0.0,0.0,1.0,0.0,0.0,0.0,1.0,-0.0014164902968332171,0.0002525954041630025,-0.004060763865709305,1.2184696791468346e-07,0.0,0.0,0.0,1.2184696791468346e-07,0.0,0.0,0.0,1.2184696791468346e-07,-2.493800640106201,0.39226624369621393,9.45663833618164,8.999999999999999e-08,0.0,0.0,0.0,8.999999999999999e-08,0.0,0.0,0.0,8.999999999999999e-08
1759811051859036864,168038,1759811051849745536,base_link,-0.020434762523249262,-0.13124999617324504,0.03213124001815927,-0.9906177572324159,1.0,0.0,0.0,0.0,1.0,0.0,0.0,0.0,1.0,0.001740925945341587,0.001497882883995772,0.0059944274835288525,1.2184696791468346e-07,0.0,0.0,0.0,1.2184696791468346e-07,0.0,0.0,0.0,1.2184696791468346e-07,-2.552180051803589,0.38216856122017023,9.450199127197266,8.999999999999999e-08,0.0,0.0,0.0,8.999999999999999e-08,0.0,0.0,0.0,8.999999999999999e-08
1759811051864891104,168039,1759811051859744256,base_link,-0.020446157977415395,-0.1312630669646395,0.03213102928391672,-0.9906157763305359,1.0,0.0,0.0,0.0,1.0,0.0,0.0,0.0,1.0,0.0027597714215517044,0.0018794427160173655,8.011993486434198e-05,1.2184696791468346e-07,0.0,0.0,0.0,1.2184696791468346e-07,0.0,0.0,0.0,1.2184696791468346e-07,-2.624580144882202,0.24370582401752588,9.449239730834961,8.999999999999999e-08,0.0,0.0,0.0,8.999999999999999e-08,0.0,0.0,0.0,8.999999999999999e-08
1759811051869957120,168040,1759811051865744256,base_link,-0.020456494492012697,-0.13124943245914622,0.03214283040149976,-0.9906169564422942,1.0,0.0,0.0,0.0,1.0,0.0,0.0,0.0,1.0,0.003071485087275505,-0.001719838124699891,-0.003591279499232769,1.2184696791468346e-07,0.0,0.0,0.0,1.2184696791468346e-07,0.0,0.0,0.0,1.2184696791468346e-07,-2.5240938663482666,0.39751258492469904,9.458501815795898,8.999999999999999e-08,0.0,0.0,0.0,8.999999999999999e-08,0.0,0.0,0.0,8.999999999999999e-08
1759811051876757504,168041,1759811051870744256,base_link,-0.02046538220869243,-0.1312433264344682,0.032123695732275845,-0.9906182208477495,1.0,0.0,0.0,0.0,1.0,0.0,0.0,0.0,1.0,0.0016630785539746284,-0.00296148657798767,0.0054206568747758865,1.2184696791468346e-07,0.0,0.0,0.0,1.2184696791468346e-07,0.0,0.0,0.0,1.2184696791468346e-07,-2.4825546741485596,0.3874199092388165,9.488114356994629,8.999999999999999e-08,0.0,0.0,0.0,8.999999999999999e-08,0.0,0.0,0.0,8.999999999999999e-08
1759811051879867008,168042,1759811051875744256,base_link,-0.02046154157712187,-0.13123712557938103,0.032106289083840826,-0.9906196959874474,1.0,0.0,0.0,0.0,1.0,0.0,0.0,0.0,1.0,-0.00016895029693841934,-0.0029102335684001437,0.006583098787814379,1.2184696791468346e-07,0.0,0.0,0.0,1.2184696791468346e-07,0.0,0.0,0.0,1.2184696791468346e-07,-2.5837550163269043,0.24922184646129725,9.440834045410156,8.999999999999999e-08,0.0,0.0,0.0,8.999999999999999e-08,0.0,0.0,0.0,8.999999999999999e-08
1759811051885738976,168043,1759811051881744256,base_link,-0.02045439241794322,-0.13123643542473667,0.03211728941130216,-0.9906195695469018,1.0,0.0,0.0,0.0,1.0,0.0,0.0,0.0,1.0,-0.002305317437276244,-0.00038147263694554573,-0.0005391644081100821,1.2184696791468346e-07,0.0,0.0,0.0,1.2184696791468346e-07,0.0,0.0,0.0,1.2184696791468346e-07,-2.6131539344787598,0.27455115318298456,9.452840805053711,8.999999999999999e-08,0.0,0.0,0.0,8.999999999999999e-08,0.0,0.0,0.0,8.999999999999999e-08
1759811051899779744,168044,1759811051891744256,base_link,-0.020445541579755932,-0.1312467087190612,0.032123358557487755,-0.9906182208477494,1.0,0.0,0.0,0.0,1.0,0.0,0.0,0.0,1.0,-0.0017558617983013391,0.0011743339709937572,0.0001396044390276073,1.2184696791468346e-07,0.0,0.0,0.0,1.2184696791468346e-07,0.0,0.0,0.0,1.2184696791468346e-07,-2.528066635131836,0.3827780187129986,9.440168380737305,8.999999999999999e-08,0.0,0.0,0.0,8.999999999999999e-08,0.0,0.0,0.0,8.999999999999999e-08
1759811051902914144,168045,1759811051896744256,base_link,-0.0204484602490153,-0.1312444011791052,0.03210843857311489,-0.9906189794910226,1.0,0.0,0.0,0.0,1.0,0.0,0.0,0.0,1.0,-0.0007755254628136754,0.0008429015288129453,0.00375270564109087,1.2184696791468346e-07,0.0,0.0,0.0,1.2184696791468346e-07,0.0,0.0,0.0,1.2184696791468346e-07,-2.581871271133423,0.31068620085716364,9.444396018981934,8.999999999999999e-08,0.0,0.0,0.0,8.999999999999999e-08,0.0,0.0,0.0,8.999999999999999e-08
1759811051911784256,168046,1759811051907744256,base_link,-0.020449872168440426,-0.1312478888308195,0.03213027064064352,-0.9906177150855674,1.0,0.0,0.0,0.0,1.0,0.0,0.0,0.0,1.0,0.000768748577684164,0.0006399644189514214,-0.0046165576204657555,1.2184696791468346e-07,0.0,0.0,0.0,1.2184696791468346e-07,0.0,0.0,0.0,1.2184696791468346e-07,-2.607909679412842,0.23891194164753077,9.457756996154785,8.999999999999999e-08,0.0,0.0,0.0,8.999999999999999e-08,0.0,0.0,0.0,8.999999999999999e-08
1759811051917326912,168047,1759811051912744256,base_link,-0.02045163179936575,-0.13124730931165246,0.0321174158518477,-0.990618178700901,1.0,0.0,0.0,0.0,1.0,0.0,0.0,0.0,1.0,0.0005231961840763688,-0.000588158261962235,-1.663062721490853e-05,1.2184696791468346e-07,0.0,0.0,0.0,1.2184696791468346e-07,0.0,0.0,0.0,1.2184696791468346e-07,-2.5214650630950928,0.42353197932243464,9.454636573791504,8.999999999999999e-08,0.0,0.0,0.0,8.999999999999999e-08,0.0,0.0,0.0,8.999999999999999e-08
1759811051927089952,168048,1759811051922744256,base_link,-0.02045098905992596,-0.13125204029539783,0.032097016777168454,-0.990618262994598,1.0,0.0,0.0,0.0,1.0,0.0,0.0,0.0,1.0,0.0006171215791255236,0.0016074673039838678,0.005026380997151136,1.2184696791468346e-07,0.0,0.0,0.0,1.2184696791468346e-07,0.0,0.0,0.0,1.2184696791468346e-07,-2.5945470333099365,0.2757799923419964,9.43380355834961,8.999999999999999e-08,0.0,0.0,0.0,8.999999999999999e-08,0.0,0.0,0.0,8.999999999999999e-08
1759811051933910912,168049,1759811051928744256,base_link,-0.0204401362464344,-0.13126383087626875,0.03211691008966557,-0.9906162399458694,1.0,0.0,0.0,0.0,1.0,0.0,0.0,0.0,1.0,-0.001926852623000741,0.0020938229281455274,-0.0034920827019959693,1.2184696791468346e-07,0.0,0.0,0.0,1.2184696791468346e-07,0.0,0.0,0.0,1.2184696791468346e-07,-2.5480918884277344,0.3248159885406506,9.46566104888916,8.999999999999999e-08,0.0,0.0,0.0,8.999999999999999e-08,0.0,0.0,0.0,8.999999999999999e-08
1759811051939781056,168050,1759811051934744256,base_link,-0.020439619947540153,-0.13127412524401752,0.032111346705662173,-0.9906150598341111,1.0,0.0,0.0,0.0,1.0,0.0,0.0,0.0,1.0,-0.002824435941874981,0.003405206371098757,-0.0006157344905659561,1.2184696791468346e-07,0.0,0.0,0.0,1.2184696791468346e-07,0.0,0.0,0.0,1.2184696791468346e-07,-2.5219082832336426,0.43159195780754206,9.468299865722656,8.999999999999999e-08,0.0,0.0,0.0,8.999999999999999e-08,0.0,0.0,0.0,8.999999999999999e-08
1759811051947784480,168051,1759811051944744256,base_link,-0.02042482640371282,-0.13128136396524928,0.03210987156596429,-0.9906145119250805,1.0,0.0,0.0,0.0,1.0,0.0,0.0,0.0,1.0,-0.0023643309250473976,0.0019084436353296041,-0.00024343922268599296,1.2184696791468346e-07,0.0,0.0,0.0,1.2184696791468346e-07,0.0,0.0,0.0,1.2184696791468346e-07,-2.55521821975708,0.3078362941741955,9.469003677368164,8.999999999999999e-08,0.0,0.0,0.0,8.999999999999999e-08,0.0,0.0,0.0,8.999999999999999e-08
1759811051956871488,168052,1759811051950744256,base_link,-0.020435631801999796,-0.13128741730636664,0.0321324201299176,-0.9906127839042916,1.0,0.0,0.0,0.0,1.0,0.0,0.0,0.0,1.0,0.0020590752828866243,0.0010131930466741317,-0.0054674288257956505,1.2184696791468346e-07,0.0,0.0,0.0,1.2184696791468346e-07,0.0,0.0,0.0,1.2184696791468346e-07,-2.5546298027038574,0.3691213726997387,9.435101509094238,8.999999999999999e-08,0.0,0.0,0.0,8.999999999999999e-08,0.0,0.0,0.0,8.999999999999999e-08
1759811051966767040,168053,1759811051960742208,base_link,-0.020430163248405513,-0.1312624979821846,0.032119017432091126,-0.9906165771206575,1.0,0.0,0.0,0.0,1.0,0.0,0.0,0.0,1.0,-0.00017976248636841774,-0.004408153239637613,0.0032433569431304936,1.2184696791468346e-07,0.0,0.0,0.0,1.2184696791468346e-07,0.0,0.0,0.0,1.2184696791468346e-07,-2.5392987728118896,0.3275956809520733,9.463793754577637,8.999999999999999e-08,0.0,0.0,0.0,8.999999999999999e-08,0.0,0.0,0.0,8.999999999999999e-08
1759811051979052736,168054,1759811051971742208,base_link,-0.02042431537317462,-0.13127217068391783,0.032124791550337144,-0.9906151862746567,1.0,0.0,0.0,0.0,1.0,0.0,0.0,0.0,1.0,-0.0019913488067686558,0.0010231923079118128,-0.002947270404547453,1.2184696791468346e-07,0.0,0.0,0.0,1.2184696791468346e-07,0.0,0.0,0.0,1.2184696791468346e-07,-2.549602746963501,0.3165237009525311,9.450566291809082,8.999999999999999e-08,0.0,0.0,0.0,8.999999999999999e-08,0.0,0.0,0.0,8.999999999999999e-08
1759811051982436512,168055,1759811051976742208,base_link,-0.02042000058955832,-0.13126999485286345,0.03213912147883085,-0.9906151019809597,1.0,0.0,0.0,0.0,1.0,0.0,0.0,0.0,1.0,-0.0019951178692281246,0.0014908746816217895,-0.0029617235995829105,1.2184696791468346e-07,0.0,0.0,0.0,1.2184696791468346e-07,0.0,0.0,0.0,1.2184696791468346e-07,-2.519274950027466,0.38452830910682795,9.449019432067871,8.999999999999999e-08,0.0,0.0,0.0,8.999999999999999e-08,0.0,0.0,0.0,8.999999999999999e-08
1759811051988860608,168056,1759811051981742208,base_link,-0.02042203944335504,-0.13127076930120485,0.03212601380894391,-0.9906153970088992,1.0,0.0,0.0,0.0,1.0,0.0,0.0,0.0,1.0,-0.00016074220184236765,0.0008778119226917628,0.002629946917295456,1.2184696791468346e-07,0.0,0.0,0.0,1.2184696791468346e-07,0.0,0.0,0.0,1.2184696791468346e-07,-2.5537312030792236,0.32446631789207575,9.478509902954102,8.999999999999999e-08,0.0,0.0,0.0,8.999999999999999e-08,0.0,0.0,0.0,8.999999999999999e-08
1759811051997302976,168057,1759811051992742208,base_link,-0.02043349811779394,-0.13128964582098168,0.03213697198955674,-0.9906123624358064,1.0,0.0,0.0,0.0,1.0,0.0,0.0,0.0,1.0,0.002690486144274473,0.004004799295216799,-0.0033611033577471976,1.2184696791468346e-07,0.0,0.0,0.0,1.2184696791468346e-07,0.0,0.0,0.0,1.2184696791468346e-07,-2.5434465408325195,0.28978934884071467,9.434829711914062,8.999999999999999e-08,0.0,0.0,0.0,8.999999999999999e-08,0.0,0.0,0.0,8.999999999999999e-08
1759811052002739424,168058,1759811051997742208,base_link,-0.020424136249068452,-0.13128860795483707,0.03215374643526409,-0.9906121095547153,1.0,0.0,0.0,0.0,1.0,0.0,0.0,0.0,1.0,-0.001023776363581419,0.0009769686730578533,-0.006427749991416931,1.2184696791468346e-07,0.0,0.0,0.0,1.2184696791468346e-07,0.0,0.0,0.0,1.2184696791468346e-07,-2.520479440689087,0.4440674483776104,9.450054168701172,8.999999999999999e-08,0.0,0.0,0.0,8.999999999999999e-08,0.0,0.0,0.0,8.999999999999999e-08
1759811052008884768,168059,1759811052002742208,base_link,-0.020417835295216073,-0.13128977752988327,0.032140259443740604,-0.9906125310232005,1.0,0.0,0.0,0.0,1.0,0.0,0.0,0.0,1.0,-0.0028339913114905357,0.0006338788662105802,0.002981197088956833,1.2184696791468346e-07,0.0,0.0,0.0,1.2184696791468346e-07,0.0,0.0,0.0,1.2184696791468346e-07,-2.521756649017334,0.36172759532928583,9.500930786132812,8.999999999999999e-08,0.0,0.0,0.0,8.999999999999999e-08,0.0,0.0,0.0,8.999999999999999e-08
1759811052020934304,168060,1759811052013742208,base_link,-0.020410680867681358,-0.13129418187555264,0.032147719435927063,-0.9906118145267758,1.0,0.0,0.0,0.0,1.0,0.0,0.0,0.0,1.0,-0.00018974544946104288,0.0006882294546812766,-0.0049177804030478,1.2184696791468346e-07,0.0,0.0,0.0,1.2184696791468346e-07,0.0,0.0,0.0,1.2184696791468346e-07,-2.561131000518799,0.2605059146881115,9.450152397155762,8.999999999999999e-08,0.0,0.0,0.0,8.999999999999999e-08,0.0,0.0,0.0,8.999999999999999e-08
1759811052025978080,168061,1759811052018742208,base_link,-0.020406244911875586,-0.13128916640057986,0.03215399931635515,-0.9906123624358064,1.0,0.0,0.0,0.0,1.0,0.0,0.0,0.0,1.0,-0.0009612279827706516,-0.0011772756697610025,-0.002743698889389634,1.2184696791468346e-07,0.0,0.0,0.0,1.2184696791468346e-07,0.0,0.0,0.0,1.2184696791468346e-07,-2.5520598888397217,0.39201071858406183,9.491743087768555,8.999999999999999e-08,0.0,0.0,0.0,8.999999999999999e-08,0.0,0.0,0.0,8.999999999999999e-08
1759811052031639648,168062,1759811052023742208,base_link,-0.020401793151001626,-0.13128574723749442,0.032152060561323643,-0.9906130367853826,1.0,0.0,0.0,0.0,1.0,0.0,0.0,0.0,1.0,-0.001745699206367135,-0.0024762735702097416,0.0007626822916790846,1.2184696791468346e-07,0.0,0.0,0.0,1.2184696791468346e-07,0.0,0.0,0.0,1.2184696791468346e-07,-2.5268802642822266,0.4008332490921032,9.468809127807617,8.999999999999999e-08,0.0,0.0,0.0,8.999999999999999e-08,0.0,0.0,0.0,8.999999999999999e-08
1759811052041820160,168063,1759811052034742208,base_link,-0.020398121106825106,-0.13128046307636235,0.032164788909573985,-0.9906133739601707,1.0,0.0,0.0,0.0,1.0,0.0,0.0,0.0,1.0,-0.0001710739452391863,-0.0007235495140776044,-0.004516448825597763,1.2184696791468346e-07,0.0,0.0,0.0,1.2184696791468346e-07,0.0,0.0,0.0,1.2184696791468346e-07,-2.6069657802581787,0.22829459607601282,9.420113563537598,8.999999999999999e-08,0.0,0.0,0.0,8.999999999999999e-08,0.0,0.0,0.0,8.999999999999999e-08
1759811052045815904,168064,1759811052039742208,base_link,-0.02040832064416474,-0.13128572089571408,0.0321812683273417,-0.9906118988204728,1.0,0.0,0.0,0.0,1.0,0.0,0.0,0.0,1.0,0.0019346491899341345,0.00144706352148205,-0.004169062245637178,1.2184696791468346e-07,0.0,0.0,0.0,1.2184696791468346e-07,0.0,0.0,0.0,1.2184696791468346e-07,-2.5276987552642822,0.39567041397094843,9.4951810836792,8.999999999999999e-08,0.0,0.0,0.0,8.999999999999999e-08,0.0,0.0,0.0,8.999999999999999e-08
1759811052054338560,168065,1759811052045742208,base_link,-0.02041100223740125,-0.13129603106853108,0.03216849783224291,-0.990610929442957,1.0,0.0,0.0,0.0,1.0,0.0,0.0,0.0,1.0,0.0032256124541163445,0.004089757800102235,0.003858905285596847,1.2184696791468346e-07,0.0,0.0,0.0,1.2184696791468346e-07,0.0,0.0,0.0,1.2184696791468346e-07,-2.5249595642089844,0.4375257790088665,9.469634056091309,8.999999999999999e-08,0.0,0.0,0.0,8.999999999999999e-08,0.0,0.0,0.0,8.999999999999999e-08
1759811052060489184,168066,1759811052055742208,base_link,-0.020437586362099497,-0.1313082431178871,0.03215454722538581,-0.9906092014221681,1.0,0.0,0.0,0.0,1.0,0.0,0.0,0.0,1.0,0.004340351093560457,0.0026502693071961407,0.003211815375834703,1.2184696791468346e-07,0.0,0.0,0.0,1.2184696791468346e-07,0.0,0.0,0.0,1.2184696791468346e-07,-2.605342149734497,0.2460006624460232,9.493263244628906,8.999999999999999e-08,0.0,0.0,0.0,8.999999999999999e-08,0.0,0.0,0.0,8.999999999999999e-08
1759811052068764672,168067,1759811052060740672,base_link,-0.02043358767984703,-0.1313098605031987,0.032160110609389274,-0.99060886424738,1.0,0.0,0.0,0.0,1.0,0.0,0.0,0.0,1.0,-0.0009323324775323272,0.00106209353543818,0.00037645723205059756,1.2184696791468346e-07,0.0,0.0,0.0,1.2184696791468346e-07,0.0,0.0,0.0,1.2184696791468346e-07,-2.5508975982666016,0.3651942908763897,9.485090255737305,8.999999999999999e-08,0.0,0.0,0.0,8.999999999999999e-08,0.0,0.0,0.0,8.999999999999999e-08
1759811052075734784,168068,1759811052071740672,base_link,-0.020444804009906992,-0.13130199484759536,0.03213924791937635,-0.9906104236807749,1.0,0.0,0.0,0.0,1.0,0.0,0.0,0.0,1.0,0.00174945336766541,-0.0022284868173301216,0.004030198324471712,1.2184696791468346e-07,0.0,0.0,0.0,1.2184696791468346e-07,0.0,0.0,0.0,1.2184696791468346e-07,-2.5834836959838867,0.32944694161415217,9.477612495422363,8.999999999999999e-08,0.0,0.0,0.0,8.999999999999999e-08,0.0,0.0,0.0,8.999999999999999e-08
1759811052083194144,168069,1759811052076740672,base_link,-0.020441880072291543,-0.13129848085410076,0.03214261966725723,-0.99061084514926,1.0,0.0,0.0,0.0,1.0,0.0,0.0,0.0,1.0,-0.0016900997143238783,-0.00224345363676548,-0.0017210826044902203,1.2184696791468346e-07,0.0,0.0,0.0,1.2184696791468346e-07,0.0,0.0,0.0,1.2184696791468346e-07,-2.62990403175354,0.21493516862392542,9.460186958312988,8.999999999999999e-08,0.0,0.0,0.0,8.999999999999999e-08,0.0,0.0,0.0,8.999999999999999e-08
1759811052085859840,168070,1759811052082740672,base_link,-0.020424794793576437,-0.1312970004460468,0.032164704615876914,-0.9906106765618661,1.0,0.0,0.0,0.0,1.0,0.0,0.0,0.0,1.0,-0.0034144374076277018,-0.0015726803103461868,-0.005663346499204636,1.2184696791468346e-07,0.0,0.0,0.0,1.2184696791468346e-07,0.0,0.0,0.0,1.2184696791468346e-07,-2.5516676902770996,0.3217644393444073,9.437190055847168,8.999999999999999e-08,0.0,0.0,0.0,8.999999999999999e-08,0.0,0.0,0.0,8.999999999999999e-08
1759811052099201664,168071,1759811052092740672,base_link,-0.020429478362117205,-0.1312880389723822,0.03214106023386232,-0.990612488876352,1.0,0.0,0.0,0.0,1.0,0.0,0.0,0.0,1.0,-0.0004214923828840256,-0.0017459524096921082,0.0039033060893416405,1.2184696791468346e-07,0.0,0.0,0.0,1.2184696791468346e-07,0.0,0.0,0.0,1.2184696791468346e-07,-2.5913755893707275,0.3167628943920147,9.495877265930176,8.999999999999999e-08,0.0,0.0,0.0,8.999999999999999e-08,0.0,0.0,0.0,8.999999999999999e-08
1759811052103788384,168072,1759811052097740672,base_link,-0.020428493179533276,-0.13128001526609692,0.032138910744588245,-0.9906136268412618,1.0,0.0,0.0,0.0,1.0,0.0,0.0,0.0,1.0,0.0002378752687945962,-0.0017429451690986753,0.0008209130028262737,1.2184696791468346e-07,0.0,0.0,0.0,1.2184696791468346e-07,0.0,0.0,0.0,1.2184696791468346e-07,-2.6279067993164062,0.19151750206947443,9.432832717895508,8.999999999999999e-08,0.0,0.0,0.0,8.999999999999999e-08,0.0,0.0,0.0,8.999999999999999e-08
1759811052110945664,168073,1759811052103740672,base_link,-0.020434662424484044,-0.13128457239409216,0.032151512652293004,-0.990612488876352,1.0,0.0,0.0,0.0,1.0,0.0,0.0,0.0,1.0,0.0007820844184607267,0.00013072672300040695,-0.0021960833109915257,1.2184696791468346e-07,0.0,0.0,0.0,1.2184696791468346e-07,0.0,0.0,0.0,1.2184696791468346e-07,-2.5806314945220947,0.34670662879943964,9.442347526550293,8.999999999999999e-08,0.0,0.0,0.0,8.999999999999999e-08,0.0,0.0,0.0,8.999999999999999e-08
1759811052116706656,168074,1759811052113740672,base_link,-0.020429230749382205,-0.1312800784863697,0.03212011325015242,-0.9906142168971409,1.0,0.0,0.0,0.0,1.0,0.0,0.0,0.0,1.0,-0.0013187086442485452,-0.0006072367541491979,0.0049886554479599,1.2184696791468346e-07,0.0,0.0,0.0,1.2184696791468346e-07,0.0,0.0,0.0,1.2184696791468346e-07,-2.5187532901763916,0.4179449379444134,9.468074798583984,8.999999999999999e-08,0.0,0.0,0.0,8.999999999999999e-08,0.0,0.0,0.0,8.999999999999999e-08
1759811052123862976,168075,1759811052119740672,base_link,-0.02041359953694074,-0.1312808950815596,0.032112863992208515,-0.990614638365626,1.0,0.0,0.0,0.0,1.0,0.0,0.0,0.0,1.0,-0.004324082285165787,0.00019168958533555313,0.003593639936298132,1.2184696791468346e-07,0.0,0.0,0.0,1.2184696791468346e-07,0.0,0.0,0.0,1.2184696791468346e-07,-2.6481704711914062,0.23336745798587916,9.430312156677246,8.999999999999999e-08,0.0,0.0,0.0,8.999999999999999e-08,0.0,0.0,0.0,8.999999999999999e-08
1759811052131698784,168076,1759811052124740672,base_link,-0.02040570753955707,-0.13129305444735498,0.03212369573227581,-0.9906128260511401,1.0,0.0,0.0,0.0,1.0,0.0,0.0,0.0,1.0,-0.004307297058403492,0.0025717006064951415,-0.0026522893458604817,1.2184696791468346e-07,0.0,0.0,0.0,1.2184696791468346e-07,0.0,0.0,0.0,1.2184696791468346e-07,-2.5889835357666016,0.29921180009842036,9.470890045166016,8.999999999999999e-08,0.0,0.0,0.0,8.999999999999999e-08,0.0,0.0,0.0,8.999999999999999e-08
1759811052133851456,168077,1759811052129740672,base_link,-0.020400734211432778,-0.1312998611633895,0.0321263088368835,-0.9906119831141699,1.0,0.0,0.0,0.0,1.0,0.0,0.0,0.0,1.0,-0.002701918128877878,0.002856815699487924,-0.003478939644992352,1.2184696791468346e-07,0.0,0.0,0.0,1.2184696791468346e-07,0.0,0.0,0.0,1.2184696791468346e-07,-2.5236611366271973,0.4379525482654583,9.512812614440918,8.999999999999999e-08,0.0,0.0,0.0,8.999999999999999e-08,0.0,0.0,0.0,8.999999999999999e-08
1759811052140738144,168078,1759811052135740672,base_link,-0.020409300558392622,-0.13131342191189788,0.032100304231352295,-0.99061084514926,1.0,0.0,0.0,0.0,1.0,0.0,0.0,0.0,1.0,0.00045871094334870577,0.003862776793539525,0.0054271011613309375,1.2184696791468346e-07,0.0,0.0,0.0,1.2184696791468346e-07,0.0,0.0,0.0,1.2184696791468346e-07,-2.528341293334961,0.3602911829948437,9.467641830444336,8.999999999999999e-08,0.0,0.0,0.0,8.999999999999999e-08,0.0,0.0,0.0,8.999999999999999e-08
1759811052143960992,168079,1759811052140740672,base_link,-0.020407614684452194,-0.13129919735052545,0.032094445819409304,-0.9906129946385341,1.0,0.0,0.0,0.0,1.0,0.0,0.0,0.0,1.0,0.000742447329685092,-0.0009842355502769345,0.005141307134181261,1.2184696791468346e-07,0.0,0.0,0.0,1.2184696791468346e-07,0.0,0.0,0.0,1.2184696791468346e-07,-2.6060712337493896,0.24105410277843592,9.442038536071777,8.999999999999999e-08,0.0,0.0,0.0,8.999999999999999e-08,0.0,0.0,0.0,8.999999999999999e-08
1759811052150982240,168080,1759811052145740672,base_link,-0.020405359828056847,-0.13129305444735498,0.032106289083840854,-0.9906134582538678,1.0,0.0,0.0,0.0,1.0,0.0,0.0,0.0,1.0,-0.0008144706953316927,-0.00267268717288971,-0.002901870524510741,1.2184696791468346e-07,0.0,0.0,0.0,1.2184696791468346e-07,0.0,0.0,0.0,1.2184696791468346e-07,-2.601356267929077,0.318228453397752,9.440613746643066,8.999999999999999e-08,0.0,0.0,0.0,8.999999999999999e-08,0.0,0.0,0.0,8.999999999999999e-08
1759811052157762304,168081,1759811052150740672,base_link,-0.020408152056770705,-0.1312929806903701,0.03211349619493619,-0.9906131632259282,1.0,0.0,0.0,0.0,1.0,0.0,0.0,0.0,1.0,0.00037889310624450445,-0.0018870047060772779,-0.0018912032246589658,1.2184696791468346e-07,0.0,0.0,0.0,1.2184696791468346e-07,0.0,0.0,0.0,1.2184696791468346e-07,-2.5293796062469482,0.38489770889282343,9.517547607421875,8.999999999999999e-08,0.0,0.0,0.0,8.999999999999999e-08,0.0,0.0,0.0,8.999999999999999e-08
1759811052166742080,168082,1759811052161739648,base_link,-0.020404875139298978,-0.13129285424982456,0.03210346524499061,-0.9906135846944133,1.0,0.0,0.0,0.0,1.0,0.0,0.0,0.0,1.0,-0.000910074042622,0.0013642978155985475,0.0005881182150915263,1.2184696791468346e-07,0.0,0.0,0.0,1.2184696791468346e-07,0.0,0.0,0.0,1.2184696791468346e-07,-2.587783098220825,0.24571673572063563,9.416659355163574,8.999999999999999e-08,0.0,0.0,0.0,8.999999999999999e-08,0.0,0.0,0.0,8.999999999999999e-08
1759811052171868160,168083,1759811052166739648,base_link,-0.020407367071717183,-0.1312924380496955,0.03211956534112178,-0.9906130789322312,1.0,0.0,0.0,0.0,1.0,0.0,0.0,0.0,1.0,-1.9892584532499313e-05,0.0006944165215827519,-0.004429757595062256,1.2184696791468346e-07,0.0,0.0,0.0,1.2184696791468346e-07,0.0,0.0,0.0,1.2184696791468346e-07,-2.597956895828247,0.23487114906311152,9.420330047607422,8.999999999999999e-08,0.0,0.0,0.0,8.999999999999999e-08,0.0,0.0,0.0,8.999999999999999e-08
1759811052180094048,168084,1759811052172739648,base_link,-0.020396456306308923,-0.13127963067610426,0.032130565668583105,-0.990614638365626,1.0,0.0,0.0,0.0,1.0,0.0,0.0,0.0,1.0,0.0007367152720689774,-0.0010266153840348127,-0.0026008309796452522,1.2184696791468346e-07,0.0,0.0,0.0,1.2184696791468346e-07,0.0,0.0,0.0,1.2184696791468346e-07,-2.506201982498169,0.40853911638260004,9.435997009277344,8.999999999999999e-08,0.0,0.0,0.0,8.999999999999999e-08,0.0,0.0,0.0,8.999999999999999e-08
1759811052187979136,168085,1759811052182739648,base_link,-0.02040764629458857,-0.13128922962085263,0.032105994055901275,-0.9906139218692014,1.0,0.0,0.0,0.0,1.0,0.0,0.0,0.0,1.0,0.00025878252927213907,0.001858450239524246,0.0049191368743777275,1.2184696791468346e-07,0.0,0.0,0.0,1.2184696791468346e-07,0.0,0.0,0.0,1.2184696791468346e-07,-2.5934360027313232,0.2609521448612225,9.446884155273438,8.999999999999999e-08,0.0,0.0,0.0,8.999999999999999e-08,0.0,0.0,0.0,8.999999999999999e-08
1759811052192689792,168086,1759811052187739648,base_link,-0.020400997629235973,-0.13129425563253755,0.0321135383417847,-0.9906131210790796,1.0,0.0,0.0,0.0,1.0,0.0,0.0,0.0,1.0,-0.0013184241252020001,0.002007453702390194,-0.00014313473366200948,1.2184696791468346e-07,0.0,0.0,0.0,1.2184696791468346e-07,0.0,0.0,0.0,1.2184696791468346e-07,-2.5899171829223633,0.240287095308305,9.448779106140137,8.999999999999999e-08,0.0,0.0,0.0,8.999999999999999e-08,0.0,0.0,0.0,8.999999999999999e-08
1759811052201003712,168087,1759811052193739648,base_link,-0.02039754685601414,-0.13128687466569208,0.03214540135925895,-0.9906131210790796,1.0,0.0,0.0,0.0,1.0,0.0,0.0,0.0,1.0,-0.0005644300836138427,-0.0016905571101233372,-0.006561449728906155,1.2184696791468346e-07,0.0,0.0,0.0,1.2184696791468346e-07,0.0,0.0,0.0,1.2184696791468346e-07,-2.5389325618743896,0.39357292652130244,9.494059562683105,8.999999999999999e-08,0.0,0.0,0.0,8.999999999999999e-08,0.0,0.0,0.0,8.999999999999999e-08
1759811052206287616,168088,1759811052198739648,base_link,-0.020391683175715068,-0.1312871328151392,0.03213212510197802,-0.9906136689881103,1.0,0.0,0.0,0.0,1.0,0.0,0.0,0.0,1.0,-0.0018567258957773447,-0.001058908062987029,0.004755571484565735,1.2184696791468346e-07,0.0,0.0,0.0,1.2184696791468346e-07,0.0,0.0,0.0,1.2184696791468346e-07,-2.53178334236145,0.41699221730232355,9.512772560119629,8.999999999999999e-08,0.0,0.0,0.0,8.999999999999999e-08,0.0,0.0,0.0,8.999999999999999e-08
1759811052217699232,168089,1759811052208739648,base_link,-0.020396424696172536,-0.13128590001982027,0.03211539280311918,-0.9906143011908379,1.0,0.0,0.0,0.0,1.0,0.0,0.0,0.0,1.0,0.0005927808815613389,2.492568455636576e-06,0.0006070173112675548,1.2184696791468346e-07,0.0,0.0,0.0,1.2184696791468346e-07,0.0,0.0,0.0,1.2184696791468346e-07,-2.6255316734313965,0.24102593958377955,9.417207717895508,8.999999999999999e-08,0.0,0.0,0.0,8.999999999999999e-08,0.0,0.0,0.0,8.999999999999999e-08
1759811052223171264,168090,1759811052214739648,base_link,-0.02039391695868614,-0.13128518352339558,0.03213301018579675,-0.9906138797223528,1.0,0.0,0.0,0.0,1.0,0.0,0.0,0.0,1.0,0.0008155202958732843,-0.00040175241883844186,-0.0038267746567726135,1.2184696791468346e-07,0.0,0.0,0.0,1.2184696791468346e-07,0.0,0.0,0.0,1.2184696791468346e-07,-2.5427064895629883,0.3434043228626263,9.4893798828125,8.999999999999999e-08,0.0,0.0,0.0,8.999999999999999e-08,0.0,0.0,0.0,8.999999999999999e-08
1759811052227855296,168091,1759811052219739648,base_link,-0.020394032862519555,-0.13127343508937317,0.032120871893425613,-0.9906158184773843,1.0,0.0,0.0,0.0,1.0,0.0,0.0,0.0,1.0,-0.001651234459131956,-0.0017676040297374125,0.0042875101789832115,1.2184696791468346e-07,0.0,0.0,0.0,1.2184696791468346e-07,0.0,0.0,0.0,1.2184696791468346e-07,-2.504390001296997,0.4034791290760052,9.484363555908203,8.999999999999999e-08,0.0,0.0,0.0,8.999999999999999e-08,0.0,0.0,0.0,8.999999999999999e-08
1759811052232759840,168092,1759811052230739648,base_link,-0.02039476516401243,-0.1312850202043576,0.03210561473426467,-0.990614722659323,1.0,0.0,0.0,0.0,1.0,0.0,0.0,0.0,1.0,-0.000505355594214052,0.0023005676921457057,0.002761327195912599,1.2184696791468346e-07,0.0,0.0,0.0,1.2184696791468346e-07,0.0,0.0,0.0,1.2184696791468346e-07,-2.6595239639282227,0.1993698179721844,9.433883666992188,8.999999999999999e-08,0.0,0.0,0.0,8.999999999999999e-08,0.0,0.0,0.0,8.999999999999999e-08
1759811052239977344,168093,1759811052235739648,base_link,-0.02039580829851307,-0.1312911736442402,0.032120071103303914,-0.9906134161070193,1.0,0.0,0.0,0.0,1.0,0.0,0.0,0.0,1.0,0.0006807243917137384,0.0025505910161882635,-0.0030511510558426384,1.2184696791468346e-07,0.0,0.0,0.0,1.2184696791468346e-07,0.0,0.0,0.0,1.2184696791468346e-07,-2.5337250232696533,0.3581227064132702,9.482440948486328,8.999999999999999e-08,0.0,0.0,0.0,8.999999999999999e-08,0.0,0.0,0.0,8.999999999999999e-08
1759811052249946688,168094,1759811052240739648,base_link,-0.020395133948936897,-0.13129725332713788,0.0321161935932409,-0.9906127417574431,1.0,0.0,0.0,0.0,1.0,0.0,0.0,0.0,1.0,-5.494209472090006e-05,0.00193979823961854,0.0018469252390787003,1.2184696791468346e-07,0.0,0.0,0.0,1.2184696791468346e-07,0.0,0.0,0.0,1.2184696791468346e-07,-2.4738876819610596,0.40534231066703913,9.492838859558105,8.999999999999999e-08,0.0,0.0,0.0,8.999999999999999e-08,0.0,0.0,0.0,8.999999999999999e-08
1759811052255474048,168095,1759811052251739648,base_link,-0.020393158315412944,-0.13130512951945336,0.032096300280743735,-0.990612404582655,1.0,0.0,0.0,0.0,1.0,0.0,0.0,0.0,1.0,-0.0009103718912228942,0.0025541933719068766,0.0012126144720241425,1.2184696791468346e-07,0.0,0.0,0.0,1.2184696791468346e-07,0.0,0.0,0.0,1.2184696791468346e-07,-2.5697853565216064,0.2986638247966778,9.485329627990723,8.999999999999999e-08,0.0,0.0,0.0,8.999999999999999e-08,0.0,0.0,0.0,8.999999999999999e-08
1759811052261175200,168096,1759811052256739648,base_link,-0.02040097128745566,-0.13131065602496433,0.03211265325796598,-0.9906109715898056,1.0,0.0,0.0,0.0,1.0,0.0,0.0,0.0,1.0,0.001198633573949337,0.000491391285322606,-0.004045615438371897,1.2184696791468346e-07,0.0,0.0,0.0,1.2184696791468346e-07,0.0,0.0,0.0,1.2184696791468346e-07,-2.635348320007324,0.2363990098238003,9.464753150939941,8.999999999999999e-08,0.0,0.0,0.0,8.999999999999999e-08,0.0,0.0,0.0,8.999999999999999e-08
1759811052271957408,168097,1759811052267737344,base_link,-0.02039611386316478,-0.1312991920821694,0.03209638457444076,-0.9906131632259282,1.0,0.0,0.0,0.0,1.0,0.0,0.0,0.0,1.0,-0.0018743230029940605,-0.001746209454722702,0.003623759374022484,1.2184696791468346e-07,0.0,0.0,0.0,1.2184696791468346e-07,0.0,0.0,0.0,1.2184696791468346e-07,-2.571134090423584,0.2907909750938427,9.489912986755371,8.999999999999999e-08,0.0,0.0,0.0,8.999999999999999e-08,0.0,0.0,0.0,8.999999999999999e-08
1759811052277953600,168098,1759811052272737344,base_link,-0.02038006645059426,-0.1312999928722911,0.0320940664977727,-0.9906134582538677,1.0,0.0,0.0,0.0,1.0,0.0,0.0,0.0,1.0,-0.003933187574148178,0.002173151588067412,-0.0036510983482003216,1.2184696791468346e-07,0.0,0.0,0.0,1.2184696791468346e-07,0.0,0.0,0.0,1.2184696791468346e-07,-2.6163647174835205,0.18832011520862696,9.43589973449707,8.999999999999999e-08,0.0,0.0,0.0,8.999999999999999e-08,0.0,0.0,0.0,8.999999999999999e-08
1759811052287895840,168099,1759811052283737344,base_link,-0.020362064477924043,-0.1313323879937278,0.03212331641063923,-0.9906085692194405,1.0,0.0,0.0,0.0,1.0,0.0,0.0,0.0,1.0,-0.0034133910667151213,0.006119240541011094,-0.005487460177391768,1.2184696791468346e-07,0.0,0.0,0.0,1.2184696791468346e-07,0.0,0.0,0.0,1.2184696791468346e-07,-2.5971808433532715,0.3460792005062115,9.45651626586914,8.999999999999999e-08,0.0,0.0,0.0,8.999999999999999e-08,0.0,0.0,0.0,8.999999999999999e-08
1759811052290988960,168100,1759811052288737344,base_link,-0.020359224834005617,-0.13133205608729576,0.032110250887600854,-0.9906090749816227,1.0,0.0,0.0,0.0,1.0,0.0,0.0,0.0,1.0,-0.0035320196766406298,0.003047905396670103,7.965520489960871e-05,1.2184696791468346e-07,0.0,0.0,0.0,1.2184696791468346e-07,0.0,0.0,0.0,1.2184696791468346e-07,-2.513982057571411,0.4140085875988018,9.47636604309082,8.999999999999999e-08,0.0,0.0,0.0,8.999999999999999e-08,0.0,0.0,0.0,8.999999999999999e-08
1759811052300764064,168101,1759811052293737344,base_link,-0.020364983147183414,-0.13132187235502432,0.032103212363899555,-0.9906105501213205,1.0,0.0,0.0,0.0,1.0,0.0,0.0,0.0,1.0,0.0001816117437556386,-0.0018322631949558852,0.0016866637161001565,1.2184696791468346e-07,0.0,0.0,0.0,1.2184696791468346e-07,0.0,0.0,0.0,1.2184696791468346e-07,-2.5372045040130615,0.37312397360801813,9.466200828552246,8.999999999999999e-08,0.0,0.0,0.0,8.999999999999999e-08,0.0,0.0,0.0,8.999999999999999e-08
1759811052305848320,168102,1759811052304737344,base_link,-0.020369197832034506,-0.13133773010677655,0.03212555019361032,-0.9906075998419247,1.0,0.0,0.0,0.0,1.0,0.0,0.0,0.0,1.0,0.0015832458157092333,0.002841112902387976,-0.004010946489870548,1.2184696791468346e-07,0.0,0.0,0.0,1.2184696791468346e-07,0.0,0.0,0.0,1.2184696791468346e-07,-2.5749073028564453,0.2577504217624676,9.454442024230957,8.999999999999999e-08,0.0,0.0,0.0,8.999999999999999e-08,0.0,0.0,0.0,8.999999999999999e-08
1759811052312806144,168103,1759811052309737344,base_link,-0.020369856376542494,-0.13132989606130957,0.03211084094348001,-0.9906091592753197,1.0,0.0,0.0,0.0,1.0,0.0,0.0,0.0,1.0,-0.00043973932042717934,0.0001783717889338733,0.0010190705070272088,1.2184696791468346e-07,0.0,0.0,0.0,1.2184696791468346e-07,0.0,0.0,0.0,1.2184696791468346e-07,-2.5053489208221436,0.40538993477821467,9.462540626525879,8.999999999999999e-08,0.0,0.0,0.0,8.999999999999999e-08,0.0,0.0,0.0,8.999999999999999e-08
1759811052320179584,168104,1759811052315737344,base_link,-0.02037545137068231,-0.13133122368703767,0.03209718536456248,-0.9906093278627136,1.0,0.0,0.0,0.0,1.0,0.0,0.0,0.0,1.0,0.0013801930472254753,0.000520852860063315,0.004726567771285772,1.2184696791468346e-07,0.0,0.0,0.0,1.2184696791468346e-07,0.0,0.0,0.0,1.2184696791468346e-07,-2.598128318786621,0.22317174077034113,9.44675064086914,8.999999999999999e-08,0.0,0.0,0.0,8.999999999999999e-08,0.0,0.0,0.0,8.999999999999999e-08
1759811052328738080,168105,1759811052320737344,base_link,-0.020377959108168708,-0.1313483458442452,0.03211358048863324,-0.9906065040238635,1.0,0.0,0.0,0.0,1.0,0.0,0.0,0.0,1.0,0.001039520837366581,0.0024340001400560136,-0.0036636525765061383,1.2184696791468346e-07,0.0,0.0,0.0,1.2184696791468346e-07,0.0,0.0,0.0,1.2184696791468346e-07,-2.5922224521636963,0.24745224416256068,9.428717613220215,8.999999999999999e-08,0.0,0.0,0.0,8.999999999999999e-08,0.0,0.0,0.0,8.999999999999999e-08
1759811052336041024,168106,1759811052330737344,base_link,-0.020372416797589527,-0.1313379250359509,0.03211185246784428,-0.9906079791635614,1.0,0.0,0.0,0.0,1.0,0.0,0.0,0.0,1.0,-0.001093082595616579,-0.0015088041545823216,0.0006389544578269126,1.2184696791468346e-07,0.0,0.0,0.0,1.2184696791468346e-07,0.0,0.0,0.0,1.2184696791468346e-07,-2.515927791595459,0.4097630083560955,9.501500129699707,8.999999999999999e-08,0.0,0.0,0.0,8.999999999999999e-08,0.0,0.0,0.0,8.999999999999999e-08
1759811052344196128,168107,1759811052336737344,base_link,-0.020368312748215777,-0.1313334627383648,0.032093813616681593,-0.9906092435690167,1.0,0.0,0.0,0.0,1.0,0.0,0.0,0.0,1.0,-0.0021010441705584526,-0.0008859894005581731,0.0042680916376411915,1.2184696791468346e-07,0.0,0.0,0.0,1.2184696791468346e-07,0.0,0.0,0.0,1.2184696791468346e-07,-2.6159048080444336,0.2491057366132748,9.48223876953125,8.999999999999999e-08,0.0,0.0,0.0,8.999999999999999e-08,0.0,0.0,0.0,8.999999999999999e-08
1759811052350840736,168108,1759811052346737344,base_link,-0.020369887986678867,-0.13133573339982835,0.0321018215178987,-0.9906086535131375,1.0,0.0,0.0,0.0,1.0,0.0,0.0,0.0,1.0,0.0009386288002133369,-0.00026662438176572334,-0.0009702240931801498,1.2184696791468346e-07,0.0,0.0,0.0,1.2184696791468346e-07,0.0,0.0,0.0,1.2184696791468346e-07,-2.523714542388916,0.3842625021934521,9.461532592773438,8.999999999999999e-08,0.0,0.0,0.0,8.999999999999999e-08,0.0,0.0,0.0,8.999999999999999e-08
1759811052356834400,168109,1759811052351737344,base_link,-0.020369066123132905,-0.13133856777539069,0.032104308181960854,-0.9906081898978039,1.0,0.0,0.0,0.0,1.0,0.0,0.0,0.0,1.0,1.575483474880457e-05,0.0009249646682292222,-0.0012995599536225202,1.2184696791468346e-07,0.0,0.0,0.0,1.2184696791468346e-07,0.0,0.0,0.0,1.2184696791468346e-07,-2.540752649307251,0.412662982940675,9.468605995178223,8.999999999999999e-08,0.0,0.0,0.0,8.999999999999999e-08,0.0,0.0,0.0,8.999999999999999e-08
1759811052360091104,168110,1759811052357737344,base_link,-0.020364461579933095,-0.131342719239969,0.032092970679711376,-0.9906081477509554,1.0,0.0,0.0,0.0,1.0,0.0,0.0,0.0,1.0,-0.0016761876177042723,0.0015232592122629287,0.0014131510397419331,1.2184696791468346e-07,0.0,0.0,0.0,1.2184696791468346e-07,0.0,0.0,0.0,1.2184696791468346e-07,-2.6028597354888916,0.27976942062378046,9.444151878356934,8.999999999999999e-08,0.0,0.0,0.0,8.999999999999999e-08,0.0,0.0,0.0,8.999999999999999e-08
1759811052366973248,168111,1759811052362736320,base_link,-0.020365899841138534,-0.1313472131476915,0.03209996705656422,-0.9906073048139852,1.0,0.0,0.0,0.0,1.0,0.0,0.0,0.0,1.0,-0.0009443276794627309,0.0012615435989573598,0.00021204038057476266,1.2184696791468346e-07,0.0,0.0,0.0,1.2184696791468346e-07,0.0,0.0,0.0,1.2184696791468346e-07,-2.60539174079895,0.22392010688781855,9.450028419494629,8.999999999999999e-08,0.0,0.0,0.0,8.999999999999999e-08,0.0,0.0,0.0,8.999999999999999e-08
1759811052374737568,168112,1759811052367736320,base_link,-0.020370557067898986,-0.13135298726593747,0.0321170786770596,-0.9906058718211358,1.0,0.0,0.0,0.0,1.0,0.0,0.0,0.0,1.0,0.0016723014414310455,0.0018351599574089046,-0.004424881190061569,1.2184696791468346e-07,0.0,0.0,0.0,1.2184696791468346e-07,0.0,0.0,0.0,1.2184696791468346e-07,-2.5256829261779785,0.3617344200611126,9.489992141723633,8.999999999999999e-08,0.0,0.0,0.0,8.999999999999999e-08,0.0,0.0,0.0,8.999999999999999e-08
1759811052377376160,168113,1759811052373736320,base_link,-0.02036319717447776,-0.1313509273387165,0.032101442196262105,-0.9906068411986515,1.0,0.0,0.0,0.0,1.0,0.0,0.0,0.0,1.0,-0.0006392202922143042,0.0006156339077278972,6.278196815401308e-05,1.2184696791468346e-07,0.0,0.0,0.0,1.2184696791468346e-07,0.0,0.0,0.0,1.2184696791468346e-07,-2.5246617794036865,0.399567484855653,9.483769416809082,8.999999999999999e-08,0.0,0.0,0.0,8.999999999999999e-08,0.0,0.0,0.0,8.999999999999999e-08
1759811052385810112,168114,1759811052378736320,base_link,-0.02037382344865858,-0.13135315585333152,0.032086016449707114,-0.9906068411986515,1.0,0.0,0.0,0.0,1.0,0.0,0.0,0.0,1.0,-0.0006378411781042814,-0.0006705633131787174,0.005419928580522537,1.2184696791468346e-07,0.0,0.0,0.0,1.2184696791468346e-07,0.0,0.0,0.0,1.2184696791468346e-07,-2.5816850662231445,0.2641949355602276,9.437131881713867,8.999999999999999e-08,0.0,0.0,0.0,8.999999999999999e-08,0.0,0.0,0.0,8.999999999999999e-08
1759811052388758720,168115,1759811052383736320,base_link,-0.02037278558251399,-0.1313446896051369,0.03208336119825091,-0.9906080634572584,1.0,0.0,0.0,0.0,1.0,0.0,0.0,0.0,1.0,-0.0003355779335834086,-0.0018812398193404076,0.002114851959049702,1.2184696791468346e-07,0.0,0.0,0.0,1.2184696791468346e-07,0.0,0.0,0.0,1.2184696791468346e-07,-2.6021227836608887,0.21577756106853602,9.454127311706543,8.999999999999999e-08,0.0,0.0,0.0,8.999999999999999e-08,0.0,0.0,0.0,8.999999999999999e-08
1759811052395872512,168116,1759811052388736320,base_link,-0.020368207381094502,-0.1313466441652366,0.032102158692686796,-0.9906072205202882,1.0,0.0,0.0,0.0,1.0,0.0,0.0,0.0,1.0,-0.0028964357916265726,-0.0013096238253638155,-0.004765866789966822,1.2184696791468346e-07,0.0,0.0,0.0,1.2184696791468346e-07,0.0,0.0,0.0,1.2184696791468346e-07,-2.5616631507873535,0.3238687217235577,9.463859558105469,8.999999999999999e-08,0.0,0.0,0.0,8.999999999999999e-08,0.0,0.0,0.0,8.999999999999999e-08
1759811052401321600,168117,1759811052394736320,base_link,-0.02035578459749592,-0.13134339885790125,0.032099166266442505,-0.9906080213104098,1.0,0.0,0.0,0.0,1.0,0.0,0.0,0.0,1.0,-0.003057029563933611,-0.0006253693718463181,0.0006207724800333382,1.2184696791468346e-07,0.0,0.0,0.0,1.2184696791468346e-07,0.0,0.0,0.0,1.2184696791468346e-07,-2.4992098808288574,0.404886841773988,9.440210342407227,8.999999999999999e-08,0.0,0.0,0.0,8.999999999999999e-08,0.0,0.0,0.0,8.999999999999999e-08
1759811052406540416,168118,1759811052399736320,base_link,-0.02035633777488262,-0.13133801986636004,0.03207160222751638,-0.9906096228906532,1.0,0.0,0.0,0.0,1.0,0.0,0.0,0.0,1.0,0.0008218789007514715,-0.0007300052093341939,0.0058611175045371056,1.2184696791468346e-07,0.0,0.0,0.0,1.2184696791468346e-07,0.0,0.0,0.0,1.2184696791468346e-07,-2.576505661010742,0.30822148919105646,9.473546981811523,8.999999999999999e-08,0.0,0.0,0.0,8.999999999999999e-08,0.0,0.0,0.0,8.999999999999999e-08
1759811052411983648,168119,1759811052405736320,base_link,-0.02036480402307725,-0.13134326188064357,0.03207733419891383,-0.990608611366289,1.0,0.0,0.0,0.0,1.0,0.0,0.0,0.0,1.0,-0.0003981436020694673,0.00115019385702908,-0.002719779498875141,1.2184696791468346e-07,0.0,0.0,0.0,1.2184696791468346e-07,0.0,0.0,0.0,1.2184696791468346e-07,-2.635437250137329,0.2137379795312893,9.43701171875,8.999999999999999e-08,0.0,0.0,0.0,8.999999999999999e-08,0.0,0.0,0.0,8.999999999999999e-08
1759811052422832992,168120,1759811052415736320,base_link,-0.020340063823001343,-0.1313404591152176,0.03209179056795307,-0.9906089906879256,1.0,0.0,0.0,0.0,1.0,0.0,0.0,0.0,1.0,-0.003720164531841874,-0.000415508286096156,-0.0031759929843246937,1.2184696791468346e-07,0.0,0.0,0.0,1.2184696791468346e-07,0.0,0.0,0.0,1.2184696791468346e-07,-2.4951553344726562,0.3822177946567547,9.534135818481445,8.999999999999999e-08,0.0,0.0,0.0,8.999999999999999e-08,0.0,0.0,0.0,8.999999999999999e-08
1759811052425995200,168121,1759811052420736320,base_link,-0.020338799417546023,-0.13133117627183308,0.03206957917878784,-0.9906109715898056,1.0,0.0,0.0,0.0,1.0,0.0,0.0,0.0,1.0,-0.003147402312606573,-0.001824431237764656,0.005425852723419666,1.2184696791468346e-07,0.0,0.0,0.0,1.2184696791468346e-07,0.0,0.0,0.0,1.2184696791468346e-07,-2.5833916664123535,0.3288857340812695,9.43006420135498,8.999999999999999e-08,0.0,0.0,0.0,8.999999999999999e-08,0.0,0.0,0.0,8.999999999999999e-08
1759811052430338272,168122,1759811052425736320,base_link,-0.020335596257059198,-0.1313332730775465,0.03206709251472569,-0.99061084514926,1.0,0.0,0.0,0.0,1.0,0.0,0.0,0.0,1.0,-0.0025212860200554132,-0.0008085923036560411,0.004284464754164219,1.2184696791468346e-07,0.0,0.0,0.0,1.2184696791468346e-07,0.0,0.0,0.0,1.2184696791468346e-07,-2.601478099822998,0.1823167800903332,9.423619270324707,8.999999999999999e-08,0.0,0.0,0.0,8.999999999999999e-08,0.0,0.0,0.0,8.999999999999999e-08
1759811052438703168,168123,1759811052435736320,base_link,-0.020336639391559844,-0.13133757205609461,0.032098112595229725,-0.9906092435690166,1.0,0.0,0.0,0.0,1.0,0.0,0.0,0.0,1.0,0.0016868587117642164,-0.0005473182536661632,-0.006059916224330664,1.2184696791468346e-07,0.0,0.0,0.0,1.2184696791468346e-07,0.0,0.0,0.0,1.2184696791468346e-07,-2.5341014862060547,0.27933198213577387,9.472020149230957,8.999999999999999e-08,0.0,0.0,0.0,8.999999999999999e-08,0.0,0.0,0.0,8.999999999999999e-08
1759811052447931648,168124,1759811052441736320,base_link,-0.02033124986330651,-0.1313384518715573,0.03208736514885946,-0.9906095385969562,1.0,0.0,0.0,0.0,1.0,0.0,0.0,0.0,1.0,-0.001343805924989283,0.001118568819947541,0.0012542492477223275,1.2184696791468346e-07,0.0,0.0,0.0,1.2184696791468346e-07,0.0,0.0,0.0,1.2184696791468346e-07,-2.5623254776000977,0.3552751839160931,9.474233627319336,8.999999999999999e-08,0.0,0.0,0.0,8.999999999999999e-08,0.0,0.0,0.0,8.999999999999999e-08
1759811052453900928,168125,1759811052447736320,base_link,-0.020337603500719528,-0.13134659675003202,0.03208576356861604,-0.9906083584851979,1.0,0.0,0.0,0.0,1.0,0.0,0.0,0.0,1.0,-0.0003349560429342091,0.003014261601492763,0.0019111064029857512,1.2184696791468346e-07,0.0,0.0,0.0,1.2184696791468346e-07,0.0,0.0,0.0,1.2184696791468346e-07,-2.5745041370391846,0.2252179682254803,9.446948051452637,8.999999999999999e-08,0.0,0.0,0.0,8.999999999999999e-08,0.0,0.0,0.0,8.999999999999999e-08
1759811052457014944,168126,1759811052452736320,base_link,-0.020344584072504147,-0.13134408374418954,0.03209630028074375,-0.9906082741915009,1.0,0.0,0.0,0.0,1.0,0.0,0.0,0.0,1.0,0.0020149946212768555,0.0015941078308969736,-0.0007377781439572575,1.2184696791468346e-07,0.0,0.0,0.0,1.2184696791468346e-07,0.0,0.0,0.0,1.2184696791468346e-07,-2.5909149646759033,0.28345185518264887,9.447043418884277,8.999999999999999e-08,0.0,0.0,0.0,8.999999999999999e-08,0.0,0.0,0.0,8.999999999999999e-08
1759811052463164896,168127,1759811052457736320,base_link,-0.02033937893671305,-0.131346349137297,0.03210557258741613,-0.9906077684293187,1.0,0.0,0.0,0.0,1.0,0.0,0.0,0.0,1.0,-0.00021319882944226265,0.00020352110732346732,-0.0033734049648046494,1.2184696791468346e-07,0.0,0.0,0.0,1.2184696791468346e-07,0.0,0.0,0.0,1.2184696791468346e-07,-2.506978750228882,0.40539050102234003,9.515931129455566,8.999999999999999e-08,0.0,0.0,0.0,8.999999999999999e-08,0.0,0.0,0.0,8.999999999999999e-08
1759811052469882144,168128,1759811052462735808,base_link,-0.02034269273267722,-0.13133985325427028,0.03209023113455821,-0.9906090328347741,1.0,0.0,0.0,0.0,1.0,0.0,0.0,0.0,1.0,0.0011327911633998156,-0.0022639995440840712,0.006069337949156761,1.2184696791468346e-07,0.0,0.0,0.0,1.2184696791468346e-07,0.0,0.0,0.0,1.2184696791468346e-07,-2.5391242504119873,0.37458997964859125,9.444025993347168,8.999999999999999e-08,0.0,0.0,0.0,8.999999999999999e-08,0.0,0.0,0.0,8.999999999999999e-08
1759811052474737760,168129,1759811052468735808,base_link,-0.020346385850277985,-0.13133590725557845,0.03207417318527555,-0.9906100022122899,1.0,0.0,0.0,0.0,1.0,0.0,0.0,0.0,1.0,-0.0002925395383499563,-0.0010328302159905431,0.0015825072769075634,1.2184696791468346e-07,0.0,0.0,0.0,1.2184696791468346e-07,0.0,0.0,0.0,1.2184696791468346e-07,-2.6241047382354736,0.2505213618278515,9.469752311706543,8.999999999999999e-08,0.0,0.0,0.0,8.999999999999999e-08,0.0,0.0,0.0,8.999999999999999e-08
1759811052483994048,168130,1759811052473735808,base_link,-0.020343256446776044,-0.13133940544400485,0.03209335000134798,-0.9906090328347741,1.0,0.0,0.0,0.0,1.0,0.0,0.0,0.0,1.0,0.0005442608380690217,0.00011558423284441169,-0.005185004789382219,1.2184696791468346e-07,0.0,0.0,0.0,1.2184696791468346e-07,0.0,0.0,0.0,1.2184696791468346e-07,-2.611798048019409,0.26589319109916804,9.483821868896484,8.999999999999999e-08,0.0,0.0,0.0,8.999999999999999e-08,0.0,0.0,0.0,8.999999999999999e-08
1759811052487014432,168131,1759811052478735808,base_link,-0.020345347984133396,-0.13133519602750982,0.03210481394414298,-0.9906092014221681,1.0,0.0,0.0,0.0,1.0,0.0,0.0,0.0,1.0,-0.0002029569586738944,-0.0001955309417098761,-0.00015652272850275037,1.2184696791468346e-07,0.0,0.0,0.0,1.2184696791468346e-07,0.0,0.0,0.0,1.2184696791468346e-07,-2.5135185718536377,0.39290922880172846,9.48961067199707,8.999999999999999e-08,0.0,0.0,0.0,8.999999999999999e-08,0.0,0.0,0.0,8.999999999999999e-08
1759811052502868064,168132,1759811052489735808,base_link,-0.02033229299780716,-0.13135143310089864,0.032056766536840545,-0.990608779953683,1.0,0.0,0.0,0.0,1.0,0.0,0.0,0.0,1.0,-0.0037646996788680553,0.003164381720125676,0.007777102291584015,1.2184696791468346e-07,0.0,0.0,0.0,1.2184696791468346e-07,0.0,0.0,0.0,1.2184696791468346e-07,-2.6107265949249268,0.25625827908516047,9.458431243896484,8.999999999999999e-08,0.0,0.0,0.0,8.999999999999999e-08,0.0,0.0,0.0,8.999999999999999e-08
1759811052502880768,168133,1759811052494735808,base_link,-0.02031627192701695,-0.1313495733712081,0.03207139149327382,-0.9906089063942285,1.0,0.0,0.0,0.0,1.0,0.0,0.0,0.0,1.0,-0.005303879268467426,0.0011059332173317669,-0.0009241913212463261,1.2184696791468346e-07,0.0,0.0,0.0,1.2184696791468346e-07,0.0,0.0,0.0,1.2184696791468346e-07,-2.614651679992676,0.2334715127944958,9.411786079406738,8.999999999999999e-08,0.0,0.0,0.0,8.999999999999999e-08,0.0,0.0,0.0,8.999999999999999e-08
1759811052507965312,168134,1759811052499735808,base_link,-0.020312547199279808,-0.1313468180209867,0.0320709278779402,-0.9906093700095622,1.0,0.0,0.0,0.0,1.0,0.0,0.0,0.0,1.0,-0.0014608872588723898,-0.00010713911615312116,-0.0013403957709670067,1.2184696791468346e-07,0.0,0.0,0.0,1.2184696791468346e-07,0.0,0.0,0.0,1.2184696791468346e-07,-2.532069683074951,0.4123808443546307,9.48410701751709,8.999999999999999e-08,0.0,0.0,0.0,8.999999999999999e-08,0.0,0.0,0.0,8.999999999999999e-08
1759811052514864448,168135,1759811052505735808,base_link,-0.020310892935475743,-0.13135029513598884,0.03206553308133078,-0.9906091171284711,1.0,0.0,0.0,0.0,1.0,0.0,0.0,0.0,1.0,-0.0003131828270852566,-0.0002397969365119931,0.0024087235797196627,1.2184696791468346e-07,0.0,0.0,0.0,1.2184696791468346e-07,0.0,0.0,0.0,1.2184696791468346e-07,-2.5099520683288574,0.4127096533775341,9.452486038208008,8.999999999999999e-08,0.0,0.0,0.0,8.999999999999999e-08,0.0,0.0,0.0,8.999999999999999e-08
1759811052522329344,168136,1759811052515735808,base_link,-0.020305535017358805,-0.1313459276688119,0.03203944418210254,-0.990610676561866,1.0,0.0,0.0,0.0,1.0,0.0,0.0,0.0,1.0,-0.0018721958622336388,-8.075346704572375e-05,0.005241177976131439,1.2184696791468346e-07,0.0,0.0,0.0,1.2184696791468346e-07,0.0,0.0,0.0,1.2184696791468346e-07,-2.620290756225586,0.2265142500400555,9.42504596710205,8.999999999999999e-08,0.0,0.0,0.0,8.999999999999999e-08,0.0,0.0,0.0,8.999999999999999e-08
1759811052526918048,168137,1759811052521735808,base_link,-0.020306904789935402,-0.13134100702424825,0.03204138293713405,-0.9906112666177451,1.0,0.0,0.0,0.0,1.0,0.0,0.0,0.0,1.0,-0.00072079076198861,-0.002288505667820573,0.00075593451038003,1.2184696791468346e-07,0.0,0.0,0.0,1.2184696791468346e-07,0.0,0.0,0.0,1.2184696791468346e-07,-2.559497594833374,0.37898957729339716,9.463500022888184,8.999999999999999e-08,0.0,0.0,0.0,8.999999999999999e-08,0.0,0.0,0.0,8.999999999999999e-08
1759811052533277728,168138,1759811052526735808,base_link,-0.02030481852093411,-0.13133397903725907,0.03203181560252209,-0.990612488876352,1.0,0.0,0.0,0.0,1.0,0.0,0.0,0.0,1.0,-0.0011433933395892382,-0.002841868437826633,0.0037694002967327838,1.2184696791468346e-07,0.0,0.0,0.0,1.2184696791468346e-07,0.0,0.0,0.0,1.2184696791468346e-07,-2.513709306716919,0.3689377605915081,9.478894233703613,8.999999999999999e-08,0.0,0.0,0.0,8.999999999999999e-08,0.0,0.0,0.0,8.999999999999999e-08
1759811052536838784,168139,1759811052531735808,base_link,-0.020301999950439943,-0.13132236231213826,0.03200774975202238,-0.9906148912467171,1.0,0.0,0.0,0.0,1.0,0.0,0.0,0.0,1.0,-0.0014880008529871702,-0.003982820082455873,0.006658874452114106,1.2184696791468346e-07,0.0,0.0,0.0,1.2184696791468346e-07,0.0,0.0,0.0,1.2184696791468346e-07,-2.5827770233154297,0.31096175312996027,9.505293846130371,8.999999999999999e-08,0.0,0.0,0.0,8.999999999999999e-08,0.0,0.0,0.0,8.999999999999999e-08
1759811052541999200,168140,1759811052536735808,base_link,-0.02030873290948957,-0.1313134904005267,0.032011500821539855,-0.9906157763305359,1.0,0.0,0.0,0.0,1.0,0.0,0.0,0.0,1.0,0.00036736344918608665,-0.003225981723517179,0.001959691988304258,1.2184696791468346e-07,0.0,0.0,0.0,1.2184696791468346e-07,0.0,0.0,0.0,1.2184696791468346e-07,-2.598802089691162,0.19582121074199793,9.441855430603027,8.999999999999999e-08,0.0,0.0,0.0,8.999999999999999e-08,0.0,0.0,0.0,8.999999999999999e-08
1759811052552025440,168141,1759811052547735808,base_link,-0.020310271269460216,-0.1313093494726605,0.032011163646751765,-0.990616366386415,1.0,0.0,0.0,0.0,1.0,0.0,0.0,0.0,1.0,0.0010693722870200872,-0.00026473810430616146,-0.0002738568000495433,1.2184696791468346e-07,0.0,0.0,0.0,1.2184696791468346e-07,0.0,0.0,0.0,1.2184696791468346e-07,-2.5058200359344482,0.42206734418869135,9.464202880859375,8.999999999999999e-08,0.0,0.0,0.0,8.999999999999999e-08,0.0,0.0,0.0,8.999999999999999e-08
1759811052562377408,168142,1759811052552735808,base_link,-0.020306983815276368,-0.13130241631608047,0.03198486401328097,-0.9906181365540525,1.0,0.0,0.0,0.0,1.0,0.0,0.0,0.0,1.0,-0.0006886632763780653,-0.002234423765912651,0.007437348365783691,1.2184696791468346e-07,0.0,0.0,0.0,1.2184696791468346e-07,0.0,0.0,0.0,1.2184696791468346e-07,-2.578747272491455,0.3257172405719769,9.469305992126465,8.999999999999999e-08,0.0,0.0,0.0,8.999999999999999e-08,0.0,0.0,0.0,8.999999999999999e-08
1759811052565180704,168143,1759811052558735552,base_link,-0.020312736860098095,-0.1312975272816532,0.03198056503473284,-0.9906188109036286,1.0,0.0,0.0,0.0,1.0,0.0,0.0,0.0,1.0,-0.0002341988729313016,-0.001650501042604446,0.0032334623392671347,1.2184696791468346e-07,0.0,0.0,0.0,1.2184696791468346e-07,0.0,0.0,0.0,1.2184696791468346e-07,-2.613271713256836,0.22973972558975336,9.447653770446777,8.999999999999999e-08,0.0,0.0,0.0,8.999999999999999e-08,0.0,0.0,0.0,8.999999999999999e-08
1759811052570890720,168144,1759811052563735552,base_link,-0.020308485296754563,-0.1312982279730097,0.031999868291350854,-0.9906182208477495,1.0,0.0,0.0,0.0,1.0,0.0,0.0,0.0,1.0,-0.0011542662978172302,-0.000698779476806522,-0.004069212824106216,1.2184696791468346e-07,0.0,0.0,0.0,1.2184696791468346e-07,0.0,0.0,0.0,1.2184696791468346e-07,-2.5421431064605713,0.31869143247604487,9.49123764038086,8.999999999999999e-08,0.0,0.0,0.0,8.999999999999999e-08,0.0,0.0,0.0,8.999999999999999e-08
1759811052576905952,168145,1759811052568735552,base_link,-0.020307800410466263,-0.1312886079548371,0.031991986830679275,-0.9906197802811444,1.0,0.0,0.0,0.0,1.0,0.0,0.0,0.0,1.0,-0.0009011246729642153,-0.002341753803193569,0.0015498518478125336,1.2184696791468346e-07,0.0,0.0,0.0,1.2184696791468346e-07,0.0,0.0,0.0,1.2184696791468346e-07,-2.512296438217163,0.4010168910026562,9.45907211303711,8.999999999999999e-08,0.0,0.0,0.0,8.999999999999999e-08,0.0,0.0,0.0,8.999999999999999e-08
1759811052582060992,168146,1759811052579735552,base_link,-0.020316698663858115,-0.13127410417059326,0.03199278762080098,-0.9906214240082363,1.0,0.0,0.0,0.0,1.0,0.0,0.0,0.0,1.0,0.0016388925723731518,-0.0037499666213989258,-1.7851823940872685e-05,1.2184696791468346e-07,0.0,0.0,0.0,1.2184696791468346e-07,0.0,0.0,0.0,1.2184696791468346e-07,-2.575986385345459,0.31583109498024103,9.453033447265625,8.999999999999999e-08,0.0,0.0,0.0,8.999999999999999e-08,0.0,0.0,0.0,8.999999999999999e-08
1759811052589742688,168147,1759811052584735552,base_link,-0.02031428575678088,-0.13128296554549268,0.03200926703856875,-0.9906197802811444,1.0,0.0,0.0,0.0,1.0,0.0,0.0,0.0,1.0,0.0008953181095421314,0.0011477468069642776,-0.005995136685669422,1.2184696791468346e-07,0.0,0.0,0.0,1.2184696791468346e-07,0.0,0.0,0.0,1.2184696791468346e-07,-2.5792129039764404,0.3148637712001812,9.450651168823242,8.999999999999999e-08,0.0,0.0,0.0,8.999999999999999e-08,0.0,0.0,0.0,8.999999999999999e-08
1759811052596827200,168148,1759811052589735552,base_link,-0.020309228134959573,-0.13128316574302312,0.03201474612887519,-0.9906196959874474,1.0,0.0,0.0,0.0,1.0,0.0,0.0,0.0,1.0,-0.0007342785247601569,0.0014803585363551972,-0.0016852248227223756,1.2184696791468346e-07,0.0,0.0,0.0,1.2184696791468346e-07,0.0,0.0,0.0,1.2184696791468346e-07,-2.5701937675476074,0.4194073081016552,9.465129852294922,8.999999999999999e-08,0.0,0.0,0.0,8.999999999999999e-08,0.0,0.0,0.0,8.999999999999999e-08
1759811052602870784,168149,1759811052595735552,base_link,-0.020312283781476603,-0.1312845355155997,0.032003324332928754,-0.9906198224279928,1.0,0.0,0.0,0.0,1.0,0.0,0.0,0.0,1.0,0.00017375941388309002,0.0002574116224423054,0.002474224427714944,1.2184696791468346e-07,0.0,0.0,0.0,1.2184696791468346e-07,0.0,0.0,0.0,1.2184696791468346e-07,-2.556370496749878,0.3590637445449841,9.491046905517578,8.999999999999999e-08,0.0,0.0,0.0,8.999999999999999e-08,0.0,0.0,0.0,8.999999999999999e-08
1759811052609815456,168150,1759811052605735552,base_link,-0.020316914666456746,-0.13130514005616548,0.032024734931972276,-0.990616282092718,1.0,0.0,0.0,0.0,1.0,0.0,0.0,0.0,1.0,0.001656580250710249,0.004894946236163377,-0.004034752026200295,1.2184696791468346e-07,0.0,0.0,0.0,1.2184696791468346e-07,0.0,0.0,0.0,1.2184696791468346e-07,-2.5973308086395264,0.2635688185691845,9.471280097961426,8.999999999999999e-08,0.0,0.0,0.0,8.999999999999999e-08,0.0,0.0,0.0,8.999999999999999e-08
1759811052616244544,168151,1759811052611735552,base_link,-0.020321909068005285,-0.13130420228878611,0.03203160486827952,-0.9906160713584754,1.0,0.0,0.0,0.0,1.0,0.0,0.0,0.0,1.0,0.0007371848914772272,0.00226664007641375,-0.0035517900250852112,1.2184696791468346e-07,0.0,0.0,0.0,1.2184696791468346e-07,0.0,0.0,0.0,1.2184696791468346e-07,-2.522887706756592,0.40698173642158625,9.48727798461914,8.999999999999999e-08,0.0,0.0,0.0,8.999999999999999e-08,0.0,0.0,0.0,8.999999999999999e-08
1759811052626986368,168152,1759811052621735552,base_link,-0.02031828443903334,-0.1313326198013946,0.032006738227658114,-0.9906132053727768,1.0,0.0,0.0,0.0,1.0,0.0,0.0,0.0,1.0,-0.0004151799948886037,0.005424782168120146,0.003290663240477442,1.2184696791468346e-07,0.0,0.0,0.0,1.2184696791468346e-07,0.0,0.0,0.0,1.2184696791468346e-07,-2.6053571701049805,0.21998505294323084,9.469855308532715,8.999999999999999e-08,0.0,0.0,0.0,8.999999999999999e-08,0.0,0.0,0.0,8.999999999999999e-08
1759811052632852224,168153,1759811052626735552,base_link,-0.020319143181071763,-0.13134174986245326,0.03201504115681475,-0.9906117302330788,1.0,0.0,0.0,0.0,1.0,0.0,0.0,0.0,1.0,8.987751789391041e-05,0.004304281435906887,-0.0010110875591635708,1.2184696791468346e-07,0.0,0.0,0.0,1.2184696791468346e-07,0.0,0.0,0.0,1.2184696791468346e-07,-2.602546453475952,0.2846487760543835,9.412432670593262,8.999999999999999e-08,0.0,0.0,0.0,8.999999999999999e-08,0.0,0.0,0.0,8.999999999999999e-08
1759811052639659296,168154,1759811052632735552,base_link,-0.020323457964688055,-0.131342471627234,0.03201959301645394,-0.9906113930582907,1.0,0.0,0.0,0.0,1.0,0.0,0.0,0.0,1.0,-0.0012207122053951025,-7.185072172433151e-05,-0.001085835276171565,1.2184696791468346e-07,0.0,0.0,0.0,1.2184696791468346e-07,0.0,0.0,0.0,1.2184696791468346e-07,-2.5035040378570557,0.39911860227584955,9.447305679321289,8.999999999999999e-08,0.0,0.0,0.0,8.999999999999999e-08,0.0,0.0,0.0,8.999999999999999e-08
1759811052645844512,168155,1759811052643735552,base_link,-0.02031226797640842,-0.1313415233231425,0.031996496543469935,-0.990612488876352,1.0,0.0,0.0,0.0,1.0,0.0,0.0,0.0,1.0,-0.001945882337167859,-0.00019355979748070189,0.004115743562579155,1.2184696791468346e-07,0.0,0.0,0.0,1.2184696791468346e-07,0.0,0.0,0.0,1.2184696791468346e-07,-2.62136173248291,0.24237556755542872,9.450020790100098,8.999999999999999e-08,0.0,0.0,0.0,8.999999999999999e-08,0.0,0.0,0.0,8.999999999999999e-08
1759811052653009504,168156,1759811052648735552,base_link,-0.020304360173956565,-0.13134938897874587,0.032005895290687904,-0.9906112666177452,1.0,0.0,0.0,0.0,1.0,0.0,0.0,0.0,1.0,-0.0023284712806344032,0.0016689536860212686,0.0009032161906361578,1.2184696791468346e-07,0.0,0.0,0.0,1.2184696791468346e-07,0.0,0.0,0.0,1.2184696791468346e-07,-2.5710954666137695,0.22746591269970057,9.441404342651367,8.999999999999999e-08,0.0,0.0,0.0,8.999999999999999e-08,0.0,0.0,0.0,8.999999999999999e-08
1759811052659568544,168157,1759811052653735552,base_link,-0.02029502464701139,-0.13134546932183436,0.03201314454863175,-0.9906117723799273,1.0,0.0,0.0,0.0,1.0,0.0,0.0,0.0,1.0,-0.0032763963099569082,0.0005076530505903061,-0.0033021613489836454,1.2184696791468346e-07,0.0,0.0,0.0,1.2184696791468346e-07,0.0,0.0,0.0,1.2184696791468346e-07,-2.492292881011963,0.382663279771806,9.483481407165527,8.999999999999999e-08,0.0,0.0,0.0,8.999999999999999e-08,0.0,0.0,0.0,8.999999999999999e-08
1759811052666887776,168158,1759811052658732480,base_link,-0.020290293663266054,-0.13134588025360733,0.03200707540244621,-0.9906120252610184,1.0,0.0,0.0,0.0,1.0,0.0,0.0,0.0,1.0,-6.594101432710886e-05,-0.001635130727663636,0.0019801047164946795,1.2184696791468346e-07,0.0,0.0,0.0,1.2184696791468346e-07,0.0,0.0,0.0,1.2184696791468346e-07,-2.525191068649292,0.3980237841606152,9.447818756103516,8.999999999999999e-08,0.0,0.0,0.0,8.999999999999999e-08,0.0,0.0,0.0,8.999999999999999e-08
1759811052672838208,168159,1759811052669732480,base_link,-0.020292664423494786,-0.13135093787542865,0.03200576885014237,-0.9906113087645937,1.0,0.0,0.0,0.0,1.0,0.0,0.0,0.0,1.0,-3.8170721381902695e-05,0.0011244474444538355,0.0005182016175240277,1.2184696791468346e-07,0.0,0.0,0.0,1.2184696791468346e-07,0.0,0.0,0.0,1.2184696791468346e-07,-2.589837074279785,0.24304036796093104,9.49989128112793,8.999999999999999e-08,0.0,0.0,0.0,8.999999999999999e-08,0.0,0.0,0.0,8.999999999999999e-08
1759811052677962336,168160,1759811052674732480,base_link,-0.020291226162289348,-0.13134260860449168,0.03201162726208535,-0.9906122781421094,1.0,0.0,0.0,0.0,1.0,0.0,0.0,0.0,1.0,-0.0009299064986407757,-0.00041323492769151953,-0.0023640086874365807,1.2184696791468346e-07,0.0,0.0,0.0,1.2184696791468346e-07,0.0,0.0,0.0,1.2184696791468346e-07,-2.5470917224884033,0.3859841227531445,9.47883129119873,8.999999999999999e-08,0.0,0.0,0.0,8.999999999999999e-08,0.0,0.0,0.0,8.999999999999999e-08
1759811052686820704,168161,1759811052679732480,base_link,-0.020281969660685142,-0.1313305598741736,0.03200007902559337,-0.990614469778232,1.0,0.0,0.0,0.0,1.0,0.0,0.0,0.0,1.0,-0.0021191576961427927,-0.0034479335881769653,0.004560722969472408,1.2184696791468346e-07,0.0,0.0,0.0,1.2184696791468346e-07,0.0,0.0,0.0,1.2184696791468346e-07,-2.537005662918091,0.36487761139869807,9.48206615447998,8.999999999999999e-08,0.0,0.0,0.0,8.999999999999999e-08,0.0,0.0,0.0,8.999999999999999e-08
1759811052693894848,168162,1759811052685732480,base_link,-0.020286964062233685,-0.13132916902817277,0.0319776990490341,-0.9906152705683537,1.0,0.0,0.0,0.0,1.0,0.0,0.0,0.0,1.0,-0.0008645544294267893,0.0005043154233135287,0.003738325322046876,1.2184696791468346e-07,0.0,0.0,0.0,1.2184696791468346e-07,0.0,0.0,0.0,1.2184696791468346e-07,-2.590226650238037,0.22804239392280695,9.431770324707031,8.999999999999999e-08,0.0,0.0,0.0,8.999999999999999e-08,0.0,0.0,0.0,8.999999999999999e-08
1759811052698079424,168163,1759811052690732480,base_link,-0.020288518227272526,-0.13134035374809633,0.03199544287225721,-0.9906132053727766,1.0,0.0,0.0,0.0,1.0,0.0,0.0,0.0,1.0,0.0010343771427869797,0.0025504950899630785,-0.001650077058002353,1.2184696791468346e-07,0.0,0.0,0.0,1.2184696791468346e-07,0.0,0.0,0.0,1.2184696791468346e-07,-2.5708696842193604,0.22805857658386347,9.425692558288574,8.999999999999999e-08,0.0,0.0,0.0,8.999999999999999e-08,0.0,0.0,0.0,8.999999999999999e-08
1759811052703414976,168164,1759811052695732480,base_link,-0.020292100709395956,-0.13133629711392716,0.032017654261422425,-0.9906129103448371,1.0,0.0,0.0,0.0,1.0,0.0,0.0,0.0,1.0,0.0028627326246351004,-0.0005943635478615767,-0.004940583370625973,1.2184696791468346e-07,0.0,0.0,0.0,1.2184696791468346e-07,0.0,0.0,0.0,1.2184696791468346e-07,-2.4964981079101562,0.3415400981903088,9.491724014282227,8.999999999999999e-08,0.0,0.0,0.0,8.999999999999999e-08,0.0,0.0,0.0,8.999999999999999e-08
1759811052708996960,168165,1759811052700732480,base_link,-0.02029698447546715,-0.13132773603532338,0.03201238590535854,-0.9906141326034439,1.0,0.0,0.0,0.0,1.0,0.0,0.0,0.0,1.0,0.0003602001816034317,-0.0035063195973634716,0.002758272690698505,1.2184696791468346e-07,0.0,0.0,0.0,1.2184696791468346e-07,0.0,0.0,0.0,1.2184696791468346e-07,-2.525010347366333,0.39869230985641596,9.472025871276855,8.999999999999999e-08,0.0,0.0,0.0,8.999999999999999e-08,0.0,0.0,0.0,8.999999999999999e-08
1759811052716787104,168166,1759811052711732480,base_link,-0.02028947179972008,-0.1313335944472664,0.03199670727771254,-0.9906140483097469,1.0,0.0,0.0,0.0,1.0,0.0,0.0,0.0,1.0,-0.00260382448323071,0.001105060335248709,0.0023782651405781507,1.2184696791468346e-07,0.0,0.0,0.0,1.2184696791468346e-07,0.0,0.0,0.0,1.2184696791468346e-07,-2.5722098350524902,0.30284732580185053,9.418063163757324,8.999999999999999e-08,0.0,0.0,0.0,8.999999999999999e-08,0.0,0.0,0.0,8.999999999999999e-08
1759811052720854080,168167,1759811052717732480,base_link,-0.02028881852356817,-0.13132571298659487,0.032013734604510895,-0.990614554071929,1.0,0.0,0.0,0.0,1.0,0.0,0.0,0.0,1.0,-0.0009172360878437757,0.0003414261736907061,-0.0031358664855360985,1.2184696791468346e-07,0.0,0.0,0.0,1.2184696791468346e-07,0.0,0.0,0.0,1.2184696791468346e-07,-2.5565433502197266,0.30845427513122675,9.481307983398438,8.999999999999999e-08,0.0,0.0,0.0,8.999999999999999e-08,0.0,0.0,0.0,8.999999999999999e-08
1759811052726863808,168168,1759811052722732480,base_link,-0.02028902398945466,-0.1313186375844011,0.032016052681179,-0.9906153548620508,1.0,0.0,0.0,0.0,1.0,0.0,0.0,0.0,1.0,0.0007516469340771437,-0.0021633873693645005,-0.0030203144997358318,1.2184696791468346e-07,0.0,0.0,0.0,1.2184696791468346e-07,0.0,0.0,0.0,1.2184696791468346e-07,-2.5150296688079834,0.40939572453498957,9.478196144104004,8.999999999999999e-08,0.0,0.0,0.0,8.999999999999999e-08,0.0,0.0,0.0,8.999999999999999e-08
1759811052732768992,168169,1759811052727732480,base_link,-0.020291294650918175,-0.1313189905642574,0.031995147844317624,-0.9906159449179299,1.0,0.0,0.0,0.0,1.0,0.0,0.0,0.0,1.0,-0.00014304963406175375,-0.0011698715388774867,0.004234916530549526,1.2184696791468346e-07,0.0,0.0,0.0,1.2184696791468346e-07,0.0,0.0,0.0,1.2184696791468346e-07,-2.5713448524475098,0.34992694854736445,9.477240562438965,8.999999999999999e-08,0.0,0.0,0.0,8.999999999999999e-08,0.0,0.0,0.0,8.999999999999999e-08
1759811052737221440,168170,1759811052732732480,base_link,-0.020279535680183647,-0.1313069892491439,0.03199299835504355,-0.9906178415261129,1.0,0.0,0.0,0.0,1.0,0.0,0.0,0.0,1.0,-0.0025059040635824203,-0.0027783205732703205,0.003949051722884178,1.2184696791468346e-07,0.0,0.0,0.0,1.2184696791468346e-07,0.0,0.0,0.0,1.2184696791468346e-07,-2.635796308517456,0.2147368639707577,9.462465286254883,8.999999999999999e-08,0.0,0.0,0.0,8.999999999999999e-08,0.0,0.0,0.0,8.999999999999999e-08
1759811052743253344,168171,1759811052737732480,base_link,-0.020275315726976485,-0.13129967150257119,0.03200960421335685,-0.990618347288295,1.0,0.0,0.0,0.0,1.0,0.0,0.0,0.0,1.0,-0.0017050899332389235,-0.0028046034276485447,-0.0036188173107802864,1.2184696791468346e-07,0.0,0.0,0.0,1.2184696791468346e-07,0.0,0.0,0.0,1.2184696791468346e-07,-2.5548384189605713,0.3166912198066723,9.537506103515625,8.999999999999999e-08,0.0,0.0,0.0,8.999999999999999e-08,0.0,0.0,0.0,8.999999999999999e-08
1759811052751492096,168172,1759811052743732480,base_link,-0.020286200150604432,-0.13130606728683272,0.032013987485602004,-0.9906171671765367,1.0,0.0,0.0,0.0,1.0,0.0,0.0,0.0,1.0,0.0012042475864291191,0.00022843573242425916,-0.0001704917522147298,1.2184696791468346e-07,0.0,0.0,0.0,1.2184696791468346e-07,0.0,0.0,0.0,1.2184696791468346e-07,-2.5192196369171143,0.411735385656358,9.498099327087402,8.999999999999999e-08,0.0,0.0,0.0,8.999999999999999e-08,0.0,0.0,0.0,8.999999999999999e-08
1759811052757010080,168173,1759811052748732480,base_link,-0.02028224361520047,-0.13129841236547193,0.03200888771693216,-0.9906183894351435,1.0,0.0,0.0,0.0,1.0,0.0,0.0,0.0,1.0,-0.0005166208138689399,-0.0007892525754868983,0.0012505636550486088,1.2184696791468346e-07,0.0,0.0,0.0,1.2184696791468346e-07,0.0,0.0,0.0,1.2184696791468346e-07,-2.5405499935150146,0.320880562067033,9.494844436645508,8.999999999999999e-08,0.0,0.0,0.0,8.999999999999999e-08,0.0,0.0,0.0,8.999999999999999e-08
1759811052762947296,168174,1759811052759731200,base_link,-0.02027551065615085,-0.13131263692684436,0.03200538952850575,-0.9906168300017486,1.0,0.0,0.0,0.0,1.0,0.0,0.0,0.0,1.0,-0.0025716896634548903,0.002593248151242733,-0.00019891676492989096,1.2184696791468346e-07,0.0,0.0,0.0,1.2184696791468346e-07,0.0,0.0,0.0,1.2184696791468346e-07,-2.5720291137695312,0.24031651020050165,9.470335960388184,8.999999999999999e-08,0.0,0.0,0.0,8.999999999999999e-08,0.0,0.0,0.0,8.999999999999999e-08
1759811052769812256,168175,1759811052764731200,base_link,-0.020262724355983856,-0.13131342191189788,0.032013776751359455,-0.9906167035612031,1.0,0.0,0.0,0.0,1.0,0.0,0.0,0.0,1.0,-0.00293477694503963,0.0016597103094682095,-0.0022530483547598124,1.2184696791468346e-07,0.0,0.0,0.0,1.2184696791468346e-07,0.0,0.0,0.0,1.2184696791468346e-07,-2.5264313220977783,0.3923543095588696,9.484750747680664,8.999999999999999e-08,0.0,0.0,0.0,8.999999999999999e-08,0.0,0.0,0.0,8.999999999999999e-08
1759811052775771872,168176,1759811052769731200,base_link,-0.02026290874844609,-0.1313071367631137,0.03200678037450661,-0.9906177150855673,1.0,0.0,0.0,0.0,1.0,0.0,0.0,0.0,1.0,-0.0011686397483572364,-0.0008045486174523827,0.0025583107490092516,1.2184696791468346e-07,0.0,0.0,0.0,1.2184696791468346e-07,0.0,0.0,0.0,1.2184696791468346e-07,-2.5344908237457275,0.3420217931270611,9.451506614685059,8.999999999999999e-08,0.0,0.0,0.0,8.999999999999999e-08,0.0,0.0,0.0,8.999999999999999e-08
1759811052783512800,168177,1759811052774731200,base_link,-0.020261507365733115,-0.13131498661364885,0.03199611722183337,-0.9906170828828397,1.0,0.0,0.0,0.0,1.0,0.0,0.0,0.0,1.0,-0.00040549144614487886,0.0013719996204599738,0.0006415690295398233,1.2184696791468346e-07,0.0,0.0,0.0,1.2184696791468346e-07,0.0,0.0,0.0,1.2184696791468346e-07,-2.6233842372894287,0.2239107936620724,9.446677207946777,8.999999999999999e-08,0.0,0.0,0.0,8.999999999999999e-08,0.0,0.0,0.0,8.999999999999999e-08
1759811052786994720,168178,1759811052780731200,base_link,-0.02026209215325619,-0.13131654077868768,0.03200576885014235,-0.990616534973809,1.0,0.0,0.0,0.0,1.0,0.0,0.0,0.0,1.0,0.00028981780633330345,0.002050375798717141,-0.001610759645700455,1.2184696791468346e-07,0.0,0.0,0.0,1.2184696791468346e-07,0.0,0.0,0.0,1.2184696791468346e-07,-2.579752206802368,0.25737538933754084,9.421257019042969,8.999999999999999e-08,0.0,0.0,0.0,8.999999999999999e-08,0.0,0.0,0.0,8.999999999999999e-08
1759811052795781248,168179,1759811052785731200,base_link,-0.020261602196142255,-0.1313197597442427,0.03199561145965124,-0.9906164085332635,1.0,0.0,0.0,0.0,1.0,0.0,0.0,0.0,1.0,-0.0005669356905855238,0.001709197880700231,0.00322803040035069,1.2184696791468346e-07,0.0,0.0,0.0,1.2184696791468346e-07,0.0,0.0,0.0,1.2184696791468346e-07,-2.539496660232544,0.3995273411273968,9.493657112121582,8.999999999999999e-08,0.0,0.0,0.0,8.999999999999999e-08,0.0,0.0,0.0,8.999999999999999e-08
1759811052800982944,168180,1759811052796731200,base_link,-0.020271585730883276,-0.13132959576501393,0.03196808956757363,-0.9906158606242329,1.0,0.0,0.0,0.0,1.0,0.0,0.0,0.0,1.0,0.0009944145567715168,0.0014215897535905248,0.005569477565586567,1.2184696791468346e-07,0.0,0.0,0.0,1.2184696791468346e-07,0.0,0.0,0.0,1.2184696791468346e-07,-2.602086305618286,0.24778534471988795,9.458139419555664,8.999999999999999e-08,0.0,0.0,0.0,8.999999999999999e-08,0.0,0.0,0.0,8.999999999999999e-08
1759811052805806336,168181,1759811052801731200,base_link,-0.02026700752946378,-0.1313389892438758,0.03198444254479582,-0.9906141747502925,1.0,0.0,0.0,0.0,1.0,0.0,0.0,0.0,1.0,0.00026977784000337124,0.001838081167079508,-0.0020010909065604214,1.2184696791468346e-07,0.0,0.0,0.0,1.2184696791468346e-07,0.0,0.0,0.0,1.2184696791468346e-07,-2.6013219356536865,0.24454377591610071,9.470152854919434,8.999999999999999e-08,0.0,0.0,0.0,8.999999999999999e-08,0.0,0.0,0.0,8.999999999999999e-08
1759811052813492672,168182,1759811052806731200,base_link,-0.020268872527510383,-0.1313439731087122,0.031990975306315034,-0.9906132053727766,1.0,0.0,0.0,0.0,1.0,0.0,0.0,0.0,1.0,0.00019767798949033022,0.0019583124667406078,-0.002614888129755855,1.2184696791468346e-07,0.0,0.0,0.0,1.2184696791468346e-07,0.0,0.0,0.0,1.2184696791468346e-07,-2.5384747982025146,0.37249302864074824,9.489358901977539,8.999999999999999e-08,0.0,0.0,0.0,8.999999999999999e-08,0.0,0.0,0.0,8.999999999999999e-08
1759811052815579360,168183,1759811052812731200,base_link,-0.02026426798431057,-0.13134927307491245,0.03198608627188775,-0.9906127839042915,1.0,0.0,0.0,0.0,1.0,0.0,0.0,0.0,1.0,-0.0011841346276924014,0.0021547155920416117,-0.0007854916620999577,1.2184696791468346e-07,0.0,0.0,0.0,1.2184696791468346e-07,0.0,0.0,0.0,1.2184696791468346e-07,-2.5269806385040283,0.3782650530338299,9.461270332336426,8.999999999999999e-08,0.0,0.0,0.0,8.999999999999999e-08,0.0,0.0,0.0,8.999999999999999e-08
1759811052823905152,168184,1759811052817731200,base_link,-0.020261106970672255,-0.13134255065257497,0.03196379058902551,-0.9906145119250805,1.0,0.0,0.0,0.0,1.0,0.0,0.0,0.0,1.0,-0.000807664473541081,0.0005184327601455155,0.00239266618154943,1.2184696791468346e-07,0.0,0.0,0.0,1.2184696791468346e-07,0.0,0.0,0.0,1.2184696791468346e-07,-2.5699517726898193,0.26908171176910517,9.460898399353027,8.999999999999999e-08,0.0,0.0,0.0,8.999999999999999e-08,0.0,0.0,0.0,8.999999999999999e-08
1759811052830791040,168185,1759811052822731200,base_link,-0.020264315399515145,-0.13134914136601086,0.03198010141939924,-0.9906130367853827,1.0,0.0,0.0,0.0,1.0,0.0,0.0,0.0,1.0,0.0012131049297749996,0.0026245997287333003,-0.005668176803737879,1.2184696791468346e-07,0.0,0.0,0.0,1.2184696791468346e-07,0.0,0.0,0.0,1.2184696791468346e-07,-2.590139150619507,0.23654617369175074,9.43152141571045,8.999999999999999e-08,0.0,0.0,0.0,8.999999999999999e-08,0.0,0.0,0.0,8.999999999999999e-08
1759811052835977952,168186,1759811052827731200,base_link,-0.020266301569751215,-0.13136172746864744,0.03200028975983594,-0.9906106344150175,1.0,0.0,0.0,0.0,1.0,0.0,0.0,0.0,1.0,0.0011175405234098434,0.003412753576412796,-0.005712381098419428,1.2184696791468346e-07,0.0,0.0,0.0,1.2184696791468346e-07,0.0,0.0,0.0,1.2184696791468346e-07,-2.521982431411743,0.3290570974349987,9.496735572814941,8.999999999999999e-08,0.0,0.0,0.0,8.999999999999999e-08,0.0,0.0,0.0,8.999999999999999e-08
1759811052838973120,168187,1759811052833731200,base_link,-0.02027562129162819,-0.13135869816391071,0.031981070796915,-0.9906114773519877,1.0,0.0,0.0,0.0,1.0,0.0,0.0,0.0,1.0,0.0027579364832490683,0.00014245870988816074,0.0042250193655490875,1.2184696791468346e-07,0.0,0.0,0.0,1.2184696791468346e-07,0.0,0.0,0.0,1.2184696791468346e-07,-2.516573667526245,0.38978073000908015,9.512890815734863,8.999999999999999e-08,0.0,0.0,0.0,8.999999999999999e-08,0.0,0.0,0.0,8.999999999999999e-08
1759811052847589632,168188,1759811052838731200,base_link,-0.020287343383870293,-0.13134885160642734,0.03196897465139232,-0.9906129524916856,1.0,0.0,0.0,0.0,1.0,0.0,0.0,0.0,1.0,0.004630320705473423,-0.0008679023012518878,0.0034582254011183977,1.2184696791468346e-07,0.0,0.0,0.0,1.2184696791468346e-07,0.0,0.0,0.0,1.2184696791468346e-07,-2.6036629676818848,0.23814682662487147,9.472490310668945,8.999999999999999e-08,0.0,0.0,0.0,8.999999999999999e-08,0.0,0.0,0.0,8.999999999999999e-08
1759811052852870528,168189,1759811052849731200,base_link,-0.020288012465090394,-0.13135832937898623,0.0319812815311575,-0.9906112666177452,1.0,0.0,0.0,0.0,1.0,0.0,0.0,0.0,1.0,-0.0002141153672710061,0.0008712211856618521,-0.0015224358066916466,1.2184696791468346e-07,0.0,0.0,0.0,1.2184696791468346e-07,0.0,0.0,0.0,1.2184696791468346e-07,-2.502925157546997,0.360966205596925,9.468055725097656,8.999999999999999e-08,0.0,0.0,0.0,8.999999999999999e-08,0.0,0.0,0.0,8.999999999999999e-08
1759811052859140896,168190,1759811052854731200,base_link,-0.02027605329682543,-0.13136434584161116,0.03197778334273114,-0.9906108030024116,1.0,0.0,0.0,0.0,1.0,0.0,0.0,0.0,1.0,-0.004324355162680149,0.002163400873541832,-0.0011474647326394918,1.2184696791468346e-07,0.0,0.0,0.0,1.2184696791468346e-07,0.0,0.0,0.0,1.2184696791468346e-07,-2.4946982860565186,0.38534742593765375,9.482949256896973,8.999999999999999e-08,0.0,0.0,0.0,8.999999999999999e-08,0.0,0.0,0.0,8.999999999999999e-08
1759811052864305632,168191,1759811052860728640,base_link,-0.02027090611295104,-0.13136938765836428,0.031964970700783836,-0.9906106344150175,1.0,0.0,0.0,0.0,1.0,0.0,0.0,0.0,1.0,-0.004299174062907696,0.002118665492162109,0.0023159955162554975,1.2184696791468346e-07,0.0,0.0,0.0,1.2184696791468346e-07,0.0,0.0,0.0,1.2184696791468346e-07,-2.556886672973633,0.32082912325859186,9.476581573486328,8.999999999999999e-08,0.0,0.0,0.0,8.999999999999999e-08,0.0,0.0,0.0,8.999999999999999e-08
1759811052872821280,168192,1759811052864728640,base_link,-0.020272476083058065,-0.1313758571996107,0.031966783015269756,-0.9906097493311988,1.0,0.0,0.0,0.0,1.0,0.0,0.0,0.0,1.0,0.00021582236513495445,0.002679740777239203,-0.002353118266910315,1.2184696791468346e-07,0.0,0.0,0.0,1.2184696791468346e-07,0.0,0.0,0.0,1.2184696791468346e-07,-2.6072208881378174,0.2136811017990124,9.444927215576172,8.999999999999999e-08,0.0,0.0,0.0,8.999999999999999e-08,0.0,0.0,0.0,8.999999999999999e-08
1759811052879739744,168193,1759811052875728640,base_link,-0.020276090175317882,-0.13137721643547517,0.03199329338298311,-0.990608611366289,1.0,0.0,0.0,0.0,1.0,0.0,0.0,0.0,1.0,0.0010162470862269402,0.0004307096824049945,-0.0040428657084703445,1.2184696791468346e-07,0.0,0.0,0.0,1.2184696791468346e-07,0.0,0.0,0.0,1.2184696791468346e-07,-2.5181150436401367,0.42726829648018,9.493162155151367,8.999999999999999e-08,0.0,0.0,0.0,8.999999999999999e-08,0.0,0.0,0.0,8.999999999999999e-08
1759811052886782848,168194,1759811052880728640,base_link,-0.020273208384550948,-0.13138162604950063,0.03197976424461111,-0.9906085692194405,1.0,0.0,0.0,0.0,1.0,0.0,0.0,0.0,1.0,-0.00195812014862895,0.000510862329974771,0.0038655016105622053,1.2184696791468346e-07,0.0,0.0,0.0,1.2184696791468346e-07,0.0,0.0,0.0,1.2184696791468346e-07,-2.577453374862671,0.287674129009248,9.474123001098633,8.999999999999999e-08,0.0,0.0,0.0,8.999999999999999e-08,0.0,0.0,0.0,8.999999999999999e-08
1759811052891838912,168195,1759811052886728640,base_link,-0.020266106640576854,-0.13137434518142038,0.03198060718158133,-0.9906095807438048,1.0,0.0,0.0,0.0,1.0,0.0,0.0,0.0,1.0,-0.00202515022829175,-0.001253962516784668,-0.0005279425531625747,1.2184696791468346e-07,0.0,0.0,0.0,1.2184696791468346e-07,0.0,0.0,0.0,1.2184696791468346e-07,-2.641695737838745,0.2291283011436474,9.447626113891602,8.999999999999999e-08,0.0,0.0,0.0,8.999999999999999e-08,0.0,0.0,0.0,8.999999999999999e-08
1759811052897060576,168196,1759811052891728640,base_link,-0.020268751355320924,-0.13136937185329609,0.031994094173104816,-0.9906097493311988,1.0,0.0,0.0,0.0,1.0,0.0,0.0,0.0,1.0,0.000772005645558238,-0.0018761118408292536,-0.004007632378488779,1.2184696791468346e-07,0.0,0.0,0.0,1.2184696791468346e-07,0.0,0.0,0.0,1.2184696791468346e-07,-2.566728115081787,0.2875932157039654,9.491907119750977,8.999999999999999e-08,0.0,0.0,0.0,8.999999999999999e-08,0.0,0.0,0.0,8.999999999999999e-08
1759811052903652416,168197,1759811052896728640,base_link,-0.020275710853681284,-0.13136054735688912,0.03199771880207676,-0.990610676561866,1.0,0.0,0.0,0.0,1.0,0.0,0.0,0.0,1.0,0.0020258300937712193,-0.0025364935863763094,-0.00028177187778055635,1.2184696791468346e-07,0.0,0.0,0.0,1.2184696791468346e-07,0.0,0.0,0.0,1.2184696791468346e-07,-2.503969192504883,0.44260570406913874,9.450728416442871,8.999999999999999e-08,0.0,0.0,0.0,8.999999999999999e-08,0.0,0.0,0.0,8.999999999999999e-08
1759811052909763712,168198,1759811052907728640,base_link,-0.02028663215580167,-0.13135460991960515,0.031984653279038384,-0.9906116880862302,1.0,0.0,0.0,0.0,1.0,0.0,0.0,0.0,1.0,0.0022192643955349922,-0.0018075243569910524,0.002575352089479566,1.2184696791468346e-07,0.0,0.0,0.0,1.2184696791468346e-07,0.0,0.0,0.0,1.2184696791468346e-07,-2.5454087257385254,0.3568586707115185,9.455852508544922,8.999999999999999e-08,0.0,0.0,0.0,8.999999999999999e-08,0.0,0.0,0.0,8.999999999999999e-08
1759811052919745216,168199,1759811052912728640,base_link,-0.020290119807515942,-0.13135350356483175,0.03200543167535428,-0.9906110558835026,1.0,0.0,0.0,0.0,1.0,0.0,0.0,0.0,1.0,0.0022146827541291714,-0.001263467827811838,-0.007637848146259785,1.2184696791468346e-07,0.0,0.0,0.0,1.2184696791468346e-07,0.0,0.0,0.0,1.2184696791468346e-07,-2.590862512588501,0.2642756402492535,9.472638130187988,8.999999999999999e-08,0.0,0.0,0.0,8.999999999999999e-08,0.0,0.0,0.0,8.999999999999999e-08
1759811052924963776,168200,1759811052917728640,base_link,-0.02029060976462988,-0.13134976830038245,0.03202625221851864,-0.9906108872961086,1.0,0.0,0.0,0.0,1.0,0.0,0.0,0.0,1.0,0.0012554991990327835,-0.0001822509802877906,-0.0023495880886912346,1.2184696791468346e-07,0.0,0.0,0.0,1.2184696791468346e-07,0.0,0.0,0.0,1.2184696791468346e-07,-2.4861512184143066,0.41632369160652277,9.460102081298828,8.999999999999999e-08,0.0,0.0,0.0,8.999999999999999e-08,0.0,0.0,0.0,8.999999999999999e-08
1759811052930994592,168201,1759811052923728640,base_link,-0.020298728301324287,-0.13135230237964918,0.032009056304326176,-0.9906109715898056,1.0,0.0,0.0,0.0,1.0,0.0,0.0,0.0,1.0,2.9174843803048134e-05,-0.00011959578841924628,0.0031768830958753824,1.2184696791468346e-07,0.0,0.0,0.0,1.2184696791468346e-07,0.0,0.0,0.0,1.2184696791468346e-07,-2.570598602294922,0.393506705760957,9.467488288879395,8.999999999999999e-08,0.0,0.0,0.0,8.999999999999999e-08,0.0,0.0,0.0,8.999999999999999e-08
1759811052938485312,168202,1759811052933728640,base_link,-0.02030462359175975,-0.13135619569478038,0.03202604148427608,-0.9906097493311987,1.0,0.0,0.0,0.0,1.0,0.0,0.0,0.0,1.0,0.002346738940104842,0.00124765804503113,-0.0025730475317686796,1.2184696791468346e-07,0.0,0.0,0.0,1.2184696791468346e-07,0.0,0.0,0.0,1.2184696791468346e-07,-2.5940933227539062,0.2747952044010174,9.47445011138916,8.999999999999999e-08,0.0,0.0,0.0,8.999999999999999e-08,0.0,0.0,0.0,8.999999999999999e-08
1759811052943525888,168203,1759811052939728640,base_link,-0.020299882071302282,-0.13135507880329483,0.03203012972858166,-0.9906098757717443,1.0,0.0,0.0,0.0,1.0,0.0,0.0,0.0,1.0,-0.0006629506242461503,0.0005415459163486955,-0.0021587847732007504,1.2184696791468346e-07,0.0,0.0,0.0,1.2184696791468346e-07,0.0,0.0,0.0,1.2184696791468346e-07,-2.502568244934082,0.3823117613792431,9.455233573913574,8.999999999999999e-08,0.0,0.0,0.0,8.999999999999999e-08,0.0,0.0,0.0,8.999999999999999e-08
1759811052951817504,168204,1759811052944728640,base_link,-0.020296452371504705,-0.13136137448879115,0.032000163319290405,-0.9906100865059868,1.0,0.0,0.0,0.0,1.0,0.0,0.0,0.0,1.0,-0.001684575341641903,0.0014913458144292242,0.0056333839893341064,1.2184696791468346e-07,0.0,0.0,0.0,1.2184696791468346e-07,0.0,0.0,0.0,1.2184696791468346e-07,-2.5340516567230225,0.36783620715141413,9.531181335449219,8.999999999999999e-08,0.0,0.0,0.0,8.999999999999999e-08,0.0,0.0,0.0,8.999999999999999e-08
1759811052958333120,168205,1759811052950728640,base_link,-0.02029232198035063,-0.13137068894231205,0.03199502140377206,-0.9906090749816227,1.0,0.0,0.0,0.0,1.0,0.0,0.0,0.0,1.0,-0.002341717015951872,0.004080144688487053,0.0021370954345911737,1.2184696791468346e-07,0.0,0.0,0.0,1.2184696791468346e-07,0.0,0.0,0.0,1.2184696791468346e-07,-2.599599599838257,0.2519705295562756,9.45492935180664,8.999999999999999e-08,0.0,0.0,0.0,8.999999999999999e-08,0.0,0.0,0.0,8.999999999999999e-08
1759811052962423296,168206,1759811052954728640,base_link,-0.020290488592440408,-0.13137684238219463,0.03201040500347855,-0.9906077684293187,1.0,0.0,0.0,0.0,1.0,0.0,0.0,0.0,1.0,-0.0009929956868290901,0.0007801012834534045,-0.003878964576870203,1.2184696791468346e-07,0.0,0.0,0.0,1.2184696791468346e-07,0.0,0.0,0.0,1.2184696791468346e-07,-2.590780258178711,0.20121982693672297,9.473796844482422,8.999999999999999e-08,0.0,0.0,0.0,8.999999999999999e-08,0.0,0.0,0.0,8.999999999999999e-08
1759811052971016608,168207,1759811052965723008,base_link,-0.020283529094080047,-0.13136090560510147,0.031998182417410384,-0.9906104658276235,1.0,0.0,0.0,0.0,1.0,0.0,0.0,0.0,1.0,-0.0018321966053918004,-0.002477535745128989,0.003110565943643451,1.2184696791468346e-07,0.0,0.0,0.0,1.2184696791468346e-07,0.0,0.0,0.0,1.2184696791468346e-07,-2.530763864517212,0.3962375223636639,9.48719596862793,8.999999999999999e-08,0.0,0.0,0.0,8.999999999999999e-08,0.0,0.0,0.0,8.999999999999999e-08
1759811052976677632,168208,1759811052970723008,base_link,-0.020278271274728317,-0.1313587982626759,0.031992113271224844,-0.9906110558835026,1.0,0.0,0.0,0.0,1.0,0.0,0.0,0.0,1.0,-0.002171172294765711,-0.0008916659280657764,0.0033887044992297888,1.2184696791468346e-07,0.0,0.0,0.0,1.2184696791468346e-07,0.0,0.0,0.0,1.2184696791468346e-07,-2.586028575897217,0.2703204452991497,9.48849868774414,8.999999999999999e-08,0.0,0.0,0.0,8.999999999999999e-08,0.0,0.0,0.0,8.999999999999999e-08
1759811052984936288,168209,1759811052975723008,base_link,-0.020285093795831016,-0.13136221742576137,0.03200968850705385,-0.9906099179185929,1.0,0.0,0.0,0.0,1.0,0.0,0.0,0.0,1.0,0.0026865217369049788,0.00017521437257528254,-0.0042543839663267136,1.2184696791468346e-07,0.0,0.0,0.0,1.2184696791468346e-07,0.0,0.0,0.0,1.2184696791468346e-07,-2.6200098991394043,0.23242364823818323,9.499086380004883,8.999999999999999e-08,0.0,0.0,0.0,8.999999999999999e-08,0.0,0.0,0.0,8.999999999999999e-08
1759811052993352032,168210,1759811052981723008,base_link,-0.020299576506650572,-0.131358060692827,0.03202085742190928,-0.9906097914780473,1.0,0.0,0.0,0.0,1.0,0.0,0.0,0.0,1.0,-0.0012193010188639164,8.233892731368524e-05,-0.0014691050164401531,1.2184696791468346e-07,0.0,0.0,0.0,1.2184696791468346e-07,0.0,0.0,0.0,1.2184696791468346e-07,-2.536562919616699,0.3898805677890789,9.41714096069336,8.999999999999999e-08,0.0,0.0,0.0,8.999999999999999e-08,0.0,0.0,0.0,8.999999999999999e-08
1759811052998216384,168211,1759811052991723008,base_link,-0.02027307667564935,-0.13136242289164785,0.03200134343104871,-0.9906103393870779,1.0,0.0,0.0,0.0,1.0,0.0,0.0,0.0,1.0,-0.004018539097160101,-0.00012005877215415199,0.0032965142745524645,1.2184696791468346e-07,0.0,0.0,0.0,1.2184696791468346e-07,0.0,0.0,0.0,1.2184696791468346e-07,-2.5518031120300293,0.255959600210191,9.441569328308105,8.999999999999999e-08,0.0,0.0,0.0,8.999999999999999e-08,0.0,0.0,0.0,8.999999999999999e-08
1759811053005033536,168212,1759811052997723008,base_link,-0.02027873489006194,-0.13135748117365995,0.032017527820876905,-0.990610423680775,1.0,0.0,0.0,0.0,1.0,0.0,0.0,0.0,1.0,0.0014504240825772285,-0.0010962460655719046,-0.0027576135471463203,1.2184696791468346e-07,0.0,0.0,0.0,1.2184696791468346e-07,0.0,0.0,0.0,1.2184696791468346e-07,-2.63778018951416,0.24983625113964197,9.46004581451416,8.999999999999999e-08,0.0,0.0,0.0,8.999999999999999e-08,0.0,0.0,0.0,8.999999999999999e-08
1759811053009892928,168213,1759811053002723008,base_link,-0.020292601203222026,-0.1313647936518766,0.03203097266555188,-0.990608695659986,1.0,0.0,0.0,0.0,1.0,0.0,0.0,0.0,1.0,0.0037902609910815954,0.0001715316902846096,-0.001653323881328106,1.2184696791468346e-07,0.0,0.0,0.0,1.2184696791468346e-07,0.0,0.0,0.0,1.2184696791468346e-07,-2.5589325428009033,0.33613905310630915,9.466358184814453,8.999999999999999e-08,0.0,0.0,0.0,8.999999999999999e-08,0.0,0.0,0.0,8.999999999999999e-08
1759811053017566592,168214,1759811053013723008,base_link,-0.02029015141765233,-0.1313672434374463,0.031998941060683586,-0.9906094543032592,1.0,0.0,0.0,0.0,1.0,0.0,0.0,0.0,1.0,-0.0013866941444575787,0.0018338380614295608,0.005289566703140736,1.2184696791468346e-07,0.0,0.0,0.0,1.2184696791468346e-07,0.0,0.0,0.0,1.2184696791468346e-07,-2.562593698501587,0.2788823246955883,9.440885543823242,8.999999999999999e-08,0.0,0.0,0.0,8.999999999999999e-08,0.0,0.0,0.0,8.999999999999999e-08
1759811053023659104,168215,1759811053018723008,base_link,-0.02028201707588972,-0.13136635835362756,0.03199076457207249,-0.9906099600654413,1.0,0.0,0.0,0.0,1.0,0.0,0.0,0.0,1.0,-0.003404086222872138,0.0012976214056834585,0.004740689881145954,1.2184696791468346e-07,0.0,0.0,0.0,1.2184696791468346e-07,0.0,0.0,0.0,1.2184696791468346e-07,-2.6090691089630127,0.24858237802982447,9.453392028808594,8.999999999999999e-08,0.0,0.0,0.0,8.999999999999999e-08,0.0,0.0,0.0,8.999999999999999e-08
1759811053031667392,168216,1759811053023723008,base_link,-0.020275610754916067,-0.13135961485786582,0.03200353506717129,-0.990610592268169,1.0,0.0,0.0,0.0,1.0,0.0,0.0,0.0,1.0,-0.002434331923723221,-0.0017746661324054007,-0.0028192885220050807,1.2184696791468346e-07,0.0,0.0,0.0,1.2184696791468346e-07,0.0,0.0,0.0,1.2184696791468346e-07,-2.570039987564087,0.3393474519252789,9.464242935180664,8.999999999999999e-08,0.0,0.0,0.0,8.999999999999999e-08,0.0,0.0,0.0,8.999999999999999e-08
1759811053036676704,168217,1759811053029723008,base_link,-0.020272839599626478,-0.13135905641212303,0.03199582219389376,-0.9906109715898056,1.0,0.0,0.0,0.0,1.0,0.0,0.0,0.0,1.0,-0.0022084666416049004,-0.0018089860677719116,0.000446553807705641,1.2184696791468346e-07,0.0,0.0,0.0,1.2184696791468346e-07,0.0,0.0,0.0,1.2184696791468346e-07,-2.4795641899108887,0.423864394426347,9.466029167175293,8.999999999999999e-08,0.0,0.0,0.0,8.999999999999999e-08,0.0,0.0,0.0,8.999999999999999e-08
1759811053040792064,168218,1759811053034723008,base_link,-0.02027498382054446,-0.13134596454730435,0.03198102865006648,-0.9906131210790796,1.0,0.0,0.0,0.0,1.0,0.0,0.0,0.0,1.0,-0.0009937436552718282,-0.002329517155885696,0.00488694105297327,1.2184696791468346e-07,0.0,0.0,0.0,1.2184696791468346e-07,0.0,0.0,0.0,1.2184696791468346e-07,-2.572119951248169,0.3148466348648083,9.432096481323242,8.999999999999999e-08,0.0,0.0,0.0,8.999999999999999e-08,0.0,0.0,0.0,8.999999999999999e-08
1759811053048923584,168219,1759811053044723008,base_link,-0.02027367199988457,-0.1313553580261662,0.03199329338298315,-0.9906115616456848,1.0,0.0,0.0,0.0,1.0,0.0,0.0,0.0,1.0,0.00015430711209774017,0.0011658658040687437,-0.0027209860272705555,1.2184696791468346e-07,0.0,0.0,0.0,1.2184696791468346e-07,0.0,0.0,0.0,1.2184696791468346e-07,-2.5432538986206055,0.27879872918129084,9.443207740783691,8.999999999999999e-08,0.0,0.0,0.0,8.999999999999999e-08,0.0,0.0,0.0,8.999999999999999e-08
1759811053056803584,168220,1759811053050723008,base_link,-0.020278155370894904,-0.13136386642120934,0.031986676327766916,-0.9906105079744719,1.0,0.0,0.0,0.0,1.0,0.0,0.0,0.0,1.0,0.0005544489249587059,0.0015879708807915451,0.0014663876499980686,1.2184696791468346e-07,0.0,0.0,0.0,1.2184696791468346e-07,0.0,0.0,0.0,1.2184696791468346e-07,-2.5015385150909424,0.4037896096706402,9.486316680908203,8.999999999999999e-08,0.0,0.0,0.0,8.999999999999999e-08,0.0,0.0,0.0,8.999999999999999e-08
1759811053066454464,168221,1759811053060721728,base_link,-0.020275447435878082,-0.13136720655895384,0.03198031215364175,-0.9906103815339264,1.0,0.0,0.0,0.0,1.0,0.0,0.0,0.0,1.0,-0.0005357079789973795,0.0011556348763406277,-9.89948166534306e-05,1.2184696791468346e-07,0.0,0.0,0.0,1.2184696791468346e-07,0.0,0.0,0.0,1.2184696791468346e-07,-2.607879638671875,0.21083433926105616,9.472420692443848,8.999999999999999e-08,0.0,0.0,0.0,8.999999999999999e-08,0.0,0.0,0.0,8.999999999999999e-08
1759811053070788736,168222,1759811053065721728,base_link,-0.020271627877731787,-0.13137409230032931,0.03199809812371337,-0.9906089485410771,1.0,0.0,0.0,0.0,1.0,0.0,0.0,0.0,1.0,-0.0012640283675864339,0.001226527267135679,-0.005173000507056713,1.2184696791468346e-07,0.0,0.0,0.0,1.2184696791468346e-07,0.0,0.0,0.0,1.2184696791468346e-07,-2.5839781761169434,0.30012324452400324,9.491551399230957,8.999999999999999e-08,0.0,0.0,0.0,8.999999999999999e-08,0.0,0.0,0.0,8.999999999999999e-08
1759811053080905248,168223,1759811053076721728,base_link,-0.020245728639321843,-0.13137485094360252,0.031987350677343096,-0.9906097493311987,1.0,0.0,0.0,0.0,1.0,0.0,0.0,0.0,1.0,-0.004868986085057259,0.0007604909478686752,0.0015106098726391792,1.2184696791468346e-07,0.0,0.0,0.0,1.2184696791468346e-07,0.0,0.0,0.0,1.2184696791468346e-07,-2.519350528717041,0.34210479259491083,9.456406593322754,8.999999999999999e-08,0.0,0.0,0.0,8.999999999999999e-08,0.0,0.0,0.0,8.999999999999999e-08
1759811053086758848,168224,1759811053081721728,base_link,-0.020235434271573056,-0.13139025561673323,0.03197517023812346,-0.9906082741915009,1.0,0.0,0.0,0.0,1.0,0.0,0.0,0.0,1.0,-0.004861897323280573,0.0037731318734586243,0.003837434342131018,1.2184696791468346e-07,0.0,0.0,0.0,1.2184696791468346e-07,0.0,0.0,0.0,1.2184696791468346e-07,-2.6511220932006836,0.2506179809570324,9.441082954406738,8.999999999999999e-08,0.0,0.0,0.0,8.999999999999999e-08,0.0,0.0,0.0,8.999999999999999e-08
1759811053091978048,168225,1759811053087721728,base_link,-0.02023165686027526,-0.13139128294616567,0.03198629700613033,-0.9906078527230158,1.0,0.0,0.0,0.0,1.0,0.0,0.0,0.0,1.0,-0.0012067026691511273,0.00217214017175138,-0.0017633343813940885,1.2184696791468346e-07,0.0,0.0,0.0,1.2184696791468346e-07,0.0,0.0,0.0,1.2184696791468346e-07,-2.601886034011841,0.2900980710983288,9.427445411682129,8.999999999999999e-08,0.0,0.0,0.0,8.999999999999999e-08,0.0,0.0,0.0,8.999999999999999e-08
1759811053100172992,168226,1759811053092721728,base_link,-0.020238532064938607,-0.13139771560891966,0.03200501020686913,-0.9906062511427723,1.0,0.0,0.0,0.0,1.0,0.0,0.0,0.0,1.0,0.0029930525925010443,0.0017466184217482803,-0.00215379917062819,1.2184696791468346e-07,0.0,0.0,0.0,1.2184696791468346e-07,0.0,0.0,0.0,1.2184696791468346e-07,-2.521570920944214,0.38446390628814814,9.486101150512695,8.999999999999999e-08,0.0,0.0,0.0,8.999999999999999e-08,0.0,0.0,0.0,8.999999999999999e-08
1759811053108849664,168227,1759811053097721728,base_link,-0.02024628708506461,-0.1314007291085882,0.03199312479558907,-0.9906060825553783,1.0,0.0,0.0,0.0,1.0,0.0,0.0,0.0,1.0,0.0019704382866621017,-0.0016102767549455164,0.0019825350027531385,1.2184696791468346e-07,0.0,0.0,0.0,1.2184696791468346e-07,0.0,0.0,0.0,1.2184696791468346e-07,-2.5175325870513916,0.38069450855255244,9.434931755065918,8.999999999999999e-08,0.0,0.0,0.0,8.999999999999999e-08,0.0,0.0,0.0,8.999999999999999e-08
1759811053112768288,168228,1759811053108721728,base_link,-0.020257856394980844,-0.131391309287946,0.032005431675354246,-0.9906067569049545,1.0,0.0,0.0,0.0,1.0,0.0,0.0,0.0,1.0,0.0018883517477661371,-0.0010203958954662087,-0.001475166296586394,1.2184696791468346e-07,0.0,0.0,0.0,1.2184696791468346e-07,0.0,0.0,0.0,1.2184696791468346e-07,-2.5964062213897705,0.25249087810516474,9.41435432434082,8.999999999999999e-08,0.0,0.0,0.0,8.999999999999999e-08,0.0,0.0,0.0,8.999999999999999e-08
1759811053122911840,168229,1759811053119721728,base_link,-0.020256418133775413,-0.13138451837697968,0.032009182744871724,-0.9906075576950762,1.0,0.0,0.0,0.0,1.0,0.0,0.0,0.0,1.0,-5.122274160385132e-05,-0.0010565428528934717,-0.0003174230223521589,1.2184696791468346e-07,0.0,0.0,0.0,1.2184696791468346e-07,0.0,0.0,0.0,1.2184696791468346e-07,-2.5110056400299072,0.37864765524864313,9.50163745880127,8.999999999999999e-08,0.0,0.0,0.0,8.999999999999999e-08,0.0,0.0,0.0,8.999999999999999e-08
1759811053132990688,168230,1759811053128721728,base_link,-0.02026345138912068,-0.13137976105145402,0.03198001712570218,-0.9906089906879256,1.0,0.0,0.0,0.0,1.0,0.0,0.0,0.0,1.0,-0.006112679839134216,0.00457489397376776,0.020135926082730293,1.2184696791468346e-07,0.0,0.0,0.0,1.2184696791468346e-07,0.0,0.0,0.0,1.2184696791468346e-07,-2.5294930934906006,0.3076381683349621,9.416571617126465,8.999999999999999e-08,0.0,0.0,0.0,8.999999999999999e-08,0.0,0.0,0.0,8.999999999999999e-08
1759811053139827904,168231,1759811053134721728,base_link,-0.020259473780292456,-0.13136428788969445,0.03184894042683331,-0.9906153127152022,1.0,0.0,0.0,0.0,1.0,0.0,0.0,0.0,1.0,-0.0060290200635790825,-0.005764340050518511,0.017686909064650536,1.2184696791468346e-07,0.0,0.0,0.0,1.2184696791468346e-07,0.0,0.0,0.0,1.2184696791468346e-07,-2.6583516597747803,-0.05456366389989736,9.501226425170898,8.999999999999999e-08,0.0,0.0,0.0,8.999999999999999e-08,0.0,0.0,0.0,8.999999999999999e-08
1759811053152015168,168232,1759811053145721728,base_link,-0.020308058559913387,-0.13136128492673807,0.031913720132994546,-0.990612657463746,1.0,0.0,0.0,0.0,1.0,0.0,0.0,0.0,1.0,0.004756014794111252,-0.0027103899046778696,-0.01462648343294859,1.2184696791468346e-07,0.0,0.0,0.0,1.2184696791468346e-07,0.0,0.0,0.0,1.2184696791468346e-07,-2.397265672683716,0.08559908717870837,10.148083686828613,8.999999999999999e-08,0.0,0.0,0.0,8.999999999999999e-08,0.0,0.0,0.0,8.999999999999999e-08
1759811053156742432,168233,1759811053150721728,base_link,-0.020220171844056046,-0.1313609582886621,0.03196303194575232,-0.9906129103448371,1.0,0.0,0.0,0.0,1.0,0.0,0.0,0.0,1.0,-0.006745845079421997,-0.007394248154014352,-0.018453681841492653,1.2184696791468346e-07,0.0,0.0,0.0,1.2184696791468346e-07,0.0,0.0,0.0,1.2184696791468346e-07,-2.4070658683776855,0.6742011308670055,9.199169158935547,8.999999999999999e-08,0.0,0.0,0.0,8.999999999999999e-08,0.0,0.0,0.0,8.999999999999999e-08
1759811053164096576,168234,1759811053159720448,base_link,-0.020258082934291603,-0.13136931390137938,0.03200998353499343,-0.9906094543032592,1.0,0.0,0.0,0.0,1.0,0.0,0.0,0.0,1.0,-0.002599043771624565,0.006568858399987218,-0.021128445863723755,1.2184696791468346e-07,0.0,0.0,0.0,1.2184696791468346e-07,0.0,0.0,0.0,1.2184696791468346e-07,-2.6376678943634033,0.3432571291923534,9.033507347106934,8.999999999999999e-08,0.0,0.0,0.0,8.999999999999999e-08,0.0,0.0,0.0,8.999999999999999e-08
1759811053170256992,168235,1759811053161720448,base_link,-0.020264810624985145,-0.13136353451477734,0.0320670925147257,-0.9906082320446524,1.0,0.0,0.0,0.0,1.0,0.0,0.0,0.0,1.0,-0.0027659302577376366,-0.021959213539958004,-0.01849856041371822,1.2184696791468346e-07,0.0,0.0,0.0,1.2184696791468346e-07,0.0,0.0,0.0,1.2184696791468346e-07,-2.8212454319000244,0.22177341580391055,10.241498947143555,8.999999999999999e-08,0.0,0.0,0.0,8.999999999999999e-08,0.0,0.0,0.0,8.999999999999999e-08
1759811053179535072,168236,1759811053166720448,base_link,-0.020145292699320385,-0.13124712491919024,0.03209077904358885,-0.9906253436651479,1.0,0.0,0.0,0.0,1.0,0.0,0.0,0.0,1.0,-0.0035815956071019173,-0.02068909630179405,0.017879132181406025,1.2184696791468346e-07,0.0,0.0,0.0,1.2184696791468346e-07,0.0,0.0,0.0,1.2184696791468346e-07,-2.813469171524048,0.2045109570026409,9.182416915893555,8.999999999999999e-08,0.0,0.0,0.0,8.999999999999999e-08,0.0,0.0,0.0,8.999999999999999e-08
1759811053185365216,168237,1759811053176720448,base_link,-0.0200871511217996,-0.13114701561726474,0.031813874248872255,-0.9906487773129199,1.0,0.0,0.0,0.0,1.0,0.0,0.0,0.0,1.0,-0.03371313586831093,-0.02468161098659038,0.0608549527823925,1.2184696791468346e-07,0.0,0.0,0.0,1.2184696791468346e-07,0.0,0.0,0.0,1.2184696791468346e-07,-2.261165142059326,0.3406853973865521,9.985931396484375,8.999999999999999e-08,0.0,0.0,0.0,8.999999999999999e-08,0.0,0.0,0.0,8.999999999999999e-08
1759811053192771648,168238,1759811053187720448,base_link,-0.020058712535766875,-0.1310013982556596,0.03173653478185476,-0.9906710729957822,1.0,0.0,0.0,0.0,1.0,0.0,0.0,0.0,1.0,-0.009300623089075089,-0.0290586706250906,-0.0038700657896697487,1.2184696791468346e-07,0.0,0.0,0.0,1.2184696791468346e-07,0.0,0.0,0.0,1.2184696791468346e-07,-3.2174642086029053,-0.29589891433715704,9.412211418151855,8.999999999999999e-08,0.0,0.0,0.0,8.999999999999999e-08,0.0,0.0,0.0,8.999999999999999e-08
1759811053200243776,168239,1759811053196720448,base_link,-0.019955526513900076,-0.13084920598568675,0.0320152940379058,-0.9906843071062146,1.0,0.0,0.0,0.0,1.0,0.0,0.0,0.0,1.0,-0.02632330358028412,-0.051151696592569365,-0.10347150266170502,1.2184696791468346e-07,0.0,0.0,0.0,1.2184696791468346e-07,0.0,0.0,0.0,1.2184696791468346e-07,-2.2151384353637695,0.33132398128509644,10.04528522491455,8.999999999999999e-08,0.0,0.0,0.0,8.999999999999999e-08,0.0,0.0,0.0,8.999999999999999e-08
1759811053206016672,168240,1759811053198720448,base_link,-0.019793840666300157,-0.13079592183245686,0.032244404306411026,-0.9906871730919132,1.0,0.0,0.0,0.0,1.0,0.0,0.0,0.0,1.0,-0.042161740362644196,-0.024790761992335326,-0.06071263924241066,1.2184696791468346e-07,0.0,0.0,0.0,1.2184696791468346e-07,0.0,0.0,0.0,1.2184696791468346e-07,-2.127025604248047,1.4504717588424694,9.03679084777832,8.999999999999999e-08,0.0,0.0,0.0,8.999999999999999e-08,0.0,0.0,0.0,8.999999999999999e-08
1759811053213809120,168241,1759811053209720448,base_link,-0.019529168994363872,-0.13062219252289495,0.0319621890087821,-0.9907244309059969,1.0,0.0,0.0,0.0,1.0,0.0,0.0,0.0,1.0,-0.06178702041506767,-0.03368574008345603,0.05058965459465981,1.2184696791468346e-07,0.0,0.0,0.0,1.2184696791468346e-07,0.0,0.0,0.0,1.2184696791468346e-07,-3.179655075073242,-0.41036072373390087,8.925286293029785,8.999999999999999e-08,0.0,0.0,0.0,8.999999999999999e-08,0.0,0.0,0.0,8.999999999999999e-08
1759811053226054496,168242,1759811053219720448,base_link,-0.019326516410011367,-0.13036631900558532,0.03170639978516946,-0.9907703288240253,1.0,0.0,0.0,0.0,1.0,0.0,0.0,0.0,1.0,-0.05144203454256058,-0.04798904061317443,0.050031248480081565,1.2184696791468346e-07,0.0,0.0,0.0,1.2184696791468346e-07,0.0,0.0,0.0,1.2184696791468346e-07,-3.118454933166504,-0.4372457563877094,9.642074584960938,8.999999999999999e-08,0.0,0.0,0.0,8.999999999999999e-08,0.0,0.0,0.0,8.999999999999999e-08
1759811053229986496,168243,1759811053224720448,base_link,-0.019224615867024158,-0.13012646129070982,0.031561372479443475,-0.9908084717219277,1.0,0.0,0.0,0.0,1.0,0.0,0.0,0.0,1.0,-0.05693124607205391,-0.07582875341176987,0.05087344720959664,1.2184696791468346e-07,0.0,0.0,0.0,1.2184696791468346e-07,0.0,0.0,0.0,1.2184696791468346e-07,-2.285874605178833,0.9257474541664135,9.27614688873291,8.999999999999999e-08,0.0,0.0,0.0,8.999999999999999e-08,0.0,0.0,0.0,8.999999999999999e-08
1759811053239825056,168244,1759811053235720448,base_link,-0.018809664338366217,-0.12979397007116344,0.03165590786065342,-0.9908570670382607,1.0,0.0,0.0,0.0,1.0,0.0,0.0,0.0,1.0,-0.07086657732725143,-0.07452023774385452,-0.02357681654393672,1.2184696791468346e-07,0.0,0.0,0.0,1.2184696791468346e-07,0.0,0.0,0.0,1.2184696791468346e-07,-2.855490207672119,-0.04243913292884713,9.315997123718262,8.999999999999999e-08,0.0,0.0,0.0,8.999999999999999e-08,0.0,0.0,0.0,8.999999999999999e-08
1759811053246866176,168245,1759811053240720448,base_link,-0.018663715070329046,-0.12962116272391272,0.03194187422779985,-0.9908732935749374,1.0,0.0,0.0,0.0,1.0,0.0,0.0,0.0,1.0,-0.05626668035984039,-0.0696161985397339,-0.1021929085254669,1.2184696791468346e-07,0.0,0.0,0.0,1.2184696791468346e-07,0.0,0.0,0.0,1.2184696791468346e-07,-2.6716361045837402,-0.47706216573715093,9.434587478637695,8.999999999999999e-08,0.0,0.0,0.0,8.999999999999999e-08,0.0,0.0,0.0,8.999999999999999e-08
1759811053252059648,168246,1759811053245720448,base_link,-0.018468011447624777,-0.12948331618750178,0.0321065841117804,-0.9908896465521596,1.0,0.0,0.0,0.0,1.0,0.0,0.0,0.0,1.0,-0.044689591974020004,-0.06454753130674364,-0.06892625242471694,1.2184696791468346e-07,0.0,0.0,0.0,1.2184696791468346e-07,0.0,0.0,0.0,1.2184696791468346e-07,-2.2305524349212646,0.35530900955200306,9.2809419631958,8.999999999999999e-08,0.0,0.0,0.0,8.999999999999999e-08,0.0,0.0,0.0,8.999999999999999e-08
1759811053259357344,168247,1759811053251720448,base_link,-0.018324859676657528,-0.12934549599287115,0.03210776422353873,-0.990910214214233,1.0,0.0,0.0,0.0,1.0,0.0,0.0,0.0,1.0,-0.05978782847523689,-0.040115468204021454,-0.013922371901571745,1.2184696791468346e-07,0.0,0.0,0.0,1.2184696791468346e-07,0.0,0.0,0.0,1.2184696791468346e-07,-2.501316785812378,0.5562829971313488,9.3870267868042,8.999999999999999e-08,0.0,0.0,0.0,8.999999999999999e-08,0.0,0.0,0.0,8.999999999999999e-08
1759811053267929152,168248,1759811053256719680,base_link,-0.01821225383414854,-0.12912901924220707,0.031924425432516314,-0.9909464605039523,1.0,0.0,0.0,0.0,1.0,0.0,0.0,0.0,1.0,-0.034052539616823196,-0.08838027715682982,0.06443481147289278,1.2184696791468346e-07,0.0,0.0,0.0,1.2184696791468346e-07,0.0,0.0,0.0,1.2184696791468346e-07,-3.098989963531494,0.6567192673683179,10.092161178588867,8.999999999999999e-08,0.0,0.0,0.0,8.999999999999999e-08,0.0,0.0,0.0,8.999999999999999e-08
1759811053270907456,168249,1759811053266719680,base_link,-0.018009532761167207,-0.12860424356304187,0.03162012518626769,-0.9910282253900635,1.0,0.0,0.0,0.0,1.0,0.0,0.0,0.0,1.0,-0.04827580973505974,-0.10291597992181777,0.0619187392294407,1.2184696791468346e-07,0.0,0.0,0.0,1.2184696791468346e-07,0.0,0.0,0.0,1.2184696791468346e-07,-2.5301496982574463,-0.4338372945785512,8.714062690734863,8.999999999999999e-08,0.0,0.0,0.0,8.999999999999999e-08,0.0,0.0,0.0,8.999999999999999e-08
1759811053276774464,168250,1759811053272719680,base_link,-0.017684886123799922,-0.1286163080984281,0.03164494968004058,-0.9910316392847929,1.0,0.0,0.0,0.0,1.0,0.0,0.0,0.0,1.0,-0.08159997314214706,-0.05869545042514801,0.00836361479014159,1.2184696791468346e-07,0.0,0.0,0.0,1.2184696791468346e-07,0.0,0.0,0.0,1.2184696791468346e-07,-2.266709566116333,0.6405537128448499,9.519558906555176,8.999999999999999e-08,0.0,0.0,0.0,8.999999999999999e-08,0.0,0.0,0.0,8.999999999999999e-08
1759811053282767456,168251,1759811053277719680,base_link,-0.017639620408499222,-0.12825202235003633,0.03158935798685474,-0.9910814147128842,1.0,0.0,0.0,0.0,1.0,0.0,0.0,0.0,1.0,-0.060279738157987595,-0.08937577158212662,-0.0010112418094649803,1.2184696791468346e-07,0.0,0.0,0.0,1.2184696791468346e-07,0.0,0.0,0.0,1.2184696791468346e-07,-2.6083502769470215,0.3890314102172862,8.83700180053711,8.999999999999999e-08,0.0,0.0,0.0,8.999999999999999e-08,0.0,0.0,0.0,8.999999999999999e-08
1759811053292737248,168252,1759811053288719680,base_link,-0.017229816063715674,-0.12800535791912632,0.03228996504965131,-0.991097978424349,1.0,0.0,0.0,0.0,1.0,0.0,0.0,0.0,1.0,-0.03483240306377411,-0.06375476717948915,-0.14085876941680908,1.2184696791468346e-07,0.0,0.0,0.0,1.2184696791468346e-07,0.0,0.0,0.0,1.2184696791468346e-07,-2.5312814712524414,-0.43851739168167003,9.23617935180664,8.999999999999999e-08,0.0,0.0,0.0,8.999999999999999e-08,0.0,0.0,0.0,8.999999999999999e-08
1759811053303053056,168253,1759811053293719680,base_link,-0.017163735073606644,-0.12769421407835072,0.03232734930428046,-0.9911380600772829,1.0,0.0,0.0,0.0,1.0,0.0,0.0,0.0,1.0,-0.0213448628783226,-0.08173714578151703,-0.045392446219921105,1.2184696791468346e-07,0.0,0.0,0.0,1.2184696791468346e-07,0.0,0.0,0.0,1.2184696791468346e-07,-2.273069143295288,1.7509268522262584,9.573979377746582,8.999999999999999e-08,0.0,0.0,0.0,8.999999999999999e-08,0.0,0.0,0.0,8.999999999999999e-08
1759811053310295456,168254,1759811053303719680,base_link,-0.01688012892997685,-0.1273560383026114,0.03210595190905275,-0.9911936517704687,1.0,0.0,0.0,0.0,1.0,0.0,0.0,0.0,1.0,-0.052858978509902954,-0.07737461477518082,0.03248395025730134,1.2184696791468346e-07,0.0,0.0,0.0,1.2184696791468346e-07,0.0,0.0,0.0,1.2184696791468346e-07,-2.9729526042938232,-0.8663981556892383,9.739582061767578,8.999999999999999e-08,0.0,0.0,0.0,8.999999999999999e-08,0.0,0.0,0.0,8.999999999999999e-08
1759811053314911776,168255,1759811053309719680,base_link,-0.016605357819466128,-0.12712816609778121,0.03202983470064208,-0.991229982353885,1.0,0.0,0.0,0.0,1.0,0.0,0.0,0.0,1.0,-0.06254830956459045,-0.0986204743385315,0.026685381308197986,1.2184696791468346e-07,0.0,0.0,0.0,1.2184696791468346e-07,0.0,0.0,0.0,1.2184696791468346e-07,-2.333268880844116,0.5194558501243602,9.300100326538086,8.999999999999999e-08,0.0,0.0,0.0,8.999999999999999e-08,0.0,0.0,0.0,8.999999999999999e-08
1759811053321955232,168256,1759811053314719680,base_link,-0.016567631121692825,-0.12699913878942118,0.03190680804983877,-0.991251097924989,1.0,0.0,0.0,0.0,1.0,0.0,0.0,0.0,1.0,-0.07139770686626434,-0.08108345419168472,0.025305116549134265,1.2184696791468346e-07,0.0,0.0,0.0,1.2184696791468346e-07,0.0,0.0,0.0,1.2184696791468346e-07,-2.40916109085083,1.10194492340088,9.266559600830078,8.999999999999999e-08,0.0,0.0,0.0,8.999999999999999e-08,0.0,0.0,0.0,8.999999999999999e-08
1759811053327813248,168257,1759811053319719680,base_link,-0.01622223242978998,-0.1266713258700595,0.03189989596668299,-0.9912989767448974,1.0,0.0,0.0,0.0,1.0,0.0,0.0,0.0,1.0,-0.08446159958839417,-0.10167843848466873,-0.0022672545164823406,1.2184696791468346e-07,0.0,0.0,0.0,1.2184696791468346e-07,0.0,0.0,0.0,1.2184696791468346e-07,-2.384716033935547,0.2705757915973676,10.254373550415039,8.999999999999999e-08,0.0,0.0,0.0,8.999999999999999e-08,0.0,0.0,0.0,8.999999999999999e-08
1759811053336831904,168258,1759811053330719680,base_link,-0.015902927905471455,-0.12622515933172318,0.032151807680232604,-0.9913529668578399,1.0,0.0,0.0,0.0,1.0,0.0,0.0,0.0,1.0,-0.04895172268152237,-0.10266739130020143,-0.10177674144506453,1.2184696791468346e-07,0.0,0.0,0.0,1.2184696791468346e-07,0.0,0.0,0.0,1.2184696791468346e-07,-3.2645039558410645,-0.48168981075286743,9.794469833374023,8.999999999999999e-08,0.0,0.0,0.0,8.999999999999999e-08,0.0,0.0,0.0,8.999999999999999e-08
1759811053345108896,168259,1759811053336719680,base_link,-0.01564586373969138,-0.1259445245409134,0.03257243322837133,-0.9913790136102196,1.0,0.0,0.0,0.0,1.0,0.0,0.0,0.0,1.0,-0.08154364675283432,-0.10403631627559663,-0.13214391469955444,1.2184696791468346e-07,0.0,0.0,0.0,1.2184696791468346e-07,0.0,0.0,0.0,1.2184696791468346e-07,-2.4248147010803223,0.18232907354831815,9.762487411499023,8.999999999999999e-08,0.0,0.0,0.0,8.999999999999999e-08,0.0,0.0,0.0,8.999999999999999e-08
1759811053350795520,168260,1759811053346719680,base_link,-0.015284712663157595,-0.1252878819094697,0.03240199137299328,-0.991473422550884,1.0,0.0,0.0,0.0,1.0,0.0,0.0,0.0,1.0,-0.05705149099230766,-0.12511739134788513,0.02050896361470224,1.2184696791468346e-07,0.0,0.0,0.0,1.2184696791468346e-07,0.0,0.0,0.0,1.2184696791468346e-07,-3.104970693588257,-0.16518205404281494,9.956180572509766,8.999999999999999e-08,0.0,0.0,0.0,8.999999999999999e-08,0.0,0.0,0.0,8.999999999999999e-08
1759811053358765440,168261,1759811053355719680,base_link,-0.014932048908242686,-0.12476154152855355,0.032306613054813124,-0.9915483175006878,1.0,0.0,0.0,0.0,1.0,0.0,0.0,0.0,1.0,-0.10664302110671997,-0.16278015077114105,0.05296337604522707,1.2184696791468346e-07,0.0,0.0,0.0,1.2184696791468346e-07,0.0,0.0,0.0,1.2184696791468346e-07,-3.119925022125244,0.49329453706741455,10.01025104522705,8.999999999999999e-08,0.0,0.0,0.0,8.999999999999999e-08,0.0,0.0,0.0,8.999999999999999e-08
1759811053366803776,168262,1759811053362719936,base_link,-0.014445832327108877,-0.12393654857908919,0.031875240060304094,-0.9916728614380376,1.0,0.0,0.0,0.0,1.0,0.0,0.0,0.0,1.0,-0.11076248437166214,-0.17062132060527802,0.06607539951801303,1.2184696791468346e-07,0.0,0.0,0.0,1.2184696791468346e-07,0.0,0.0,0.0,1.2184696791468346e-07,-2.344970941543579,0.5266844034194959,9.599051475524902,8.999999999999999e-08,0.0,0.0,0.0,8.999999999999999e-08,0.0,0.0,0.0,8.999999999999999e-08
1759811053377187584,168263,1759811053372719936,base_link,-0.013473699461136914,-0.12291667387046651,0.03193605796270534,-0.991811566716487,1.0,0.0,0.0,0.0,1.0,0.0,0.0,0.0,1.0,-0.16304662823677063,-0.19703595340251923,-0.02733712457120416,1.2184696791468346e-07,0.0,0.0,0.0,1.2184696791468346e-07,0.0,0.0,0.0,1.2184696791468346e-07,-3.510183334350586,0.6030745506286632,9.395874977111816,8.999999999999999e-08,0.0,0.0,0.0,8.999999999999999e-08,0.0,0.0,0.0,8.999999999999999e-08
1759811053386439520,168264,1759811053378719936,base_link,-0.012987714687669929,-0.12222870032551106,0.03228642471437641,-0.9918916878755062,1.0,0.0,0.0,0.0,1.0,0.0,0.0,0.0,1.0,-0.16216841340065002,-0.24873097240924838,-0.11835066974163053,1.2184696791468346e-07,0.0,0.0,0.0,1.2184696791468346e-07,0.0,0.0,0.0,1.2184696791468346e-07,-3.6176271438598633,-0.2776917219161976,9.194125175476074,8.999999999999999e-08,0.0,0.0,0.0,8.999999999999999e-08,0.0,0.0,0.0,8.999999999999999e-08
1759811053388807904,168265,1759811053383719936,base_link,-0.012540183645113067,-0.12156999249849035,0.03271311940870071,-0.9919644333360359,1.0,0.0,0.0,0.0,1.0,0.0,0.0,0.0,1.0,-0.18377918004989624,-0.28855276107788086,-0.1530734300613403,1.2184696791468346e-07,0.0,0.0,0.0,1.2184696791468346e-07,0.0,0.0,0.0,1.2184696791468346e-07,-3.32600474357605,0.41211944818496826,9.989298820495605,8.999999999999999e-08,0.0,0.0,0.0,8.999999999999999e-08,0.0,0.0,0.0,8.999999999999999e-08
1759811053397829344,168266,1759811053393719936,base_link,-0.011198249061950459,-0.11981171027231287,0.032631691697377646,-0.9921970839398161,1.0,0.0,0.0,0.0,1.0,0.0,0.0,0.0,1.0,-0.22416476905345917,-0.3364045023918152,-0.019815506413578945,1.2184696791468346e-07,0.0,0.0,0.0,1.2184696791468346e-07,0.0,0.0,0.0,1.2184696791468346e-07,-2.4944584369659424,0.7705675959587108,9.263651847839355,8.999999999999999e-08,0.0,0.0,0.0,8.999999999999999e-08,0.0,0.0,0.0,8.999999999999999e-08
1759811053404763008,168267,1759811053399719936,base_link,-0.010626948530385278,-0.11880684511011615,0.03220141452092996,-0.992338233735479,1.0,0.0,0.0,0.0,1.0,0.0,0.0,0.0,1.0,-0.24154114723205566,-0.3721450865268707,0.11463632434606556,1.2184696791468346e-07,0.0,0.0,0.0,1.2184696791468346e-07,0.0,0.0,0.0,1.2184696791468346e-07,-2.9290859699249268,1.3233724832534803,10.370579719543457,8.999999999999999e-08,0.0,0.0,0.0,8.999999999999999e-08,0.0,0.0,0.0,8.999999999999999e-08
1759811053413746560,168268,1759811053409719936,base_link,-0.009182128221651523,-0.11680525439584133,0.031729159083365356,-0.9926054869018867,1.0,0.0,0.0,0.0,1.0,0.0,0.0,0.0,1.0,-0.276824414730072,-0.3914521336555481,0.06446817517280583,1.2184696791468346e-07,0.0,0.0,0.0,1.2184696791468346e-07,0.0,0.0,0.0,1.2184696791468346e-07,-2.6234772205352783,0.7565529346466077,9.622941017150879,8.999999999999999e-08,0.0,0.0,0.0,8.999999999999999e-08,0.0,0.0,0.0,8.999999999999999e-08
1759811053425861216,168269,1759811053420719936,base_link,-0.00738745219178488,-0.11469992448231303,0.03198187158703668,-0.9928577779370729,1.0,0.0,0.0,0.0,1.0,0.0,0.0,0.0,1.0,-0.3090217709541321,-0.4034515917301178,-0.08978276699781412,1.2184696791468346e-07,0.0,0.0,0.0,1.2184696791468346e-07,0.0,0.0,0.0,1.2184696791468346e-07,-1.9063113927841187,0.12823860347271082,9.542545318603516,8.999999999999999e-08,0.0,0.0,0.0,8.999999999999999e-08,0.0,0.0,0.0,8.999999999999999e-08
1759811053435710944,168270,1759811053430719936,base_link,-0.005408626044062024,-0.11211955743921843,0.03310550656833709,-0.9931284449982098,1.0,0.0,0.0,0.0,1.0,0.0,0.0,0.0,1.0,-0.33988481760025024,-0.5103574991226196,-0.24966834485530848,1.2184696791468346e-07,0.0,0.0,0.0,1.2184696791468346e-07,0.0,0.0,0.0,1.2184696791468346e-07,-2.6742799282073975,0.0518348962068569,9.167439460754395,8.999999999999999e-08,0.0,0.0,0.0,8.999999999999999e-08,0.0,0.0,0.0,8.999999999999999e-08
1759811053441923264,168271,1759811053436719936,base_link,-0.004411147117066825,-0.11079140487551889,0.033487525603239844,-0.9932695526470243,1.0,0.0,0.0,0.0,1.0,0.0,0.0,0.0,1.0,-0.3518845736980438,-0.5524356961250305,-0.1373212188482284,1.2184696791468346e-07,0.0,0.0,0.0,1.2184696791468346e-07,0.0,0.0,0.0,1.2184696791468346e-07,-3.243664026260376,0.8599199056625377,9.221534729003906,8.999999999999999e-08,0.0,0.0,0.0,8.999999999999999e-08,0.0,0.0,0.0,8.999999999999999e-08
1759811053447852224,168272,1759811053441719936,base_link,-0.0034391196182161376,-0.1091899563410065,0.03352693290659753,-0.9934493932496202,1.0,0.0,0.0,0.0,1.0,0.0,0.0,0.0,1.0,-0.38472044467926025,-0.5869070291519165,-0.014571092091500688,1.2184696791468346e-07,0.0,0.0,0.0,1.2184696791468346e-07,0.0,0.0,0.0,1.2184696791468346e-07,-2.357485294342041,0.8654106855392468,10.367853164672852,8.999999999999999e-08,0.0,0.0,0.0,8.999999999999999e-08,0.0,0.0,0.0,8.999999999999999e-08
1759811053461438112,168273,1759811053452719936,base_link,-0.0011180136453802433,-0.10608184226592669,0.03249909771196237,-0.99382555387258,1.0,0.0,0.0,0.0,1.0,0.0,0.0,0.0,1.0,-0.4302024841308594,-0.6198787093162537,0.1668197214603425,1.2184696791468346e-07,0.0,0.0,0.0,1.2184696791468346e-07,0.0,0.0,0.0,1.2184696791468346e-07,-2.012110471725464,0.41455107927322504,9.681175231933594,8.999999999999999e-08,0.0,0.0,0.0,8.999999999999999e-08,0.0,0.0,0.0,8.999999999999999e-08
1759811053464472288,168274,1759811053457719936,base_link,0.0002455053925760079,-0.10480415528496287,0.03209828118262376,-0.9939747537163085,1.0,0.0,0.0,0.0,1.0,0.0,0.0,0.0,1.0,-0.4830508232116699,-0.5741102695465088,0.13328395783901223,1.2184696791468346e-07,0.0,0.0,0.0,1.2184696791468346e-07,0.0,0.0,0.0,1.2184696791468346e-07,-2.2052009105682373,-0.13263103365898019,9.35384464263916,8.999999999999999e-08,0.0,0.0,0.0,8.999999999999999e-08,0.0,0.0,0.0,8.999999999999999e-08
1759811053465144768,168275,1759811053462723008,base_link,0.0013269145000245892,-0.1030826830626036,0.03212799471082397,-0.9941529084449642,1.0,0.0,0.0,0.0,1.0,0.0,0.0,0.0,1.0,-0.44464194774627686,-0.6158145070075989,0.034922648221254425,1.2184696791468346e-07,0.0,0.0,0.0,1.2184696791468346e-07,0.0,0.0,0.0,1.2184696791468346e-07,-2.2052009105682373,-0.13263103365898019,9.35384464263916,8.999999999999999e-08,0.0,0.0,0.0,8.999999999999999e-08,0.0,0.0,0.0,8.999999999999999e-08
1759811053471935168,168276,1759811053468723008,base_link,0.0027457196665150096,-0.10166395165309808,0.03240936707148267,-0.9942869354232288,1.0,0.0,0.0,0.0,1.0,0.0,0.0,0.0,1.0,-0.44965860247612,-0.5976935029029846,-0.1351333409547805,1.2184696791468346e-07,0.0,0.0,0.0,1.2184696791468346e-07,0.0,0.0,0.0,1.2184696791468346e-07,-2.606968641281128,-0.18772625923156627,9.161225318908691,8.999999999999999e-08,0.0,0.0,0.0,8.999999999999999e-08,0.0,0.0,0.0,8.999999999999999e-08
1759811053478807840,168277,1759811053473723008,base_link,0.003837412605000248,-0.10004097661570877,0.03297232252704267,-0.9944294339180441,1.0,0.0,0.0,0.0,1.0,0.0,0.0,0.0,1.0,-0.47768598794937134,-0.5790401697158813,-0.31307739019393915,1.2184696791468346e-07,0.0,0.0,0.0,1.2184696791468346e-07,0.0,0.0,0.0,1.2184696791468346e-07,-2.2774055004119873,-1.0373039245605458,8.713249206542969,8.999999999999999e-08,0.0,0.0,0.0,8.999999999999999e-08,0.0,0.0,0.0,8.999999999999999e-08
1759811053485247264,168278,1759811053478723008,base_link,0.0052259194557674,-0.09860424323353302,0.03378478732578717,-0.994539395045809,1.0,0.0,0.0,0.0,1.0,0.0,0.0,0.0,1.0,-0.4382614493370056,-0.6162152290344238,-0.28410550951957697,1.2184696791468346e-07,0.0,0.0,0.0,1.2184696791468346e-07,0.0,0.0,0.0,1.2184696791468346e-07,-2.0916855335235596,0.5136430263519299,9.970115661621094,8.999999999999999e-08,0.0,0.0,0.0,8.999999999999999e-08,0.0,0.0,0.0,8.999999999999999e-08
1759811053492777728,168279,1759811053489723008,base_link,0.007893851844999435,-0.09541317362387164,0.034065021721536144,-0.9948234226579239,1.0,0.0,0.0,0.0,1.0,0.0,0.0,0.0,1.0,-0.4831598103046417,-0.6039609909057617,-0.12296620011329644,1.2184696791468346e-07,0.0,0.0,0.0,1.2184696791468346e-07,0.0,0.0,0.0,1.2184696791468346e-07,-1.7143902778625488,0.7326551079750073,9.62138843536377,8.999999999999999e-08,0.0,0.0,0.0,8.999999999999999e-08,0.0,0.0,0.0,8.999999999999999e-08
1759811053508118560,168280,1759811053499723008,base_link,0.010444492189003687,-0.09213125384806699,0.03293089217495647,-0.9951474054824272,1.0,0.0,0.0,0.0,1.0,0.0,0.0,0.0,1.0,-0.4783366322517395,-0.6370214223861694,0.19822522997856148,1.2184696791468346e-07,0.0,0.0,0.0,1.2184696791468346e-07,0.0,0.0,0.0,1.2184696791468346e-07,-1.5558383464813232,0.6223034858703625,10.186935424804688,8.999999999999999e-08,0.0,0.0,0.0,8.999999999999999e-08,0.0,0.0,0.0,8.999999999999999e-08
1759811053512077888,168281,1759811053504723008,base_link,0.011946784994038125,-0.09059208255058553,0.032257132654661354,-0.995293907927851,1.0,0.0,0.0,0.0,1.0,0.0,0.0,0.0,1.0,-0.5021727681159973,-0.6120942831039429,0.18658496439456948,1.2184696791468346e-07,0.0,0.0,0.0,1.2184696791468346e-07,0.0,0.0,0.0,1.2184696791468346e-07,-1.563737154006958,-0.023110268637536846,9.069311141967773,8.999999999999999e-08,0.0,0.0,0.0,8.999999999999999e-08,0.0,0.0,0.0,8.999999999999999e-08
1759811053516264000,168282,1759811053510723008,base_link,0.013178473958208363,-0.0890455144811904,0.031796636187831295,-0.9954327396468459,1.0,0.0,0.0,0.0,1.0,0.0,0.0,0.0,1.0,-0.5178512930870056,-0.6084739565849304,0.12445963174104697,1.2184696791468346e-07,0.0,0.0,0.0,1.2184696791468346e-07,0.0,0.0,0.0,1.2184696791468346e-07,-1.5427887439727783,-0.04251884296536327,9.67641830444336,8.999999999999999e-08,0.0,0.0,0.0,8.999999999999999e-08,0.0,0.0,0.0,8.999999999999999e-08
1759811053522253088,168283,1759811053515723008,base_link,0.014535033497804254,-0.08747725132152429,0.03165080809198359,-0.9955574943184382,1.0,0.0,0.0,0.0,1.0,0.0,0.0,0.0,1.0,-0.4951981008052826,-0.6049270629882812,0.004562225192785337,1.2184696791468346e-07,0.0,0.0,0.0,1.2184696791468346e-07,0.0,0.0,0.0,1.2184696791468346e-07,-1.8389242887496948,-1.089915394783019,9.447452545166016,8.999999999999999e-08,0.0,0.0,0.0,8.999999999999999e-08,0.0,0.0,0.0,8.999999999999999e-08
1759811053530867392,168284,1759811053526723008,base_link,0.01735000833895671,-0.08446121493955062,0.03276871110188658,-0.9957367027183065,1.0,0.0,0.0,0.0,1.0,0.0,0.0,0.0,1.0,-0.4727209210395813,-0.5809181928634644,-0.2791603207588195,1.2184696791468346e-07,0.0,0.0,0.0,1.2184696791468346e-07,0.0,0.0,0.0,1.2184696791468346e-07,-1.7115161418914795,-0.5043619871139514,9.633158683776855,8.999999999999999e-08,0.0,0.0,0.0,8.999999999999999e-08,0.0,0.0,0.0,8.999999999999999e-08
1759811053538777248,168285,1759811053531723008,base_link,0.018666233344527678,-0.08295361163160381,0.0335762025725068,-0.9958126934861716,1.0,0.0,0.0,0.0,1.0,0.0,0.0,0.0,1.0,-0.4771541655063629,-0.563874363899231,-0.35169154405593867,1.2184696791468346e-07,0.0,0.0,0.0,1.2184696791468346e-07,0.0,0.0,0.0,1.2184696791468346e-07,-0.9186683893203735,-0.640747547149657,10.181497573852539,8.999999999999999e-08,0.0,0.0,0.0,8.999999999999999e-08,0.0,0.0,0.0,8.999999999999999e-08
1759811053542904320,168286,1759811053536723008,base_link,0.02002417582759033,-0.08172695658165259,0.03406822488202296,-0.9958710247245107,1.0,0.0,0.0,0.0,1.0,0.0,0.0,0.0,1.0,-0.456978976726532,-0.49572366476058966,-0.24371860921382899,1.2184696791468346e-07,0.0,0.0,0.0,1.2184696791468346e-07,0.0,0.0,0.0,1.2184696791468346e-07,-0.40290042757987976,0.24597966670990096,8.664735794067383,8.999999999999999e-08,0.0,0.0,0.0,8.999999999999999e-08,0.0,0.0,0.0,8.999999999999999e-08
1759811053548787200,168287,1759811053542723008,base_link,0.021250111746938832,-0.08042168975669446,0.03398637570221482,-0.9959547283656534,1.0,0.0,0.0,0.0,1.0,0.0,0.0,0.0,1.0,-0.44673803448677063,-0.48754578828811646,0.035636529326438966,1.2184696791468346e-07,0.0,0.0,0.0,1.2184696791468346e-07,0.0,0.0,0.0,1.2184696791468346e-07,-0.49847960472106934,0.31818521022796753,9.98519229888916,8.999999999999999e-08,0.0,0.0,0.0,8.999999999999999e-08,0.0,0.0,0.0,8.999999999999999e-08
1759811053555780864,168288,1759811053552723008,base_link,0.023691499557068754,-0.07799764537472677,0.032557850418786546,-0.9961400902054043,1.0,0.0,0.0,0.0,1.0,0.0,0.0,0.0,1.0,-0.4610038101673126,-0.47844734787940973,0.23480804264545446,1.2184696791468346e-07,0.0,0.0,0.0,1.2184696791468346e-07,0.0,0.0,0.0,1.2184696791468346e-07,-1.6714646816253662,-0.3810329437255847,9.865279197692871,8.999999999999999e-08,0.0,0.0,0.0,8.999999999999999e-08,0.0,0.0,0.0,8.999999999999999e-08
1759811053564272864,168289,1759811053557721728,base_link,0.024848217180272213,-0.07682105551245043,0.03189606060346849,-0.9962248053709112,1.0,0.0,0.0,0.0,1.0,0.0,0.0,0.0,1.0,-0.4504554271697998,-0.48164388537406916,0.24110144376754766,1.2184696791468346e-07,0.0,0.0,0.0,1.2184696791468346e-07,0.0,0.0,0.0,1.2184696791468346e-07,-1.644655466079712,-1.319265604019164,9.758810043334961,8.999999999999999e-08,0.0,0.0,0.0,8.999999999999999e-08,0.0,0.0,0.0,8.999999999999999e-08
1759811053572824000,168290,1759811053568721728,base_link,0.02703842030998933,-0.07445202330450158,0.03205642936205244,-0.9963424372251051,1.0,0.0,0.0,0.0,1.0,0.0,0.0,0.0,1.0,-0.3858374357223511,-0.45257335901260376,-0.12335152924060816,1.2184696791468346e-07,0.0,0.0,0.0,1.2184696791468346e-07,0.0,0.0,0.0,1.2184696791468346e-07,-1.8762623071670532,-1.3270732164382923,9.872270584106445,8.999999999999999e-08,0.0,0.0,0.0,8.999999999999999e-08,0.0,0.0,0.0,8.999999999999999e-08
1759811053580548160,168291,1759811053573721728,base_link,0.028136893622728757,-0.07337930171620231,0.033169738365467716,-0.9963552077202038,1.0,0.0,0.0,0.0,1.0,0.0,0.0,0.0,1.0,-0.38115164637565613,-0.4209675490856171,-0.392935037612915,1.2184696791468346e-07,0.0,0.0,0.0,1.2184696791468346e-07,0.0,0.0,0.0,1.2184696791468346e-07,-1.0351134538650513,-1.6550760269165028,9.647475242614746,8.999999999999999e-08,0.0,0.0,0.0,8.999999999999999e-08,0.0,0.0,0.0,8.999999999999999e-08
1759811053587304928,168292,1759811053579721728,base_link,0.029179211528183487,-0.07247949284227503,0.034539721676314326,-0.9963445445675306,1.0,0.0,0.0,0.0,1.0,0.0,0.0,0.0,1.0,-0.3862360417842865,-0.3570323586463929,-0.5375503301620483,1.2184696791468346e-07,0.0,0.0,0.0,1.2184696791468346e-07,0.0,0.0,0.0,1.2184696791468346e-07,-0.223697692155838,-0.611620545387267,9.517196655273438,8.999999999999999e-08,0.0,0.0,0.0,8.999999999999999e-08,0.0,0.0,0.0,8.999999999999999e-08
1759811053589943552,168293,1759811053584721728,base_link,0.03036349845866913,-0.0715571485752846,0.03561830167655662,-0.9963378432186173,1.0,0.0,0.0,0.0,1.0,0.0,0.0,0.0,1.0,-0.40342217683792114,-0.326233059167862,-0.44850638508796686,1.2184696791468346e-07,0.0,0.0,0.0,1.2184696791468346e-07,0.0,0.0,0.0,1.2184696791468346e-07,0.17958059906959534,-0.27519235014915344,9.837776184082031,8.999999999999999e-08,0.0,0.0,0.0,8.999999999999999e-08,0.0,0.0,0.0,8.999999999999999e-08
1759811053599809184,168294,1759811053594721728,base_link,0.032501162907539384,-0.07025227424285323,0.03589478500278806,-0.9963532689651724,1.0,0.0,0.0,0.0,1.0,0.0,0.0,0.0,1.0,-0.36829644441604614,-0.25315362215042114,-0.02577320486307141,1.2184696791468346e-07,0.0,0.0,0.0,1.2184696791468346e-07,0.0,0.0,0.0,1.2184696791468346e-07,-0.9926854968070984,-0.04516701027750846,10.001869201660156,8.999999999999999e-08,0.0,0.0,0.0,8.999999999999999e-08,0.0,0.0,0.0,8.999999999999999e-08
1759811053606771648,168295,1759811053600721728,base_link,0.033471926000934744,-0.0697575492666763,0.03539382756138757,-0.9963738366272457,1.0,0.0,0.0,0.0,1.0,0.0,0.0,0.0,1.0,-0.3408709764480591,-0.23033609986305234,0.19081453979015353,1.2184696791468346e-07,0.0,0.0,0.0,1.2184696791468346e-07,0.0,0.0,0.0,1.2184696791468346e-07,-1.0554524660110474,-0.9163882732391345,10.392083168029785,8.999999999999999e-08,0.0,0.0,0.0,8.999999999999999e-08,0.0,0.0,0.0,8.999999999999999e-08
1759811053616222496,168296,1759811053606721728,base_link,0.0340588011101137,-0.06913558690611202,0.034647491167956686,-0.9964235699084885,1.0,0.0,0.0,0.0,1.0,0.0,0.0,0.0,1.0,-0.28082868456840515,-0.2299951910972595,0.24009329080581668,1.2184696791468346e-07,0.0,0.0,0.0,1.2184696791468346e-07,0.0,0.0,0.0,1.2184696791468346e-07,-1.0014151334762573,-1.254376173019408,9.536378860473633,8.999999999999999e-08,0.0,0.0,0.0,8.999999999999999e-08,0.0,0.0,0.0,8.999999999999999e-08
1759811053621564288,168297,1759811053616721728,base_link,0.035463456789305604,-0.0679879637825638,0.03423529498952012,-0.9964677398057279,1.0,0.0,0.0,0.0,1.0,0.0,0.0,0.0,1.0,-0.2469301074743271,-0.22774016857147217,0.060212448239326505,1.2184696791468346e-07,0.0,0.0,0.0,1.2184696791468346e-07,0.0,0.0,0.0,1.2184696791468346e-07,-1.9286905527114868,-2.8578131198883043,10.01038932800293,8.999999999999999e-08,0.0,0.0,0.0,8.999999999999999e-08,0.0,0.0,0.0,8.999999999999999e-08
1759811053630017760,168298,1759811053621721728,base_link,0.03586749623546628,-0.06752518216629107,0.03500493859017757,-0.9964580038837219,1.0,0.0,0.0,0.0,1.0,0.0,0.0,0.0,1.0,-0.19171848893165588,-0.2205136269330979,-0.450641393661499,1.2184696791468346e-07,0.0,0.0,0.0,1.2184696791468346e-07,0.0,0.0,0.0,1.2184696791468346e-07,-2.0134482383728027,-2.854800224304198,9.355802536010742,8.999999999999999e-08,0.0,0.0,0.0,8.999999999999999e-08,0.0,0.0,0.0,8.999999999999999e-08
1759811053637839744,168299,1759811053631721728,base_link,0.03725562244750781,-0.06647490509191287,0.037985100101534386,-0.9963685261243332,1.0,0.0,0.0,0.0,1.0,0.0,0.0,0.0,1.0,-0.18891698122024536,-0.14636866748332986,-0.5682308077812195,1.2184696791468346e-07,0.0,0.0,0.0,1.2184696791468346e-07,0.0,0.0,0.0,1.2184696791468346e-07,0.09645824879407883,0.20595604181289798,10.274030685424805,8.999999999999999e-08,0.0,0.0,0.0,8.999999999999999e-08,0.0,0.0,0.0,8.999999999999999e-08
1759811053642805408,168300,1759811053637721728,base_link,0.037712698434163375,-0.06612265885421602,0.03890828467131699,-0.9963391919177698,1.0,0.0,0.0,0.0,1.0,0.0,0.0,0.0,1.0,-0.2086239904165268,-0.12365406751632696,-0.39703235030174255,1.2184696791468346e-07,0.0,0.0,0.0,1.2184696791468346e-07,0.0,0.0,0.0,1.2184696791468346e-07,0.8718402981758118,0.3822973668575299,10.059316635131836,8.999999999999999e-08,0.0,0.0,0.0,8.999999999999999e-08,0.0,0.0,0.0,8.999999999999999e-08
1759811053647867488,168301,1759811053642721728,base_link,0.038369712484709544,-0.06598843431259897,0.03918881409500549,-0.9963120493473288,1.0,0.0,0.0,0.0,1.0,0.0,0.0,0.0,1.0,-0.21064095199108124,-0.07619686424732211,-0.19901691377162933,1.2184696791468346e-07,0.0,0.0,0.0,1.2184696791468346e-07,0.0,0.0,0.0,1.2184696791468346e-07,-0.5914179682731628,0.34837973117828486,9.404099464416504,8.999999999999999e-08,0.0,0.0,0.0,8.999999999999999e-08,0.0,0.0,0.0,8.999999999999999e-08
1759811053655841024,168302,1759811053647721728,base_link,0.03890141868627676,-0.06583028616609594,0.03905672587177235,-0.9963070760192044,1.0,0.0,0.0,0.0,1.0,0.0,0.0,0.0,1.0,-0.20500609278678894,-0.04562947899103164,0.06573738157749176,1.2184696791468346e-07,0.0,0.0,0.0,1.2184696791468346e-07,0.0,0.0,0.0,1.2184696791468346e-07,-1.0032963752746582,-1.1545914411544786,10.081769943237305,8.999999999999999e-08,0.0,0.0,0.0,8.999999999999999e-08,0.0,0.0,0.0,8.999999999999999e-08
1759811053666029568,168303,1759811053658721728,base_link,0.039575033326780154,-0.0655714913453489,0.03764244622314081,-0.9963520045597171,1.0,0.0,0.0,0.0,1.0,0.0,0.0,0.0,1.0,-0.1451142430305481,-0.07596845924854276,0.26426923274993896,1.2184696791468346e-07,0.0,0.0,0.0,1.2184696791468346e-07,0.0,0.0,0.0,1.2184696791468346e-07,-1.466901421546936,-1.641780376434325,9.69683837890625,8.999999999999999e-08,0.0,0.0,0.0,8.999999999999999e-08,0.0,0.0,0.0,8.999999999999999e-08
1759811053672860960,168304,1759811053668722496,base_link,0.03960014362886954,-0.06513878940802278,0.03757277748255229,-0.9963820552627053,1.0,0.0,0.0,0.0,1.0,0.0,0.0,0.0,1.0,-0.023071834817528725,-0.09173991531133652,0.02796771377325059,1.2184696791468346e-07,0.0,0.0,0.0,1.2184696791468346e-07,0.0,0.0,0.0,1.2184696791468346e-07,-2.4928855895996094,-2.385388135910033,9.115384101867676,8.999999999999999e-08,0.0,0.0,0.0,8.999999999999999e-08,0.0,0.0,0.0,8.999999999999999e-08
1759811053678877536,168305,1759811053674722496,base_link,0.03977833918728458,-0.0648077166933466,0.03841828541052936,-0.9963643114394822,1.0,0.0,0.0,0.0,1.0,0.0,0.0,0.0,1.0,0.016478054225444794,-0.10214307904243472,-0.266665518283844,1.2184696791468346e-07,0.0,0.0,0.0,1.2184696791468346e-07,0.0,0.0,0.0,1.2184696791468346e-07,-1.883795976638794,-2.2792658805847155,9.641824722290039,8.999999999999999e-08,0.0,0.0,0.0,8.999999999999999e-08,0.0,0.0,0.0,8.999999999999999e-08
1759811053687287296,168306,1759811053683722496,base_link,0.03980610474083015,-0.06438999796066612,0.03983559963225369,-0.9963345557644335,1.0,0.0,0.0,0.0,1.0,0.0,0.0,0.0,1.0,0.02152678184211254,-0.07639044523239141,-0.5085453987121582,1.2184696791468346e-07,0.0,0.0,0.0,1.2184696791468346e-07,0.0,0.0,0.0,1.2184696791468346e-07,-0.9777985215187073,-1.3801312446594225,9.99072265625,8.999999999999999e-08,0.0,0.0,0.0,8.999999999999999e-08,0.0,0.0,0.0,8.999999999999999e-08
1759811053694111328,168307,1759811053684722496,base_link,0.03979786371485725,-0.06426461240343523,0.04098599786235857,-0.9962963285728341,1.0,0.0,0.0,0.0,1.0,0.0,0.0,0.0,1.0,0.012502646073698997,-0.0723190605640412,-0.481487512588501,1.2184696791468346e-07,0.0,0.0,0.0,1.2184696791468346e-07,0.0,0.0,0.0,1.2184696791468346e-07,0.12119343131780624,0.5004638433456433,10.031075477600098,8.999999999999999e-08,0.0,0.0,0.0,8.999999999999999e-08,0.0,0.0,0.0,8.999999999999999e-08
1759811053700584128,168308,1759811053690722496,base_link,0.03998994139150057,-0.06409588408086694,0.04155308370907263,-0.9962760559387004,1.0,0.0,0.0,0.0,1.0,0.0,0.0,0.0,1.0,-0.014385676011443138,-0.0375715605914593,-0.22909672558307648,1.2184696791468346e-07,0.0,0.0,0.0,1.2184696791468346e-07,0.0,0.0,0.0,1.2184696791468346e-07,-0.2812272608280182,0.8254626393318188,9.621866226196289,8.999999999999999e-08,0.0,0.0,0.0,8.999999999999999e-08,0.0,0.0,0.0,8.999999999999999e-08
1759811053704575296,168309,1759811053700722496,base_link,0.039924501823742325,-0.06403459861186506,0.04086145392500888,-0.9963112064103585,1.0,0.0,0.0,0.0,1.0,0.0,0.0,0.0,1.0,-0.006105470005422831,-0.01918396353721617,0.13883721828460693,1.2184696791468346e-07,0.0,0.0,0.0,1.2184696791468346e-07,0.0,0.0,0.0,1.2184696791468346e-07,-1.3525351285934448,-0.22012174129485962,9.910616874694824,8.999999999999999e-08,0.0,0.0,0.0,8.999999999999999e-08,0.0,0.0,0.0,8.999999999999999e-08
1759811053710856512,168310,1759811053706722496,base_link,0.03991655187444196,-0.0639993269680175,0.039838086296315814,-0.9963552498670524,1.0,0.0,0.0,0.0,1.0,0.0,0.0,0.0,1.0,0.0061731706373393536,-0.02742408029735084,0.35834842920303345,1.2184696791468346e-07,0.0,0.0,0.0,1.2184696791468346e-07,0.0,0.0,0.0,1.2184696791468346e-07,-0.9872189164161682,-1.2816168069839464,10.220439910888672,8.999999999999999e-08,0.0,0.0,0.0,8.999999999999999e-08,0.0,0.0,0.0,8.999999999999999e-08
1759811053718678240,168311,1759811053711722496,base_link,0.03971375572738672,-0.06385289432831148,0.03896290698698711,-0.9964073012249633,1.0,0.0,0.0,0.0,1.0,0.0,0.0,0.0,1.0,0.025655407458543777,-0.055419981479644734,0.3632799983024597,1.2184696791468346e-07,0.0,0.0,0.0,1.2184696791468346e-07,0.0,0.0,0.0,1.2184696791468346e-07,-1.8776487112045288,-2.5156075954437243,9.558850288391113,8.999999999999999e-08,0.0,0.0,0.0,8.999999999999999e-08,0.0,0.0,0.0,8.999999999999999e-08
1759811053722933344,168312,1759811053716722496,base_link,0.039399960586421964,-0.06364199281545198,0.03829053831269285,-0.9964593525828743,1.0,0.0,0.0,0.0,1.0,0.0,0.0,0.0,1.0,0.09908318519592285,-0.09228853136301038,0.2597789168357849,1.2184696791468346e-07,0.0,0.0,0.0,1.2184696791468346e-07,0.0,0.0,0.0,1.2184696791468346e-07,-2.6684727668762207,-1.787515878677367,9.726923942565918,8.999999999999999e-08,0.0,0.0,0.0,8.999999999999999e-08,0.0,0.0,0.0,8.999999999999999e-08
1759811053728852768,168313,1759811053721722496,base_link,0.03902336137281992,-0.06331968137690999,0.03812115012852756,-0.9965012044034456,1.0,0.0,0.0,0.0,1.0,0.0,0.0,0.0,1.0,0.14627666771411896,-0.10730472952127455,0.09797157347202302,1.2184696791468346e-07,0.0,0.0,0.0,1.2184696791468346e-07,0.0,0.0,0.0,1.2184696791468346e-07,-2.1947851181030273,-2.739160060882567,9.641093254089355,8.999999999999999e-08,0.0,0.0,0.0,8.999999999999999e-08,0.0,0.0,0.0,8.999999999999999e-08
1759811053737404256,168314,1759811053732722496,base_link,0.03831207140101483,-0.06255478851633314,0.038824960351810954,-0.9965499683071727,1.0,0.0,0.0,0.0,1.0,0.0,0.0,0.0,1.0,0.15604135394096375,-0.14277078211307528,-0.1524454057216644,1.2184696791468346e-07,0.0,0.0,0.0,1.2184696791468346e-07,0.0,0.0,0.0,1.2184696791468346e-07,-1.3059128522872925,-1.2022678852081288,9.584877967834473,8.999999999999999e-08,0.0,0.0,0.0,8.999999999999999e-08,0.0,0.0,0.0,8.999999999999999e-08
1759811053743805728,168315,1759811053737722496,base_link,0.0378031824495602,-0.062070876840977285,0.039519877590058566,-0.9965723061368835,1.0,0.0,0.0,0.0,1.0,0.0,0.0,0.0,1.0,0.1749577522277832,-0.15540128946304324,-0.24752572178840634,1.2184696791468346e-07,0.0,0.0,0.0,1.2184696791468346e-07,0.0,0.0,0.0,1.2184696791468346e-07,-1.6809673309326172,-0.26070049405097834,10.605937957763672,8.999999999999999e-08,0.0,0.0,0.0,8.999999999999999e-08,0.0,0.0,0.0,8.999999999999999e-08
1759811053747054496,168316,1759811053742722496,base_link,0.03745446864460417,-0.06169493880606125,0.04013909908838063,-0.9965841072544666,1.0,0.0,0.0,0.0,1.0,0.0,0.0,0.0,1.0,0.1563187539577484,-0.14622971415519717,-0.24535924196243283,1.2184696791468346e-07,0.0,0.0,0.0,1.2184696791468346e-07,0.0,0.0,0.0,1.2184696791468346e-07,-1.1070592403411865,-0.2928672432899463,10.01024341583252,8.999999999999999e-08,0.0,0.0,0.0,8.999999999999999e-08,0.0,0.0,0.0,8.999999999999999e-08
1759811053757018272,168317,1759811053752722496,base_link,0.03720951379523689,-0.06141628228295345,0.040476821785498426,-0.9965967934558683,1.0,0.0,0.0,0.0,1.0,0.0,0.0,0.0,1.0,0.16304078698158264,-0.10610451549291611,-0.05597706884145735,1.2184696791468346e-07,0.0,0.0,0.0,1.2184696791468346e-07,0.0,0.0,0.0,1.2184696791468346e-07,-0.48765066266059875,0.5810168981552136,9.749221801757812,8.999999999999999e-08,0.0,0.0,0.0,8.999999999999999e-08,0.0,0.0,0.0,8.999999999999999e-08
1759811053763259328,168318,1759811053753722496,base_link,0.03683452011314531,-0.06102680589004231,0.0402283661135267,-0.9966447144226251,1.0,0.0,0.0,0.0,1.0,0.0,0.0,0.0,1.0,0.15592758357524872,-0.10380027443170545,0.22206728160381317,1.2184696791468346e-07,0.0,0.0,0.0,1.2184696791468346e-07,0.0,0.0,0.0,1.2184696791468346e-07,-0.2024124562740326,-0.3317084610462176,10.426634788513184,8.999999999999999e-08,0.0,0.0,0.0,8.999999999999999e-08,0.0,0.0,0.0,8.999999999999999e-08
1759811053773559648,168319,1759811053764717632,base_link,0.035890533439444525,-0.06039225610975245,0.038923836858417535,-0.9967696376816115,1.0,0.0,0.0,0.0,1.0,0.0,0.0,0.0,1.0,0.17382775247097015,-0.14184269309043882,0.2648095488548279,1.2184696791468346e-07,0.0,0.0,0.0,1.2184696791468346e-07,0.0,0.0,0.0,1.2184696791468346e-07,-2.350834846496582,-1.988658308982848,9.528294563293457,8.999999999999999e-08,0.0,0.0,0.0,8.999999999999999e-08,0.0,0.0,0.0,8.999999999999999e-08
1759811053774119616,168320,1759811053769717632,base_link,0.03529060466102833,-0.05988795853060747,0.038308324282764435,-0.996845333421537,1.0,0.0,0.0,0.0,1.0,0.0,0.0,0.0,1.0,0.19474945962429047,-0.17129541933536527,0.25479793548583984,1.2184696791468346e-07,0.0,0.0,0.0,1.2184696791468346e-07,0.0,0.0,0.0,1.2184696791468346e-07,-2.3235244750976562,-2.2310969829559313,10.069259643554688,8.999999999999999e-08,0.0,0.0,0.0,8.999999999999999e-08,0.0,0.0,0.0,8.999999999999999e-08
1759811053782186304,168321,1759811053774717632,base_link,0.03451002395318232,-0.059197529931726264,0.037993993086570185,-0.9969259181958898,1.0,0.0,0.0,0.0,1.0,0.0,0.0,0.0,1.0,0.25905343890190125,-0.2418018877506256,0.10880082845687869,1.2184696791468346e-07,0.0,0.0,0.0,1.2184696791468346e-07,0.0,0.0,0.0,1.2184696791468346e-07,-2.373805522918701,-2.4336314201354967,9.701384544372559,8.999999999999999e-08,0.0,0.0,0.0,8.999999999999999e-08,0.0,0.0,0.0,8.999999999999999e-08
1759811053787351584,168322,1759811053780717632,base_link,0.03385488148612784,-0.058471867884578956,0.0383820812676585,-0.9969763258267089,1.0,0.0,0.0,0.0,1.0,0.0,0.0,0.0,1.0,0.28313887119293213,-0.27951911091804504,-0.13054196536540982,1.2184696791468346e-07,0.0,0.0,0.0,1.2184696791468346e-07,0.0,0.0,0.0,1.2184696791468346e-07,-1.5925567150115967,-1.645649433135985,10.148974418640137,8.999999999999999e-08,0.0,0.0,0.0,8.999999999999999e-08,0.0,0.0,0.0,8.999999999999999e-08
1759811053798839552,168323,1759811053789717632,base_link,0.033153443340162174,-0.05767514361666426,0.03896766958086887,-0.9970236145907382,1.0,0.0,0.0,0.0,1.0,0.0,0.0,0.0,1.0,0.27066904306411743,-0.28567311167716986,-0.32078942656517023,1.2184696791468346e-07,0.0,0.0,0.0,1.2184696791468346e-07,0.0,0.0,0.0,1.2184696791468346e-07,-1.477596640586853,-0.7892696261405933,9.824539184570312,8.999999999999999e-08,0.0,0.0,0.0,8.999999999999999e-08,0.0,0.0,0.0,8.999999999999999e-08
1759811053800843264,168324,1759811053796717632,base_link,0.03202385511650958,-0.05622233121178161,0.04152358091511499,-0.9970402625959,1.0,0.0,0.0,0.0,1.0,0.0,0.0,0.0,1.0,0.24492940306663513,-0.24473376572132116,-0.4799667298793792,1.2184696791468346e-07,0.0,0.0,0.0,1.2184696791468346e-07,0.0,0.0,0.0,1.2184696791468346e-07,-0.1754876673221588,0.0130274090915931,10.327676773071289,8.999999999999999e-08,0.0,0.0,0.0,8.999999999999999e-08,0.0,0.0,0.0,8.999999999999999e-08
1759811053806788864,168325,1759811053801717632,base_link,0.03155438795639181,-0.05567403100570225,0.04213045338682339,-0.9970606195237307,1.0,0.0,0.0,0.0,1.0,0.0,0.0,0.0,1.0,0.21851755678653717,-0.21312543749809268,-0.30935949087142944,1.2184696791468346e-07,0.0,0.0,0.0,1.2184696791468346e-07,0.0,0.0,0.0,1.2184696791468346e-07,0.29836487770080566,1.4556661844253553,10.04317855834961,8.999999999999999e-08,0.0,0.0,0.0,8.999999999999999e-08,0.0,0.0,0.0,8.999999999999999e-08
1759811053812821568,168326,1759811053806717632,base_link,0.031070064032173952,-0.055042195745874295,0.0420953450620138,-0.9971124180005506,1.0,0.0,0.0,0.0,1.0,0.0,0.0,0.0,1.0,0.1780528724193573,-0.18454548716545105,0.024317840114235902,1.2184696791468346e-07,0.0,0.0,0.0,1.2184696791468346e-07,0.0,0.0,0.0,1.2184696791468346e-07,-0.38037869334220886,0.45826667547226074,9.843368530273438,8.999999999999999e-08,0.0,0.0,0.0,8.999999999999999e-08,0.0,0.0,0.0,8.999999999999999e-08
1759811053820840192,168327,1759811053811717632,base_link,0.030599274514684156,-0.054731408836222004,0.041388668853031614,-0.9971736573714369,1.0,0.0,0.0,0.0,1.0,0.0,0.0,0.0,1.0,0.18025372922420502,-0.17118111252784726,0.2983425259590149,1.2184696791468346e-07,0.0,0.0,0.0,1.2184696791468346e-07,0.0,0.0,0.0,1.2184696791468346e-07,-0.9808778166770935,0.33309489488601807,9.971616744995117,8.999999999999999e-08,0.0,0.0,0.0,8.999999999999999e-08,0.0,0.0,0.0,8.999999999999999e-08
1759811053827952832,168328,1759811053822717632,base_link,0.029564673433773968,-0.053605889100539726,0.03959687988228798,-0.9973387465770541,1.0,0.0,0.0,0.0,1.0,0.0,0.0,0.0,1.0,0.1799507886171341,-0.2233643382787704,0.3499772548675537,1.2184696791468346e-07,0.0,0.0,0.0,1.2184696791468346e-07,0.0,0.0,0.0,1.2184696791468346e-07,-1.3731412887573242,-2.046309709548949,10.946673393249512,8.999999999999999e-08,0.0,0.0,0.0,8.999999999999999e-08,0.0,0.0,0.0,8.999999999999999e-08
1759811053838056864,168329,1759811053832717632,base_link,0.02847008026527557,-0.05218034834082166,0.0393497307626201,-0.9974559148159143,1.0,0.0,0.0,0.0,1.0,0.0,0.0,0.0,1.0,0.23126262426376343,-0.2750176191329956,-0.016350230202078785,1.2184696791468346e-07,0.0,0.0,0.0,1.2184696791468346e-07,0.0,0.0,0.0,1.2184696791468346e-07,-2.2816121578216553,-1.9950028657913197,9.194101333618164,8.999999999999999e-08,0.0,0.0,0.0,8.999999999999999e-08,0.0,0.0,0.0,8.999999999999999e-08
1759811053848785472,168330,1759811053843717632,base_link,0.02716088192960478,-0.05078965643937702,0.041663171277383095,-0.997470244744408,1.0,0.0,0.0,0.0,1.0,0.0,0.0,0.0,1.0,0.25534775853157043,-0.25592646002769476,-0.4434144794940948,1.2184696791468346e-07,0.0,0.0,0.0,1.2184696791468346e-07,0.0,0.0,0.0,1.2184696791468346e-07,-1.3639856576919556,-2.139277935028075,10.284828186035156,8.999999999999999e-08,0.0,0.0,0.0,8.999999999999999e-08,0.0,0.0,0.0,8.999999999999999e-08
1759811053856056000,168331,1759811053848717632,base_link,0.026833423307188405,-0.05028953534950168,0.04268847766110758,-0.9974610988782812,1.0,0.0,0.0,0.0,1.0,0.0,0.0,0.0,1.0,0.20593076944351196,-0.1908649653196335,-0.3291255533695221,1.2184696791468346e-07,0.0,0.0,0.0,1.2184696791468346e-07,0.0,0.0,0.0,1.2184696791468346e-07,0.18957647681236267,1.0242992639541637,9.911951065063477,8.999999999999999e-08,0.0,0.0,0.0,8.999999999999999e-08,0.0,0.0,0.0,8.999999999999999e-08
1759811053863916544,168332,1759811053859716352,base_link,0.026008529139400237,-0.04947585487759544,0.04279768014559934,-0.9975189665012867,1.0,0.0,0.0,0.0,1.0,0.0,0.0,0.0,1.0,0.1391710340976715,-0.13548043370246887,-0.0252490174025297,1.2184696791468346e-07,0.0,0.0,0.0,1.2184696791468346e-07,0.0,0.0,0.0,1.2184696791468346e-07,-0.23643603920936584,1.2280282974243175,9.815763473510742,8.999999999999999e-08,0.0,0.0,0.0,8.999999999999999e-08,0.0,0.0,0.0,8.999999999999999e-08
1759811053872777120,168333,1759811053868716352,base_link,0.025626129465771877,-0.04901722472590103,0.04188440008521679,-0.9975903211158156,1.0,0.0,0.0,0.0,1.0,0.0,0.0,0.0,1.0,0.12868505716323853,-0.11128817498683925,0.37286749482154846,1.2184696791468346e-07,0.0,0.0,0.0,1.2184696791468346e-07,0.0,0.0,0.0,1.2184696791468346e-07,-0.37610113620758057,-0.017863225191830357,10.060136795043945,8.999999999999999e-08,0.0,0.0,0.0,8.999999999999999e-08,0.0,0.0,0.0,8.999999999999999e-08
1759811053880799136,168334,1759811053869716352,base_link,0.025206323147001088,-0.04880090339174084,0.040788961345570106,-0.9976569552833113,1.0,0.0,0.0,0.0,1.0,0.0,0.0,0.0,1.0,0.12589429318904877,-0.11524379998445507,0.39357736706733704,1.2184696791468346e-07,0.0,0.0,0.0,1.2184696791468346e-07,0.0,0.0,0.0,1.2184696791468346e-07,-0.45706483721733093,0.06531015038490419,10.033699035644531,8.999999999999999e-08,0.0,0.0,0.0,8.999999999999999e-08,0.0,0.0,0.0,8.999999999999999e-08
1759811053886726112,168335,1759811053880716352,base_link,0.024593436846845826,-0.04807396245115903,0.039262571079899604,-0.9977688130192592,1.0,0.0,0.0,0.0,1.0,0.0,0.0,0.0,1.0,0.12033116817474365,-0.14330819249153134,0.1804226338863373,1.2184696791468346e-07,0.0,0.0,0.0,1.2184696791468346e-07,0.0,0.0,0.0,1.2184696791468346e-07,-1.4620529413223267,-2.226903438568114,10.025156021118164,8.999999999999999e-08,0.0,0.0,0.0,8.999999999999999e-08,0.0,0.0,0.0,8.999999999999999e-08
1759811053896727200,168336,1759811053891716352,base_link,0.023670891065235945,-0.04723361092667949,0.040886699887266884,-0.997765989180409,1.0,0.0,0.0,0.0,1.0,0.0,0.0,0.0,1.0,0.18503311276435852,-0.14898002147674566,-0.3860023021697998,1.2184696791468346e-07,0.0,0.0,0.0,1.2184696791468346e-07,0.0,0.0,0.0,1.2184696791468346e-07,-1.7299150228500366,-1.7288486957550036,10.579254150390625,8.999999999999999e-08,0.0,0.0,0.0,8.999999999999999e-08,0.0,0.0,0.0,8.999999999999999e-08
1759811053908395296,168337,1759811053896716352,base_link,0.023324931293412305,-0.04695464883891998,0.04234595022325959,-0.9977264975833543,1.0,0.0,0.0,0.0,1.0,0.0,0.0,0.0,1.0,0.134382426738739,-0.13053123652935034,-0.5084794163703918,1.2184696791468346e-07,0.0,0.0,0.0,1.2184696791468346e-07,0.0,0.0,0.0,1.2184696791468346e-07,0.08988676220178604,1.0308423042297377,10.29684066772461,8.999999999999999e-08,0.0,0.0,0.0,8.999999999999999e-08,0.0,0.0,0.0,8.999999999999999e-08
1759811053913669792,168338,1759811053901716352,base_link,0.023012372899033545,-0.04657879114643392,0.04324658622908888,-0.9977127155638913,1.0,0.0,0.0,0.0,1.0,0.0,0.0,0.0,1.0,0.10286000370979309,-0.06610664725303654,-0.29699835181236267,1.2184696791468346e-07,0.0,0.0,0.0,1.2184696791468346e-07,0.0,0.0,0.0,1.2184696791468346e-07,0.8010265827178955,1.81970775127411,9.3280029296875,8.999999999999999e-08,0.0,0.0,0.0,8.999999999999999e-08,0.0,0.0,0.0,8.999999999999999e-08
1759811053916170400,168339,1759811053906716352,base_link,0.022994343267493996,-0.04653386392301032,0.04345057697588161,-0.9977063935366146,1.0,0.0,0.0,0.0,1.0,0.0,0.0,0.0,1.0,0.06618053466081619,-0.03595998510718345,0.0488937832415104,1.2184696791468346e-07,0.0,0.0,0.0,1.2184696791468346e-07,0.0,0.0,0.0,1.2184696791468346e-07,0.6660031080245972,0.06959880143404126,9.746180534362793,8.999999999999999e-08,0.0,0.0,0.0,8.999999999999999e-08,0.0,0.0,0.0,8.999999999999999e-08
1759811053919813824,168340,1759811053916716352,base_link,0.02275186322838771,-0.04642882212272004,0.043032227357562486,-0.997734969099905,1.0,0.0,0.0,0.0,1.0,0.0,0.0,0.0,1.0,0.012641623616218567,0.011664707213640237,0.19934380054473877,1.2184696791468346e-07,0.0,0.0,0.0,1.2184696791468346e-07,0.0,0.0,0.0,1.2184696791468346e-07,-0.33149561285972595,0.0787532180547726,9.644655227661133,8.999999999999999e-08,0.0,0.0,0.0,8.999999999999999e-08,0.0,0.0,0.0,8.999999999999999e-08
1759811053926104672,168341,1759811053922716352,base_link,0.022482323595448415,-0.04660195083969065,0.04088547762866006,-0.9978232667475353,1.0,0.0,0.0,0.0,1.0,0.0,0.0,0.0,1.0,0.046067096292972565,0.019796794280409865,0.43841299414634705,1.2184696791468346e-07,0.0,0.0,0.0,1.2184696791468346e-07,0.0,0.0,0.0,1.2184696791468346e-07,0.06151476502418518,0.7515735626220715,9.540899276733398,8.999999999999999e-08,0.0,0.0,0.0,8.999999999999999e-08,0.0,0.0,0.0,8.999999999999999e-08
1759811053932761728,168342,1759811053928716352,base_link,0.02222121596638933,-0.0466864631734891,0.039882509074646355,-0.9978657086239858,1.0,0.0,0.0,0.0,1.0,0.0,0.0,0.0,1.0,0.05715939402580261,0.025346789509058054,0.4639330506324768,1.2184696791468346e-07,0.0,0.0,0.0,1.2184696791468346e-07,0.0,0.0,0.0,1.2184696791468346e-07,-0.8398077487945557,-1.692156672477721,9.59875202178955,8.999999999999999e-08,0.0,0.0,0.0,8.999999999999999e-08,0.0,0.0,0.0,8.999999999999999e-08
1759811053943507168,168343,1759811053938716352,base_link,0.02179562104139337,-0.046494633109580775,0.04025297987305706,-0.9978691646655636,1.0,0.0,0.0,0.0,1.0,0.0,0.0,0.0,1.0,0.09378702193498611,-0.039113368839025504,-0.060804069042205804,1.2184696791468346e-07,0.0,0.0,0.0,1.2184696791468346e-07,0.0,0.0,0.0,1.2184696791468346e-07,-2.5787014961242676,-3.373557567596434,9.710108757019043,8.999999999999999e-08,0.0,0.0,0.0,8.999999999999999e-08,0.0,0.0,0.0,8.999999999999999e-08
1759811053950979936,168344,1759811053948716352,base_link,0.02147973304598225,-0.04648635915638248,0.0416833596178198,-0.9978177455103804,1.0,0.0,0.0,0.0,1.0,0.0,0.0,0.0,1.0,0.11154710501432419,-0.03603838384151466,-0.5842660665512085,1.2184696791468346e-07,0.0,0.0,0.0,1.2184696791468346e-07,0.0,0.0,0.0,1.2184696791468346e-07,-1.5570043325424194,-0.9116843342781055,9.918222427368164,8.999999999999999e-08,0.0,0.0,0.0,8.999999999999999e-08,0.0,0.0,0.0,8.999999999999999e-08
1759811053960699616,168345,1759811053949716352,base_link,0.021260113720926076,-0.04637538913843133,0.043371846662863256,-0.9977556210556753,1.0,0.0,0.0,0.0,1.0,0.0,0.0,0.0,1.0,0.06323526799678802,0.023901000618934586,-0.3767735958099365,1.2184696791468346e-07,0.0,0.0,0.0,1.2184696791468346e-07,0.0,0.0,0.0,1.2184696791468346e-07,0.1726415753364563,1.1564815044403087,9.520729064941406,8.999999999999999e-08,0.0,0.0,0.0,8.999999999999999e-08,0.0,0.0,0.0,8.999999999999999e-08
1759811053968764096,168346,1759811053959717120,base_link,0.0211955210414051,-0.04671383623450791,0.04452456296963618,-0.9976904620278775,1.0,0.0,0.0,0.0,1.0,0.0,0.0,0.0,1.0,-0.00030802167020738125,0.09225467592477798,-0.032215252518653884,1.2184696791468346e-07,0.0,0.0,0.0,1.2184696791468346e-07,0.0,0.0,0.0,1.2184696791468346e-07,0.21603092551231384,0.6115188002586376,9.098769187927246,8.999999999999999e-08,0.0,0.0,0.0,8.999999999999999e-08,0.0,0.0,0.0,8.999999999999999e-08
1759811053976864448,168347,1759811053970717120,base_link,0.021007845076253136,-0.04722141204821362,0.043336991219144735,-0.9977227886606853,1.0,0.0,0.0,0.0,1.0,0.0,0.0,0.0,1.0,0.02384575642645359,0.08563597500324253,0.30632439255714417,1.2184696791468346e-07,0.0,0.0,0.0,1.2184696791468346e-07,0.0,0.0,0.0,1.2184696791468346e-07,-0.9829143285751343,0.3497028946876538,9.990269660949707,8.999999999999999e-08,0.0,0.0,0.0,8.999999999999999e-08,0.0,0.0,0.0,8.999999999999999e-08
1759811053979963008,168348,1759811053975717120,base_link,0.0207095191457809,-0.047374610574194655,0.042526970937613866,-0.9977566325800395,1.0,0.0,0.0,0.0,1.0,0.0,0.0,0.0,1.0,0.04961802065372467,0.0746756494045258,0.3360852301120758,1.2184696791468346e-07,0.0,0.0,0.0,1.2184696791468346e-07,0.0,0.0,0.0,1.2184696791468346e-07,-0.6981768608093262,-0.021018682047723586,9.293416976928711,8.999999999999999e-08,0.0,0.0,0.0,8.999999999999999e-08,0.0,0.0,0.0,8.999999999999999e-08
1759811053990637408,168349,1759811053986717120,base_link,0.0203226361011422,-0.047758243043141954,0.04169575079128202,-0.997781414926964,1.0,0.0,0.0,0.0,1.0,0.0,0.0,0.0,1.0,0.08523488789796829,0.061208419501781484,0.16409379243850708,1.2184696791468346e-07,0.0,0.0,0.0,1.2184696791468346e-07,0.0,0.0,0.0,1.2184696791468346e-07,-2.305976629257202,-2.9742057323455797,9.459793090820312,8.999999999999999e-08,0.0,0.0,0.0,8.999999999999999e-08,0.0,0.0,0.0,8.999999999999999e-08
1759811053996750720,168350,1759811053991717120,base_link,0.020188433950038432,-0.04763024964965945,0.04272392316070526,-0.9977467280706396,1.0,0.0,0.0,0.0,1.0,0.0,0.0,0.0,1.0,0.10152006894350052,0.0020700865425169147,-0.26360270380973816,1.2184696791468346e-07,0.0,0.0,0.0,1.2184696791468346e-07,0.0,0.0,0.0,1.2184696791468346e-07,-2.6488685607910156,-2.829137325286864,10.166601181030273,8.999999999999999e-08,0.0,0.0,0.0,8.999999999999999e-08,0.0,0.0,0.0,8.999999999999999e-08
1759811054004823936,168351,1759811053996717120,base_link,0.019840559130785577,-0.047677975687241976,0.04412513728629847,-0.997690419881029,1.0,0.0,0.0,0.0,1.0,0.0,0.0,0.0,1.0,0.13732407987117767,0.00020477548241609048,-0.5101485252380371,1.2184696791468346e-07,0.0,0.0,0.0,1.2184696791468346e-07,0.0,0.0,0.0,1.2184696791468346e-07,-1.4574733972549438,-0.7339111566543568,9.383711814880371,8.999999999999999e-08,0.0,0.0,0.0,8.999999999999999e-08,0.0,0.0,0.0,8.999999999999999e-08
1759811054010859520,168352,1759811054006717120,base_link,0.01945010809200262,-0.04764175310512489,0.04563104418359272,-0.9976320886426899,1.0,0.0,0.0,0.0,1.0,0.0,0.0,0.0,1.0,0.12017423659563065,0.024199753999710024,-0.4877236485481262,1.2184696791468346e-07,0.0,0.0,0.0,1.2184696791468346e-07,0.0,0.0,0.0,1.2184696791468346e-07,-0.41855910420417786,1.6175913810729992,9.351631164550781,8.999999999999999e-08,0.0,0.0,0.0,8.999999999999999e-08,0.0,0.0,0.0,8.999999999999999e-08
1759811054016814720,168353,1759811054012717120,base_link,0.019225665586969982,-0.047806236449794724,0.046526749008146226,-0.9975872443958743,1.0,0.0,0.0,0.0,1.0,0.0,0.0,0.0,1.0,0.06320212781429291,0.031818069517612436,-0.17942985892295837,1.2184696791468346e-07,0.0,0.0,0.0,1.2184696791468346e-07,0.0,0.0,0.0,1.2184696791468346e-07,-0.576884925365448,0.8757089972496044,9.228286743164062,8.999999999999999e-08,0.0,0.0,0.0,8.999999999999999e-08,0.0,0.0,0.0,8.999999999999999e-08
1759811054025828992,168354,1759811054018717120,base_link,0.0191516017203352,-0.0478538268272086,0.04618148202514495,-0.9976024172613382,1.0,0.0,0.0,0.0,1.0,0.0,0.0,0.0,1.0,0.0711989477276802,0.06524942070245746,0.228081613779068,1.2184696791468346e-07,0.0,0.0,0.0,1.2184696791468346e-07,0.0,0.0,0.0,1.2184696791468346e-07,-1.1626553535461426,0.5058153271675123,10.486988067626953,8.999999999999999e-08,0.0,0.0,0.0,8.999999999999999e-08,0.0,0.0,0.0,8.999999999999999e-08
1759811054030793760,168355,1759811054023717120,base_link,0.018901669591576582,-0.04809277443357406,0.04523844628971372,-0.9976388742853002,1.0,0.0,0.0,0.0,1.0,0.0,0.0,0.0,1.0,0.045813657343387604,0.032722659409046215,0.3537416458129883,1.2184696791468346e-07,0.0,0.0,0.0,1.2184696791468346e-07,0.0,0.0,0.0,1.2184696791468346e-07,-0.6147060990333557,-0.13070720434188718,10.283001899719238,8.999999999999999e-08,0.0,0.0,0.0,8.999999999999999e-08,0.0,0.0,0.0,8.999999999999999e-08
1759811054033824832,168356,1759811054028717120,base_link,0.018686441441299637,-0.04813958904555754,0.04431239573423237,-0.9976822855392664,1.0,0.0,0.0,0.0,1.0,0.0,0.0,0.0,1.0,0.07104016095399857,0.04332085698843007,0.37419918179512024,1.2184696791468346e-07,0.0,0.0,0.0,1.2184696791468346e-07,0.0,0.0,0.0,1.2184696791468346e-07,-1.0570374727249146,-0.7050186991691578,9.334001541137695,8.999999999999999e-08,0.0,0.0,0.0,8.999999999999999e-08,0.0,0.0,0.0,8.999999999999999e-08
1759811054039942208,168357,1759811054033717120,base_link,0.018454741775789027,-0.04816870988370053,0.04368428125087452,-0.9977128420044368,1.0,0.0,0.0,0.0,1.0,0.0,0.0,0.0,1.0,0.08757670223712921,0.001319230068475037,0.23745010793209076,1.2184696791468346e-07,0.0,0.0,0.0,1.2184696791468346e-07,0.0,0.0,0.0,1.2184696791468346e-07,-1.82671058177948,-2.219370126724242,10.426008224487305,8.999999999999999e-08,0.0,0.0,0.0,8.999999999999999e-08,0.0,0.0,0.0,8.999999999999999e-08
1759811054046077536,168358,1759811054039717120,base_link,0.01799744188400075,-0.048106602551152684,0.04371281466731636,-0.9977229151012309,1.0,0.0,0.0,0.0,1.0,0.0,0.0,0.0,1.0,0.10500094294548035,-0.07120087742805482,-0.0787508264183998,1.2184696791468346e-07,0.0,0.0,0.0,1.2184696791468346e-07,0.0,0.0,0.0,1.2184696791468346e-07,-2.3795132637023926,-2.2810547351837145,10.218059539794922,8.999999999999999e-08,0.0,0.0,0.0,8.999999999999999e-08,0.0,0.0,0.0,8.999999999999999e-08
1759811054052072096,168359,1759811054044717120,base_link,0.017866411283247428,-0.047719795897676914,0.044475672625363546,-0.9977101867529806,1.0,0.0,0.0,0.0,1.0,0.0,0.0,0.0,1.0,0.15370331704616547,-0.08944404870271687,-0.34298229217529297,1.2184696791468346e-07,0.0,0.0,0.0,1.2184696791468346e-07,0.0,0.0,0.0,1.2184696791468346e-07,-2.4633989334106445,-1.7023118734359728,10.28929615020752,8.999999999999999e-08,0.0,0.0,0.0,8.999999999999999e-08,0.0,0.0,0.0,8.999999999999999e-08
1759811054060226784,168360,1759811054055717120,base_link,0.017220867760941304,-0.04729091615267513,0.04693852371809768,-0.9976291383632941,1.0,0.0,0.0,0.0,1.0,0.0,0.0,0.0,1.0,0.13648679852485657,-0.07856339216232305,-0.45512285828590393,1.2184696791468346e-07,0.0,0.0,0.0,1.2184696791468346e-07,0.0,0.0,0.0,1.2184696791468346e-07,-0.5198276042938232,1.5152642726898207,10.50206184387207,8.999999999999999e-08,0.0,0.0,0.0,8.999999999999999e-08,0.0,0.0,0.0,8.999999999999999e-08
1759811054070201184,168361,1759811054065716864,base_link,0.01682973315295906,-0.04680819907705675,0.047031794693852276,-0.9976541314444611,1.0,0.0,0.0,0.0,1.0,0.0,0.0,0.0,1.0,0.08774276077747345,-0.0786692425608635,0.04691854119300843,1.2184696791468346e-07,0.0,0.0,0.0,1.2184696791468346e-07,0.0,0.0,0.0,1.2184696791468346e-07,-0.8095013499259949,0.8163745999336255,9.85495662689209,8.999999999999999e-08,0.0,0.0,0.0,8.999999999999999e-08,0.0,0.0,0.0,8.999999999999999e-08
1759811054075868576,168362,1759811054071716864,base_link,0.016768089435744832,-0.04669596070238323,0.04619218732466677,-0.9976996921877014,1.0,0.0,0.0,0.0,1.0,0.0,0.0,0.0,1.0,0.07746729254722595,-0.0594382174313068,0.33191153407096863,1.2184696791468346e-07,0.0,0.0,0.0,1.2184696791468346e-07,0.0,0.0,0.0,1.2184696791468346e-07,-1.2756162881851196,0.019381020218135207,10.447680473327637,8.999999999999999e-08,0.0,0.0,0.0,8.999999999999999e-08,0.0,0.0,0.0,8.999999999999999e-08
1759811054085164032,168363,1759811054076716864,base_link,0.016510869853460876,-0.04652978884959493,0.0450639161900301,-0.9977633339289528,1.0,0.0,0.0,0.0,1.0,0.0,0.0,0.0,1.0,0.04150685295462608,-0.06069391965866084,0.4238342046737671,1.2184696791468346e-07,0.0,0.0,0.0,1.2184696791468346e-07,0.0,0.0,0.0,1.2184696791468346e-07,-0.5072526931762695,-0.5473601222038256,10.548669815063477,8.999999999999999e-08,0.0,0.0,0.0,8.999999999999999e-08,0.0,0.0,0.0,8.999999999999999e-08
1759811054089791200,168364,1759811054081716864,base_link,0.016391973593811646,-0.04628477868248897,0.04413070067030187,-0.9978183777131081,1.0,0.0,0.0,0.0,1.0,0.0,0.0,0.0,1.0,0.04268220067024231,-0.08208361268043514,0.3328235447406769,1.2184696791468346e-07,0.0,0.0,0.0,1.2184696791468346e-07,0.0,0.0,0.0,1.2184696791468346e-07,-0.9632517695426941,-0.328994959592818,10.0162992477417,8.999999999999999e-08,0.0,0.0,0.0,8.999999999999999e-08,0.0,0.0,0.0,8.999999999999999e-08
1759811054092711648,168365,1759811054086716864,base_link,0.01616868617584601,-0.046079416846030626,0.04361617194368093,-0.9978542025343423,1.0,0.0,0.0,0.0,1.0,0.0,0.0,0.0,1.0,0.06577189266681671,-0.08807034045457837,0.24825069308280945,1.2184696791468346e-07,0.0,0.0,0.0,1.2184696791468346e-07,0.0,0.0,0.0,1.2184696791468346e-07,-2.0727200508117676,-1.1766865253448475,9.575695037841797,8.999999999999999e-08,0.0,0.0,0.0,8.999999999999999e-08,0.0,0.0,0.0,8.999999999999999e-08
1759811054097951072,168366,1759811054092716864,base_link,0.015787228220864067,-0.04565814592427408,0.04382770697635709,-0.997870429071019,1.0,0.0,0.0,0.0,1.0,0.0,0.0,0.0,1.0,0.13267025351524353,-0.14134621620178223,-0.10831819474697112,1.2184696791468346e-07,0.0,0.0,0.0,1.2184696791468346e-07,0.0,0.0,0.0,1.2184696791468346e-07,-2.699223041534424,-2.7934050559997545,10.302177429199219,8.999999999999999e-08,0.0,0.0,0.0,8.999999999999999e-08,0.0,0.0,0.0,8.999999999999999e-08
1759811054110637952,168367,1759811054102716864,base_link,0.01528811470408593,-0.044741978804768524,0.0464047760285557,-0.9978031205539472,1.0,0.0,0.0,0.0,1.0,0.0,0.0,0.0,1.0,0.12383180856704712,-0.13478431105613714,-0.4526064097881317,1.2184696791468346e-07,0.0,0.0,0.0,1.2184696791468346e-07,0.0,0.0,0.0,1.2184696791468346e-07,-0.3631807267665863,0.36092403531074646,9.9982328414917,8.999999999999999e-08,0.0,0.0,0.0,8.999999999999999e-08,0.0,0.0,0.0,8.999999999999999e-08
1759811054116781952,168368,1759811054113716864,base_link,0.014859749940889396,-0.04402052485702723,0.0471549056383526,-0.997806492301828,1.0,0.0,0.0,0.0,1.0,0.0,0.0,0.0,1.0,0.1193283349275589,-0.15067957341670993,-0.16562484204769132,1.2184696791468346e-07,0.0,0.0,0.0,1.2184696791468346e-07,0.0,0.0,0.0,1.2184696791468346e-07,-0.4647497832775116,0.2655663192272198,9.712004661560059,8.999999999999999e-08,0.0,0.0,0.0,8.999999999999999e-08,0.0,0.0,0.0,8.999999999999999e-08
1759811054122773792,168369,1759811054118716864,base_link,0.014626440792601277,-0.04369571490062196,0.04666781451011217,-0.997847164010641,1.0,0.0,0.0,0.0,1.0,0.0,0.0,0.0,1.0,0.06549283117055893,-0.11997412145137785,0.0872868373990059,1.2184696791468346e-07,0.0,0.0,0.0,1.2184696791468346e-07,0.0,0.0,0.0,1.2184696791468346e-07,-0.761380136013031,0.024190768599511442,10.20287036895752,8.999999999999999e-08,0.0,0.0,0.0,8.999999999999999e-08,0.0,0.0,0.0,8.999999999999999e-08
1759811054132720480,168370,1759811054129716864,base_link,0.01427834470239374,-0.042925765735312815,0.044852971213233096,-0.9979687998154435,1.0,0.0,0.0,0.0,1.0,0.0,0.0,0.0,1.0,0.07402637600898743,-0.14883130788803095,0.3597155809402466,1.2184696791468346e-07,0.0,0.0,0.0,1.2184696791468346e-07,0.0,0.0,0.0,1.2184696791468346e-07,-0.17855218052864075,-0.19581589102744915,11.487483024597168,8.999999999999999e-08,0.0,0.0,0.0,8.999999999999999e-08,0.0,0.0,0.0,8.999999999999999e-08
1759811054141801184,168371,1759811054138716864,base_link,0.01421126535881062,-0.04275698604627291,0.04401774711629268,-0.9980141919712897,1.0,0.0,0.0,0.0,1.0,0.0,0.0,0.0,1.0,0.050316762179136276,-0.1435364484786987,0.250521183013916,1.2184696791468346e-07,0.0,0.0,0.0,1.2184696791468346e-07,0.0,0.0,0.0,1.2184696791468346e-07,-0.35803475975990295,-0.7717317938804614,10.163603782653809,8.999999999999999e-08,0.0,0.0,0.0,8.999999999999999e-08,0.0,0.0,0.0,8.999999999999999e-08
1759811054150727008,168372,1759811054145716864,base_link,0.013783564408478131,-0.041869747469914016,0.04421090612301812,-0.9980493002960993,1.0,0.0,0.0,0.0,1.0,0.0,0.0,0.0,1.0,0.09604024887084961,-0.15263091027736664,-0.10853877663612364,1.2184696791468346e-07,0.0,0.0,0.0,1.2184696791468346e-07,0.0,0.0,0.0,1.2184696791468346e-07,-1.9392147064208984,-2.7391278743743883,10.389283180236816,8.999999999999999e-08,0.0,0.0,0.0,8.999999999999999e-08,0.0,0.0,0.0,8.999999999999999e-08
1759811054156878336,168373,1759811054150716864,base_link,0.013311922734395003,-0.041658020142241514,0.045255010001178514,-0.9980177323065647,1.0,0.0,0.0,0.0,1.0,0.0,0.0,0.0,1.0,0.14462338387966156,-0.12003388255834585,-0.3988332450389862,1.2184696791468346e-07,0.0,0.0,0.0,1.2184696791468346e-07,0.0,0.0,0.0,1.2184696791468346e-07,-1.2288490533828735,-1.091143488883971,9.203782081604004,8.999999999999999e-08,0.0,0.0,0.0,8.999999999999999e-08,0.0,0.0,0.0,8.999999999999999e-08
1759811054163876544,168374,1759811054159717632,base_link,0.01311727409999252,-0.041152936260954,0.046534419734575186,-0.9979824132475125,1.0,0.0,0.0,0.0,1.0,0.0,0.0,0.0,1.0,0.12881070375442505,-0.09875991195440298,-0.4304971694946289,1.2184696791468346e-07,0.0,0.0,0.0,1.2184696791468346e-07,0.0,0.0,0.0,1.2184696791468346e-07,-0.0803726390004158,0.15395721793174866,10.06767463684082,8.999999999999999e-08,0.0,0.0,0.0,8.999999999999999e-08,0.0,0.0,0.0,8.999999999999999e-08
1759811054170083136,168375,1759811054160717632,base_link,0.012926774295990326,-0.04100560273236106,0.04722697674930619,-0.9979584738375583,1.0,0.0,0.0,0.0,1.0,0.0,0.0,0.0,1.0,0.10286735743284225,-0.10205478221178056,-0.1357211023569107,1.2184696791468346e-07,0.0,0.0,0.0,1.2184696791468346e-07,0.0,0.0,0.0,1.2184696791468346e-07,0.7745054960250854,1.4326226711273207,10.601127624511719,8.999999999999999e-08,0.0,0.0,0.0,8.999999999999999e-08,0.0,0.0,0.0,8.999999999999999e-08
1759811054177798240,168376,1759811054171717632,base_link,0.01255587149238233,-0.04046833051261238,0.046503821122556285,-0.9980190810057169,1.0,0.0,0.0,0.0,1.0,0.0,0.0,0.0,1.0,0.07506149262189865,-0.08349540084600446,0.2569796144962311,1.2184696791468346e-07,0.0,0.0,0.0,1.2184696791468346e-07,0.0,0.0,0.0,1.2184696791468346e-07,-0.4748277962207794,-0.051681693643330216,10.699389457702637,8.999999999999999e-08,0.0,0.0,0.0,8.999999999999999e-08,0.0,0.0,0.0,8.999999999999999e-08
1759811054187787040,168377,1759811054182717632,base_link,0.012098468867650806,-0.040097837323688344,0.04437970425130423,-0.9981364178319713,1.0,0.0,0.0,0.0,1.0,0.0,0.0,0.0,1.0,0.06654982268810272,-0.07744044810533518,0.4279620945453644,1.2184696791468346e-07,0.0,0.0,0.0,1.2184696791468346e-07,0.0,0.0,0.0,1.2184696791468346e-07,-0.5209758877754211,0.4407350420951856,10.259742736816406,8.999999999999999e-08,0.0,0.0,0.0,8.999999999999999e-08,0.0,0.0,0.0,8.999999999999999e-08
1759811054193935712,168378,1759811054187717632,base_link,0.011855691166426914,-0.0399499506177087,0.04349141727208866,-0.9981843809455767,1.0,0.0,0.0,0.0,1.0,0.0,0.0,0.0,1.0,0.05344831198453903,-0.08368209004402156,0.3074204921722412,1.2184696791468346e-07,0.0,0.0,0.0,1.2184696791468346e-07,0.0,0.0,0.0,1.2184696791468346e-07,-0.3674429655075073,-1.3608965873718248,10.310157775878906,8.999999999999999e-08,0.0,0.0,0.0,8.999999999999999e-08,0.0,0.0,0.0,8.999999999999999e-08
1759811054202211328,168379,1759811054192717632,base_link,0.01150151539332168,-0.03977488314570657,0.04331368401191822,-0.9982032205868611,1.0,0.0,0.0,0.0,1.0,0.0,0.0,0.0,1.0,0.10530199110507965,-0.07647950947284698,-0.004951683804392805,1.2184696791468346e-07,0.0,0.0,0.0,1.2184696791468346e-07,0.0,0.0,0.0,1.2184696791468346e-07,-1.535428762435913,-1.4291310310363758,9.30884075164795,8.999999999999999e-08,0.0,0.0,0.0,8.999999999999999e-08,0.0,0.0,0.0,8.999999999999999e-08
1759811054207760512,168380,1759811054197717632,base_link,0.011372087689900787,-0.03952486804033995,0.0439194185187168,-0.9981881320150942,1.0,0.0,0.0,0.0,1.0,0.0,0.0,0.0,1.0,0.1463414579629898,-0.047089260071516086,-0.42296889424324036,1.2184696791468346e-07,0.0,0.0,0.0,1.2184696791468346e-07,0.0,0.0,0.0,1.2184696791468346e-07,-1.664889931678772,-2.2779536247253405,9.748401641845703,8.999999999999999e-08,0.0,0.0,0.0,8.999999999999999e-08,0.0,0.0,0.0,8.999999999999999e-08
1759811054215839840,168381,1759811054208717632,base_link,0.010643093407543092,-0.0393774344129818,0.04637421956338527,-0.9980910256761251,1.0,0.0,0.0,0.0,1.0,0.0,0.0,0.0,1.0,0.14959055185317993,-0.00626277644187217,-0.41297370195388794,1.2184696791468346e-07,0.0,0.0,0.0,1.2184696791468346e-07,0.0,0.0,0.0,1.2184696791468346e-07,0.5789676904678345,1.2666978836059584,10.17833137512207,8.999999999999999e-08,0.0,0.0,0.0,8.999999999999999e-08,0.0,0.0,0.0,8.999999999999999e-08
1759811054223186144,168382,1759811054219717632,base_link,0.010071094818799461,-0.03950688055564891,0.04694977692665008,-0.9980648946300483,1.0,0.0,0.0,0.0,1.0,0.0,0.0,0.0,1.0,0.09845518320798874,0.043406724929809556,-0.10371183604001999,1.2184696791468346e-07,0.0,0.0,0.0,1.2184696791468346e-07,0.0,0.0,0.0,1.2184696791468346e-07,0.3091719448566437,0.7067015171051039,10.855589866638184,8.999999999999999e-08,0.0,0.0,0.0,8.999999999999999e-08,0.0,0.0,0.0,8.999999999999999e-08
1759811054228737248,168383,1759811054224717632,base_link,0.010028886067104817,-0.03971335664941476,0.04636043754392223,-0.9980846615019998,1.0,0.0,0.0,0.0,1.0,0.0,0.0,0.0,1.0,0.0571124404668808,0.046797171235084555,0.14192378520965576,1.2184696791468346e-07,0.0,0.0,0.0,1.2184696791468346e-07,0.0,0.0,0.0,1.2184696791468346e-07,-1.2153148651123047,0.16775754094123957,9.457818031311035,8.999999999999999e-08,0.0,0.0,0.0,8.999999999999999e-08,0.0,0.0,0.0,8.999999999999999e-08
1759811054237775968,168384,1759811054229717632,base_link,0.009592988871825976,-0.039725451477848374,0.04539822499241854,-0.9981327089093023,1.0,0.0,0.0,0.0,1.0,0.0,0.0,0.0,1.0,0.08817332983016968,0.03939342498779302,0.4152279198169708,1.2184696791468346e-07,0.0,0.0,0.0,1.2184696791468346e-07,0.0,0.0,0.0,1.2184696791468346e-07,-0.2405974566936493,0.2876947820186628,10.599504470825195,8.999999999999999e-08,0.0,0.0,0.0,8.999999999999999e-08,0.0,0.0,0.0,8.999999999999999e-08
1759811054242739360,168385,1759811054234717632,base_link,0.009292693893274872,-0.03989977479455648,0.044247868909162186,-0.9981802505544226,1.0,0.0,0.0,0.0,1.0,0.0,0.0,0.0,1.0,0.10521042346954346,0.027710247784853034,0.42044776678085327,1.2184696791468346e-07,0.0,0.0,0.0,1.2184696791468346e-07,0.0,0.0,0.0,1.2184696791468346e-07,-0.43592098355293274,-0.038760591298340544,9.882988929748535,8.999999999999999e-08,0.0,0.0,0.0,8.999999999999999e-08,0.0,0.0,0.0,8.999999999999999e-08
1759811054246763232,168386,1759811054240717632,base_link,0.008977140438473807,-0.039889043153254394,0.04342933496423212,-0.9982195735640833,1.0,0.0,0.0,0.0,1.0,0.0,0.0,0.0,1.0,0.1414543241262436,0.021650509908795388,0.2630833387374878,1.2184696791468346e-07,0.0,0.0,0.0,1.2184696791468346e-07,0.0,0.0,0.0,1.2184696791468346e-07,-1.218092441558838,-1.3224809169769276,9.817953109741211,8.999999999999999e-08,0.0,0.0,0.0,8.999999999999999e-08,0.0,0.0,0.0,8.999999999999999e-08
1759811054252788544,168387,1759811054245717632,base_link,0.008506236334239619,-0.03989489893101938,0.04330921644597606,-0.9982286772833616,1.0,0.0,0.0,0.0,1.0,0.0,0.0,0.0,1.0,0.17033375799655914,0.013627911917865273,-0.03247198462486267,1.2184696791468346e-07,0.0,0.0,0.0,1.2184696791468346e-07,0.0,0.0,0.0,1.2184696791468346e-07,-1.909671425819397,-2.851286649703978,10.139412879943848,8.999999999999999e-08,0.0,0.0,0.0,8.999999999999999e-08,0.0,0.0,0.0,8.999999999999999e-08
1759811054261322432,168388,1759811054256717632,base_link,0.007705363235924626,-0.03987949294079963,0.04546983248803852,-0.9981396631393066,1.0,0.0,0.0,0.0,1.0,0.0,0.0,0.0,1.0,0.16900742053985596,0.00025142019148910883,-0.4182013273239136,1.2184696791468346e-07,0.0,0.0,0.0,1.2184696791468346e-07,0.0,0.0,0.0,1.2184696791468346e-07,-0.8330797553062439,0.002969884313644172,9.744589805603027,8.999999999999999e-08,0.0,0.0,0.0,8.999999999999999e-08,0.0,0.0,0.0,8.999999999999999e-08
1759811054267788736,168389,1759811054261716864,base_link,0.007288681052299704,-0.039997849193952315,0.04643790345148525,-0.9980935123401872,1.0,0.0,0.0,0.0,1.0,0.0,0.0,0.0,1.0,0.16224122047424316,0.028027066960930772,-0.42898309230804443,1.2184696791468346e-07,0.0,0.0,0.0,1.2184696791468346e-07,0.0,0.0,0.0,1.2184696791468346e-07,0.8636114001274109,1.9416464567184462,10.163631439208984,8.999999999999999e-08,0.0,0.0,0.0,8.999999999999999e-08,0.0,0.0,0.0,8.999999999999999e-08
1759811054272850208,168390,1759811054266716864,base_link,0.006834443392473542,-0.04018165160030832,0.046813094696929236,-0.9980718488600525,1.0,0.0,0.0,0.0,1.0,0.0,0.0,0.0,1.0,0.1295710653066635,0.07672582566738127,-0.13243018090724945,1.2184696791468346e-07,0.0,0.0,0.0,1.2184696791468346e-07,0.0,0.0,0.0,1.2184696791468346e-07,0.2809840440750122,1.5109615325927745,9.312664985656738,8.999999999999999e-08,0.0,0.0,0.0,8.999999999999999e-08,0.0,0.0,0.0,8.999999999999999e-08
1759811054282029024,168391,1759811054277716864,base_link,0.006274879441129642,-0.04055608025121206,0.045724525893589864,-0.9981107925480767,1.0,0.0,0.0,0.0,1.0,0.0,0.0,0.0,1.0,0.11456243693828583,0.07932332158088687,0.21565067768096924,1.2184696791468346e-07,0.0,0.0,0.0,1.2184696791468346e-07,0.0,0.0,0.0,1.2184696791468346e-07,-0.44124698638916016,0.06218528002500666,10.761466979980469,8.999999999999999e-08,0.0,0.0,0.0,8.999999999999999e-08,0.0,0.0,0.0,8.999999999999999e-08
1759811054285783808,168392,1759811054282716864,base_link,0.005828266409616905,-0.04055613161768368,0.04470238052350366,-0.9981598514797433,1.0,0.0,0.0,0.0,1.0,0.0,0.0,0.0,1.0,0.1263749748468399,0.0512027852237225,0.36063462495803833,1.2184696791468346e-07,0.0,0.0,0.0,1.2184696791468346e-07,0.0,0.0,0.0,1.2184696791468346e-07,-1.123329758644104,-0.026780882850288203,9.331021308898926,8.999999999999999e-08,0.0,0.0,0.0,8.999999999999999e-08,0.0,0.0,0.0,8.999999999999999e-08
1759811054292819936,168393,1759811054287716864,base_link,0.0055422368221977256,-0.0407471780136275,0.043473504861471536,-0.9982079410338943,1.0,0.0,0.0,0.0,1.0,0.0,0.0,0.0,1.0,0.11284895986318588,0.04634245857596403,0.4537273645401001,1.2184696791468346e-07,0.0,0.0,0.0,1.2184696791468346e-07,0.0,0.0,0.0,1.2184696791468346e-07,-0.578231692314148,0.37818965315818914,10.432278633117676,8.999999999999999e-08,0.0,0.0,0.0,8.999999999999999e-08,0.0,0.0,0.0,8.999999999999999e-08
1759811054302836416,168394,1759811054298716864,base_link,0.00447187545741506,-0.04074958038399262,0.042738084501804954,-0.9982449881137353,1.0,0.0,0.0,0.0,1.0,0.0,0.0,0.0,1.0,0.18097752332687378,0.02228420414030554,0.15954652428627014,1.2184696791468346e-07,0.0,0.0,0.0,1.2184696791468346e-07,0.0,0.0,0.0,1.2184696791468346e-07,-2.2309377193450928,-3.400851011276244,10.317293167114258,8.999999999999999e-08,0.0,0.0,0.0,8.999999999999999e-08,0.0,0.0,0.0,8.999999999999999e-08
1759811054311313952,168395,1759811054307716864,base_link,0.003598724465170932,-0.0406104483687021,0.04364601191242661,-0.9982148952638985,1.0,0.0,0.0,0.0,1.0,0.0,0.0,0.0,1.0,0.23139961063861847,-0.03519894927740102,-0.3913722634315491,1.2184696791468346e-07,0.0,0.0,0.0,1.2184696791468346e-07,0.0,0.0,0.0,1.2184696791468346e-07,-1.904945969581604,-1.1993674039840685,10.419473648071289,8.999999999999999e-08,0.0,0.0,0.0,8.999999999999999e-08,0.0,0.0,0.0,8.999999999999999e-08
1759811054319996128,168396,1759811054309716864,base_link,0.0031707205843647703,-0.040427699633558856,0.045054601736509194,-0.9981611580320472,1.0,0.0,0.0,0.0,1.0,0.0,0.0,0.0,1.0,0.19942794740200043,-0.010842787101864863,-0.3915673494338989,1.2184696791468346e-07,0.0,0.0,0.0,1.2184696791468346e-07,0.0,0.0,0.0,1.2184696791468346e-07,-0.9713791608810425,0.6302263140678419,10.68972396850586,8.999999999999999e-08,0.0,0.0,0.0,8.999999999999999e-08,0.0,0.0,0.0,8.999999999999999e-08
1759811054326728288,168397,1759811054319716864,base_link,0.0021304244105495493,-0.04039725775513285,0.04651570653383637,-0.9980981484935233,1.0,0.0,0.0,0.0,1.0,0.0,0.0,0.0,1.0,0.17312298715114594,0.010644540190696695,-0.16438032686710358,1.2184696791468346e-07,0.0,0.0,0.0,1.2184696791468346e-07,0.0,0.0,0.0,1.2184696791468346e-07,0.22162076830863953,1.3274958133697523,10.494317054748535,8.999999999999999e-08,0.0,0.0,0.0,8.999999999999999e-08,0.0,0.0,0.0,8.999999999999999e-08
1759811054331898368,168398,1759811054329716864,base_link,0.0019172904318079918,-0.04045521494019139,0.04628786067078649,-0.9981068307443166,1.0,0.0,0.0,0.0,1.0,0.0,0.0,0.0,1.0,0.15396341681480408,0.001276483992114682,0.15477319061756134,1.2184696791468346e-07,0.0,0.0,0.0,1.2184696791468346e-07,0.0,0.0,0.0,1.2184696791468346e-07,-0.43103092908859253,0.5576203465461744,10.472577095031738,8.999999999999999e-08,0.0,0.0,0.0,8.999999999999999e-08,0.0,0.0,0.0,8.999999999999999e-08
1759811054340247232,168399,1759811054330716864,base_link,0.0013287597417359616,-0.040479101666584937,0.04543320687668255,-0.9981461116071287,1.0,0.0,0.0,0.0,1.0,0.0,0.0,0.0,1.0,0.1557769924402237,-0.019007243216037705,0.3661462068557739,1.2184696791468346e-07,0.0,0.0,0.0,1.2184696791468346e-07,0.0,0.0,0.0,1.2184696791468346e-07,-1.1589405536651611,0.4670996069908154,9.72244930267334,8.999999999999999e-08,0.0,0.0,0.0,8.999999999999999e-08,0.0,0.0,0.0,8.999999999999999e-08
1759811054342806624,168400,1759811054339716864,base_link,0.0009758273006617984,-0.04031151262601547,0.04455528802220065,-0.9981928103152788,1.0,0.0,0.0,0.0,1.0,0.0,0.0,0.0,1.0,0.16941703855991364,-0.0008289602119475114,0.39916375279426575,1.2184696791468346e-07,0.0,0.0,0.0,1.2184696791468346e-07,0.0,0.0,0.0,1.2184696791468346e-07,-0.9496397376060486,-0.11681243032216898,10.453554153442383,8.999999999999999e-08,0.0,0.0,0.0,8.999999999999999e-08,0.0,0.0,0.0,8.999999999999999e-08
1759811054349116992,168401,1759811054346716864,base_link,-0.0002142008208444359,-0.04023524395236796,0.04307513284934656,-0.998261383237806,1.0,0.0,0.0,0.0,1.0,0.0,0.0,0.0,1.0,0.2116549164056778,-0.02206545323133465,0.2888396382331848,1.2184696791468346e-07,0.0,0.0,0.0,1.2184696791468346e-07,0.0,0.0,0.0,1.2184696791468346e-07,-1.7280818223953247,-1.0789599418640123,10.309967041015625,8.999999999999999e-08,0.0,0.0,0.0,8.999999999999999e-08,0.0,0.0,0.0,8.999999999999999e-08
1759811054359772384,168402,1759811054355716864,base_link,-0.0006441763839074967,-0.03993587357030606,0.043341922400420514,-0.9982616361188971,1.0,0.0,0.0,0.0,1.0,0.0,0.0,0.0,1.0,0.25429782271385193,-0.0932012498378754,-0.18251878023147583,1.2184696791468346e-07,0.0,0.0,0.0,1.2184696791468346e-07,0.0,0.0,0.0,1.2184696791468346e-07,-2.013723611831665,-2.9247765541076647,10.84457015991211,8.999999999999999e-08,0.0,0.0,0.0,8.999999999999999e-08,0.0,0.0,0.0,8.999999999999999e-08
1759811054367883680,168403,1759811054361716096,base_link,-0.001964506755941228,-0.03937271660012661,0.04583309617535395,-0.9981709782477503,1.0,0.0,0.0,0.0,1.0,0.0,0.0,0.0,1.0,0.2616412341594696,-0.10281538963317877,-0.5065606832504272,1.2184696791468346e-07,0.0,0.0,0.0,1.2184696791468346e-07,0.0,0.0,0.0,1.2184696791468346e-07,-1.0666773319244385,0.9503839015960707,10.695595741271973,8.999999999999999e-08,0.0,0.0,0.0,8.999999999999999e-08,0.0,0.0,0.0,8.999999999999999e-08
1759811054376787136,168404,1759811054372716096,base_link,-0.002954264907124839,-0.039055408782756276,0.0471936807389826,-0.9981176203375354,1.0,0.0,0.0,0.0,1.0,0.0,0.0,0.0,1.0,0.19519303739070892,-0.05628594383597376,-0.18600286543369293,1.2184696791468346e-07,0.0,0.0,0.0,1.2184696791468346e-07,0.0,0.0,0.0,1.2184696791468346e-07,0.08344919234514236,1.967578172683717,9.604133605957031,8.999999999999999e-08,0.0,0.0,0.0,8.999999999999999e-08,0.0,0.0,0.0,8.999999999999999e-08
1759811054391030944,168405,1759811054383716096,base_link,-0.0035712315490515605,-0.038899275782447666,0.0460024422126707,-0.9981773002750268,1.0,0.0,0.0,0.0,1.0,0.0,0.0,0.0,1.0,0.11922133713960648,-0.041491463780403096,0.34534862637519836,1.2184696791468346e-07,0.0,0.0,0.0,1.2184696791468346e-07,0.0,0.0,0.0,1.2184696791468346e-07,-1.163735270500183,0.8264272809028638,10.061409950256348,8.999999999999999e-08,0.0,0.0,0.0,8.999999999999999e-08,0.0,0.0,0.0,8.999999999999999e-08
1759811054398252736,168406,1759811054393716096,base_link,-0.004422218567335025,-0.03852412141549614,0.04390357130367671,-0.9982829624242436,1.0,0.0,0.0,0.0,1.0,0.0,0.0,0.0,1.0,0.13873164355754852,-0.04314360767602915,0.4298495948314667,1.2184696791468346e-07,0.0,0.0,0.0,1.2184696791468346e-07,0.0,0.0,0.0,1.2184696791468346e-07,-0.4822952151298523,0.07023945450782904,10.477204322814941,8.999999999999999e-08,0.0,0.0,0.0,8.999999999999999e-08,0.0,0.0,0.0,8.999999999999999e-08
1759811054402779808,168407,1759811054398716096,base_link,-0.0048367934085344,-0.03820973226738519,0.04325059017969742,-0.9983216110843282,1.0,0.0,0.0,0.0,1.0,0.0,0.0,0.0,1.0,0.15554428100585938,-0.08607566356658931,0.30441638827323914,1.2184696791468346e-07,0.0,0.0,0.0,1.2184696791468346e-07,0.0,0.0,0.0,1.2184696791468346e-07,-1.9196257591247559,-0.9921154975891101,9.621516227722168,8.999999999999999e-08,0.0,0.0,0.0,8.999999999999999e-08,0.0,0.0,0.0,8.999999999999999e-08
1759811054412845568,168408,1759811054408716096,base_link,-0.00510659645927689,-0.03782017684913309,0.043376061347714316,-0.9983296611323937,1.0,0.0,0.0,0.0,1.0,0.0,0.0,0.0,1.0,0.16338050365447998,-0.1220696121454239,-0.11448823660612105,1.2184696791468346e-07,0.0,0.0,0.0,1.2184696791468346e-07,0.0,0.0,0.0,1.2184696791468346e-07,-1.6015918254852295,-2.543317079544066,10.481950759887695,8.999999999999999e-08,0.0,0.0,0.0,8.999999999999999e-08,0.0,0.0,0.0,8.999999999999999e-08
1759811054421182720,168409,1759811054414716096,base_link,-0.005916197906500684,-0.03725246670222544,0.04562392136619437,-0.9982463789597362,1.0,0.0,0.0,0.0,1.0,0.0,0.0,0.0,1.0,0.16566558182239532,-0.10528934001922613,-0.457813560962677,1.2184696791468346e-07,0.0,0.0,0.0,1.2184696791468346e-07,0.0,0.0,0.0,1.2184696791468346e-07,-1.0404564142227173,1.6152299642562877,9.7333402633667,8.999999999999999e-08,0.0,0.0,0.0,8.999999999999999e-08,0.0,0.0,0.0,8.999999999999999e-08
1759811054427038144,168410,1759811054424716096,base_link,-0.006160085913765036,-0.03706502122765127,0.046544324243975276,-0.9982093740267436,1.0,0.0,0.0,0.0,1.0,0.0,0.0,0.0,1.0,0.1251295804977417,-0.06515345722436909,-0.2845233678817749,1.2184696791468346e-07,0.0,0.0,0.0,1.2184696791468346e-07,0.0,0.0,0.0,1.2184696791468346e-07,0.6285171508789062,1.9614955186843885,10.341217994689941,8.999999999999999e-08,0.0,0.0,0.0,8.999999999999999e-08,0.0,0.0,0.0,8.999999999999999e-08
1759811054436726656,168411,1759811054425716096,base_link,-0.0065180153905657736,-0.03695234953069149,0.04664320075058184,-0.998206676628439,1.0,0.0,0.0,0.0,1.0,0.0,0.0,0.0,1.0,0.05565551668405533,-0.05511632189154624,0.0635535717010498,1.2184696791468346e-07,0.0,0.0,0.0,1.2184696791468346e-07,0.0,0.0,0.0,1.2184696791468346e-07,1.0632305145263672,1.5898475646972667,9.494590759277344,8.999999999999999e-08,0.0,0.0,0.0,8.999999999999999e-08,0.0,0.0,0.0,8.999999999999999e-08
1759811054441883296,168412,1759811054435716096,base_link,-0.006625380535880228,-0.03675917603598689,0.04526044694463642,-0.9982767246906641,1.0,0.0,0.0,0.0,1.0,0.0,0.0,0.0,1.0,0.020755011588335037,-0.026019750162959057,0.3281867504119873,1.2184696791468346e-07,0.0,0.0,0.0,1.2184696791468346e-07,0.0,0.0,0.0,1.2184696791468346e-07,-0.793914794921875,1.0750564336776747,10.180785179138184,8.999999999999999e-08,0.0,0.0,0.0,8.999999999999999e-08,0.0,0.0,0.0,8.999999999999999e-08
1759811054448794464,168413,1759811054441716096,base_link,-0.006809551727160708,-0.03656981551398351,0.04388148635505695,-0.9983439910608874,1.0,0.0,0.0,0.0,1.0,0.0,0.0,0.0,1.0,0.048918526619672775,-0.044906359165906844,0.4971349835395813,1.2184696791468346e-07,0.0,0.0,0.0,1.2184696791468346e-07,0.0,0.0,0.0,1.2184696791468346e-07,-0.7902465462684631,1.3466271162033092,9.094078063964844,8.999999999999999e-08,0.0,0.0,0.0,8.999999999999999e-08,0.0,0.0,0.0,8.999999999999999e-08
1759811054457916480,168414,1759811054451716096,base_link,-0.007226488108965709,-0.03627778922027464,0.04217567695527554,-0.9984252080379679,1.0,0.0,0.0,0.0,1.0,0.0,0.0,0.0,1.0,0.06336559355258942,-0.060558889061212505,0.2862154245376587,1.2184696791468346e-07,0.0,0.0,0.0,1.2184696791468346e-07,0.0,0.0,0.0,1.2184696791468346e-07,-1.1496992111206055,-1.6787285804748522,10.264033317565918,8.999999999999999e-08,0.0,0.0,0.0,8.999999999999999e-08,0.0,0.0,0.0,8.999999999999999e-08
1759811054467586080,168415,1759811054462715328,base_link,-0.007506979337072758,-0.03577101946504669,0.04362228323671496,-0.9983793101199395,1.0,0.0,0.0,0.0,1.0,0.0,0.0,0.0,1.0,0.08189206570386887,-0.08836083114147189,-0.27458399534225464,1.2184696791468346e-07,0.0,0.0,0.0,1.2184696791468346e-07,0.0,0.0,0.0,1.2184696791468346e-07,-1.6695750951766968,-1.651701450347899,9.975747108459473,8.999999999999999e-08,0.0,0.0,0.0,8.999999999999999e-08,0.0,0.0,0.0,8.999999999999999e-08
1759811054474942336,168416,1759811054467715328,base_link,-0.007794893678873788,-0.035777561446188995,0.045028681424675004,-0.9983144461200812,1.0,0.0,0.0,0.0,1.0,0.0,0.0,0.0,1.0,0.09146255254745483,-0.034108765423297945,-0.5342287421226501,1.2184696791468346e-07,0.0,0.0,0.0,1.2184696791468346e-07,0.0,0.0,0.0,1.2184696791468346e-07,-0.08625560998916626,1.7357646226882948,10.692572593688965,8.999999999999999e-08,0.0,0.0,0.0,8.999999999999999e-08,0.0,0.0,0.0,8.999999999999999e-08
1759811054478767840,168417,1759811054473715328,base_link,-0.007694477495207565,-0.03561890622041481,0.046044125445847975,-0.9982745330545414,1.0,0.0,0.0,0.0,1.0,0.0,0.0,0.0,1.0,0.0211800504475832,-0.012955505400896121,-0.39439117908477783,1.2184696791468346e-07,0.0,0.0,0.0,1.2184696791468346e-07,0.0,0.0,0.0,1.2184696791468346e-07,1.166073203086853,2.1292424201965345,10.009407043457031,8.999999999999999e-08,0.0,0.0,0.0,8.999999999999999e-08,0.0,0.0,0.0,8.999999999999999e-08
1759811054486781312,168418,1759811054483715328,base_link,-0.0075193204611523545,-0.03583319660331239,0.04583811165032673,-0.9982777362150284,1.0,0.0,0.0,0.0,1.0,0.0,0.0,0.0,1.0,-0.04077930003404617,0.021800665184855465,0.04005910083651543,1.2184696791468346e-07,0.0,0.0,0.0,1.2184696791468346e-07,0.0,0.0,0.0,1.2184696791468346e-07,0.8615555763244629,1.5932966470718395,9.655525207519531,8.999999999999999e-08,0.0,0.0,0.0,8.999999999999999e-08,0.0,0.0,0.0,8.999999999999999e-08
1759811054492724352,168419,1759811054488715328,base_link,-0.007251514117358068,-0.03596990780899157,0.045030493739160994,-0.998311537987534,1.0,0.0,0.0,0.0,1.0,0.0,0.0,0.0,1.0,-0.08140438795089722,0.04528172686696056,0.2966271638870239,1.2184696791468346e-07,0.0,0.0,0.0,1.2184696791468346e-07,0.0,0.0,0.0,1.2184696791468346e-07,-0.5293717384338379,1.2559497356414808,10.015953063964844,8.999999999999999e-08,0.0,0.0,0.0,8.999999999999999e-08,0.0,0.0,0.0,8.999999999999999e-08
1759811054497896544,168420,1759811054494715328,base_link,-0.007289354084786757,-0.03606087387896824,0.04385219429534192,-0.9983603861849581,1.0,0.0,0.0,0.0,1.0,0.0,0.0,0.0,1.0,-0.042499929666519165,0.03985270857810979,0.4182937741279602,1.2184696791468346e-07,0.0,0.0,0.0,1.2184696791468346e-07,0.0,0.0,0.0,1.2184696791468346e-07,-0.726575493812561,0.7510277032852186,10.623394966125488,8.999999999999999e-08,0.0,0.0,0.0,8.999999999999999e-08,0.0,0.0,0.0,8.999999999999999e-08
1759811054507199232,168421,1759811054499715328,base_link,-0.00724581112191894,-0.036074492579393325,0.042990712711779254,-0.9983977282927388,1.0,0.0,0.0,0.0,1.0,0.0,0.0,0.0,1.0,0.00028631556779146194,0.016981553286314045,0.2715340256690979,1.2184696791468346e-07,0.0,0.0,0.0,1.2184696791468346e-07,0.0,0.0,0.0,1.2184696791468346e-07,-0.08836549520492554,0.7622213363647472,9.345110893249512,8.999999999999999e-08,0.0,0.0,0.0,8.999999999999999e-08,0.0,0.0,0.0,8.999999999999999e-08
1759811054516178432,168422,1759811054510715328,base_link,-0.0072692171108216614,-0.036126824477264674,0.04334862374933375,-0.9983801952037582,1.0,0.0,0.0,0.0,1.0,0.0,0.0,0.0,1.0,0.00940061453729868,0.009885593317449065,-0.23148933053016663,1.2184696791468346e-07,0.0,0.0,0.0,1.2184696791468346e-07,0.0,0.0,0.0,1.2184696791468346e-07,-2.376542806625366,-1.7749456167221058,9.050729751586914,8.999999999999999e-08,0.0,0.0,0.0,8.999999999999999e-08,0.0,0.0,0.0,8.999999999999999e-08
1759811054522008960,168423,1759811054515715328,base_link,-0.007300048847596395,-0.03621798679350472,0.04487543548348937,-0.998309219910866,1.0,0.0,0.0,0.0,1.0,0.0,0.0,0.0,1.0,0.04368355870246887,0.06268576532602303,-0.5770184397697449,1.2184696791468346e-07,0.0,0.0,0.0,1.2184696791468346e-07,0.0,0.0,0.0,1.2184696791468346e-07,-1.940306305885315,-1.2480674982070912,9.079928398132324,8.999999999999999e-08,0.0,0.0,0.0,8.999999999999999e-08,0.0,0.0,0.0,8.999999999999999e-08
1759811054529805632,168424,1759811054525715328,base_link,-0.007152184532130018,-0.03664435221557502,0.047244678425680774,-0.9981853924699409,1.0,0.0,0.0,0.0,1.0,0.0,0.0,0.0,1.0,-0.01659264974296093,0.06654859334230417,-0.47590959072113037,1.2184696791468346e-07,0.0,0.0,0.0,1.2184696791468346e-07,0.0,0.0,0.0,1.2184696791468346e-07,1.0212970972061157,2.8379142284393324,9.518132209777832,8.999999999999999e-08,0.0,0.0,0.0,8.999999999999999e-08,0.0,0.0,0.0,8.999999999999999e-08
1759811054535835328,168425,1759811054531715328,base_link,-0.006927295533920967,-0.03677769825881841,0.04727173670242478,-0.9981807563166047,1.0,0.0,0.0,0.0,1.0,0.0,0.0,0.0,1.0,-0.07003635913133621,0.06732960045337676,-0.16483886539936066,1.2184696791468346e-07,0.0,0.0,0.0,1.2184696791468346e-07,0.0,0.0,0.0,1.2184696791468346e-07,0.4727655053138733,1.024127483367921,9.886401176452637,8.999999999999999e-08,0.0,0.0,0.0,8.999999999999999e-08,0.0,0.0,0.0,8.999999999999999e-08
1759811054548263616,168426,1759811054540715328,base_link,-0.0067452804173596245,-0.037233291203242,0.04667316715987304,-0.998193316077461,1.0,0.0,0.0,0.0,1.0,0.0,0.0,0.0,1.0,-0.06782896816730499,0.09029983729124072,0.25012150406837463,1.2184696791468346e-07,0.0,0.0,0.0,1.2184696791468346e-07,0.0,0.0,0.0,1.2184696791468346e-07,-0.5612298846244812,0.8528057336807264,10.64272689819336,8.999999999999999e-08,0.0,0.0,0.0,8.999999999999999e-08,0.0,0.0,0.0,8.999999999999999e-08
1759811054550175264,168427,1759811054547715328,base_link,-0.00652309540290035,-0.03756859835910451,0.04499416315574455,-0.9982592758953805,1.0,0.0,0.0,0.0,1.0,0.0,0.0,0.0,1.0,-0.07087089866399765,0.08662080019712452,0.3451758027076721,1.2184696791468346e-07,0.0,0.0,0.0,1.2184696791468346e-07,0.0,0.0,0.0,1.2184696791468346e-07,-0.4785965383052826,0.2737222611904157,10.328324317932129,8.999999999999999e-08,0.0,0.0,0.0,8.999999999999999e-08,0.0,0.0,0.0,8.999999999999999e-08
1759811054560738336,168428,1759811054556715328,base_link,-0.006464070058649861,-0.03781034609671792,0.044292291687492664,-0.9982819930467278,1.0,0.0,0.0,0.0,1.0,0.0,0.0,0.0,1.0,-0.0510011687874794,0.09503799676895144,0.20101214945316315,1.2184696791468346e-07,0.0,0.0,0.0,1.2184696791468346e-07,0.0,0.0,0.0,1.2184696791468346e-07,-0.9921635389328003,-0.4030261933803546,10.028532981872559,8.999999999999999e-08,0.0,0.0,0.0,8.999999999999999e-08,0.0,0.0,0.0,8.999999999999999e-08
1759811054567882016,168429,1759811054563713792,base_link,-0.006248421756976824,-0.03810076817600535,0.04492263995382157,-0.9982441451767651,1.0,0.0,0.0,0.0,1.0,0.0,0.0,0.0,1.0,-0.0393732413649559,0.049954861402511576,-0.19715352356433868,1.2184696791468346e-07,0.0,0.0,0.0,1.2184696791468346e-07,0.0,0.0,0.0,1.2184696791468346e-07,-2.2166950702667236,-2.4204635620117174,9.086281776428223,8.999999999999999e-08,0.0,0.0,0.0,8.999999999999999e-08,0.0,0.0,0.0,8.999999999999999e-08
1759811054574099424,168430,1759811054568713792,base_link,-0.006199717122255438,-0.03828159264409626,0.0462659443095608,-0.9981761201632685,1.0,0.0,0.0,0.0,1.0,0.0,0.0,0.0,1.0,-0.015060198493301868,0.051807295531034414,-0.44778937101364136,1.2184696791468346e-07,0.0,0.0,0.0,1.2184696791468346e-07,0.0,0.0,0.0,1.2184696791468346e-07,-1.5452799797058105,-0.02270257472991819,10.143946647644043,8.999999999999999e-08,0.0,0.0,0.0,8.999999999999999e-08,0.0,0.0,0.0,8.999999999999999e-08
1759811054579756480,168431,1759811054573713792,base_link,-0.005969916699105851,-0.03824791731213606,0.04735834847611466,-0.9981276091406325,1.0,0.0,0.0,0.0,1.0,0.0,0.0,0.0,1.0,-0.04573933035135269,0.030389877036213823,-0.4289807677268982,1.2184696791468346e-07,0.0,0.0,0.0,1.2184696791468346e-07,0.0,0.0,0.0,1.2184696791468346e-07,-0.012274369597434998,1.5772277116775526,10.853497505187988,8.999999999999999e-08,0.0,0.0,0.0,8.999999999999999e-08,0.0,0.0,0.0,8.999999999999999e-08
1759811054586159488,168432,1759811054582713792,base_link,-0.0057380471291121815,-0.03846450338118846,0.0477182404155492,-0.9981034589964358,1.0,0.0,0.0,0.0,1.0,0.0,0.0,0.0,1.0,-0.06244400143623352,0.0056632440537214175,-0.08543471992015839,1.2184696791468346e-07,0.0,0.0,0.0,1.2184696791468346e-07,0.0,0.0,0.0,1.2184696791468346e-07,0.5425612926483154,2.402826547622682,9.582634925842285,8.999999999999999e-08,0.0,0.0,0.0,8.999999999999999e-08,0.0,0.0,0.0,8.999999999999999e-08
1759811054595525504,168433,1759811054584713792,base_link,-0.005681358300776014,-0.03846505260730812,0.04743433924397981,-0.9981173674564443,1.0,0.0,0.0,0.0,1.0,0.0,0.0,0.0,1.0,-0.08986440300941467,0.04360076412558557,0.10877924412488937,1.2184696791468346e-07,0.0,0.0,0.0,1.2184696791468346e-07,0.0,0.0,0.0,1.2184696791468346e-07,-0.6396681666374207,0.7029819488525402,9.169360160827637,8.999999999999999e-08,0.0,0.0,0.0,8.999999999999999e-08,0.0,0.0,0.0,8.999999999999999e-08
1759811054598737088,168434,1759811054594713792,base_link,-0.005272196695432255,-0.038655711779081246,0.045523991188375044,-0.998201155391284,1.0,0.0,0.0,0.0,1.0,0.0,0.0,0.0,1.0,-0.06825652718544006,0.02240051701664929,0.37853774428367615,1.2184696791468346e-07,0.0,0.0,0.0,1.2184696791468346e-07,0.0,0.0,0.0,1.2184696791468346e-07,-1.2423144578933716,0.21937006711959955,9.505623817443848,8.999999999999999e-08,0.0,0.0,0.0,8.999999999999999e-08,0.0,0.0,0.0,8.999999999999999e-08
1759811054603976064,168435,1759811054599713792,base_link,-0.005110194746468509,-0.03861054616254576,0.044617581064299736,-0.9982446509389472,1.0,0.0,0.0,0.0,1.0,0.0,0.0,0.0,1.0,-0.06998439133167267,0.0056634796783328525,0.38094809651374817,1.2184696791468346e-07,0.0,0.0,0.0,1.2184696791468346e-07,0.0,0.0,0.0,1.2184696791468346e-07,-0.6925487518310547,-0.2833769917488086,10.149184226989746,8.999999999999999e-08,0.0,0.0,0.0,8.999999999999999e-08,0.0,0.0,0.0,8.999999999999999e-08
1759811054616745792,168436,1759811054610713792,base_link,-0.00489936172223784,-0.038547688089258805,0.0441315857541206,-0.9982698126075082,1.0,0.0,0.0,0.0,1.0,0.0,0.0,0.0,1.0,-0.032708026468753815,-0.02447443269193173,-0.05312821641564369,1.2184696791468346e-07,0.0,0.0,0.0,1.2184696791468346e-07,0.0,0.0,0.0,1.2184696791468346e-07,-1.8919795751571655,-1.9290461540222157,9.48022747039795,8.999999999999999e-08,0.0,0.0,0.0,8.999999999999999e-08,0.0,0.0,0.0,8.999999999999999e-08
1759811054626267040,168437,1759811054619713792,base_link,-0.004853741709991845,-0.038414378924507865,0.0450050791895089,-0.998236137275548,1.0,0.0,0.0,0.0,1.0,0.0,0.0,0.0,1.0,0.014319817535579205,-0.04795696586370473,-0.38204824924468994,1.2184696791468346e-07,0.0,0.0,0.0,1.2184696791468346e-07,0.0,0.0,0.0,1.2184696791468346e-07,-1.7808548212051392,-1.5011643171310411,9.974407196044922,8.999999999999999e-08,0.0,0.0,0.0,8.999999999999999e-08,0.0,0.0,0.0,8.999999999999999e-08
1759811054634306016,168438,1759811054621713792,base_link,-0.004891212892496062,-0.03841453697518978,0.046241709871667036,-0.9981794497643008,1.0,0.0,0.0,0.0,1.0,0.0,0.0,0.0,1.0,-0.01895635947585106,-0.034645516425371226,-0.4300721287727356,1.2184696791468346e-07,0.0,0.0,0.0,1.2184696791468346e-07,0.0,0.0,0.0,1.2184696791468346e-07,-1.1809512376785278,0.401333272457124,10.156835556030273,8.999999999999999e-08,0.0,0.0,0.0,8.999999999999999e-08,0.0,0.0,0.0,8.999999999999999e-08
1759811054636782304,168439,1759811054631713792,base_link,-0.004514055233151245,-0.03816429928177946,0.04733702217076813,-0.9981394945519125,1.0,0.0,0.0,0.0,1.0,0.0,0.0,0.0,1.0,-0.059357576072216034,-0.04154855385422709,-0.16021648049354553,1.2184696791468346e-07,0.0,0.0,0.0,1.2184696791468346e-07,0.0,0.0,0.0,1.2184696791468346e-07,0.38925230503082275,0.8930904865264905,9.796862602233887,8.999999999999999e-08,0.0,0.0,0.0,8.999999999999999e-08,0.0,0.0,0.0,8.999999999999999e-08
1759811054642717792,168440,1759811054637713792,base_link,-0.0045754276300281884,-0.03809816955937685,0.04688883258370331,-0.9981628439059875,1.0,0.0,0.0,0.0,1.0,0.0,0.0,0.0,1.0,-0.04625190794467926,-0.04443550854921339,0.19152772426605225,1.2184696791468346e-07,0.0,0.0,0.0,1.2184696791468346e-07,0.0,0.0,0.0,1.2184696791468346e-07,-0.922275185585022,1.0737226009368908,9.069860458374023,8.999999999999999e-08,0.0,0.0,0.0,8.999999999999999e-08,0.0,0.0,0.0,8.999999999999999e-08
1759811054649852160,168441,1759811054642713792,base_link,-0.004417561340574571,-0.03784936617590491,0.04582011494601256,-0.9982226502840246,1.0,0.0,0.0,0.0,1.0,0.0,0.0,0.0,1.0,-0.019713854417204857,-0.07101283222436901,0.38851186633110046,1.2184696791468346e-07,0.0,0.0,0.0,1.2184696791468346e-07,0.0,0.0,0.0,1.2184696791468346e-07,-1.4982154369354248,0.39255163073539867,10.995731353759766,8.999999999999999e-08,0.0,0.0,0.0,8.999999999999999e-08,0.0,0.0,0.0,8.999999999999999e-08
1759811054655824416,168442,1759811054652713792,base_link,-0.004387355221082418,-0.03743363493054952,0.04414777014394878,-0.9983138139173536,1.0,0.0,0.0,0.0,1.0,0.0,0.0,0.0,1.0,-0.017141088843345642,-0.0843989104032516,0.34128767251968384,1.2184696791468346e-07,0.0,0.0,0.0,1.2184696791468346e-07,0.0,0.0,0.0,1.2184696791468346e-07,-0.9903540015220642,-0.23210060596465934,10.640458106994629,8.999999999999999e-08,0.0,0.0,0.0,8.999999999999999e-08,0.0,0.0,0.0,8.999999999999999e-08
1759811054669019360,168443,1759811054663713024,base_link,-0.004396220547248881,-0.03700792410172016,0.04441375890490107,-0.9983179021616592,1.0,0.0,0.0,0.0,1.0,0.0,0.0,0.0,1.0,0.016141196712851524,-0.10001717507839204,-0.06260203570127486,1.2184696791468346e-07,0.0,0.0,0.0,1.2184696791468346e-07,0.0,0.0,0.0,1.2184696791468346e-07,-0.8696863651275635,-1.2333130836486803,10.807934761047363,8.999999999999999e-08,0.0,0.0,0.0,8.999999999999999e-08,0.0,0.0,0.0,8.999999999999999e-08
1759811054675938624,168444,1759811054672713024,base_link,-0.004403253802594139,-0.03679216384748076,0.045630538421410564,-0.998270950572418,1.0,0.0,0.0,0.0,1.0,0.0,0.0,0.0,1.0,0.06960339844226837,-0.08614342659711843,-0.4804994463920593,1.2184696791468346e-07,0.0,0.0,0.0,1.2184696791468346e-07,0.0,0.0,0.0,1.2184696791468346e-07,-1.8606268167495728,-2.2012369632720934,9.897305488586426,8.999999999999999e-08,0.0,0.0,0.0,8.999999999999999e-08,0.0,0.0,0.0,8.999999999999999e-08
1759811054680991968,168445,1759811054674713024,base_link,-0.004557450682049277,-0.036697349243399444,0.04691825108396394,-0.9982140944737768,1.0,0.0,0.0,0.0,1.0,0.0,0.0,0.0,1.0,0.05774473026394844,-0.05534918606281286,-0.47181040048599243,1.2184696791468346e-07,0.0,0.0,0.0,1.2184696791468346e-07,0.0,0.0,0.0,1.2184696791468346e-07,-0.49725010991096497,0.9018704891204845,9.160131454467773,8.999999999999999e-08,0.0,0.0,0.0,8.999999999999999e-08,0.0,0.0,0.0,8.999999999999999e-08
1759811054689852224,168446,1759811054684713024,base_link,-0.004716108542001487,-0.0364999241853513,0.04790747976536309,-0.9981735070586608,1.0,0.0,0.0,0.0,1.0,0.0,0.0,0.0,1.0,0.043605733662843704,-0.03973014280200005,-0.05208382010459899,1.2184696791468346e-07,0.0,0.0,0.0,1.2184696791468346e-07,0.0,0.0,0.0,1.2184696791468346e-07,0.0498599149286747,0.8617510199546826,9.710062980651855,8.999999999999999e-08,0.0,0.0,0.0,8.999999999999999e-08,0.0,0.0,0.0,8.999999999999999e-08
1759811054695979840,168447,1759811054689713024,base_link,-0.004974877020968216,-0.03628359494865701,0.04751880152839565,-0.9981987108740704,1.0,0.0,0.0,0.0,1.0,0.0,0.0,0.0,1.0,0.012238740921020508,-0.03768999874591825,0.17157118022441864,1.2184696791468346e-07,0.0,0.0,0.0,1.2184696791468346e-07,0.0,0.0,0.0,1.2184696791468346e-07,-1.1207730770111084,0.26844161748886225,9.655265808105469,8.999999999999999e-08,0.0,0.0,0.0,8.999999999999999e-08,0.0,0.0,0.0,8.999999999999999e-08
1759811054703031392,168448,1759811054695713024,base_link,-0.005013724561494119,-0.036213197857842674,0.04663881747833666,-0.9982425857433702,1.0,0.0,0.0,0.0,1.0,0.0,0.0,0.0,1.0,0.0488123781979084,-0.0701677948236465,0.35417744517326355,1.2184696791468346e-07,0.0,0.0,0.0,1.2184696791468346e-07,0.0,0.0,0.0,1.2184696791468346e-07,-0.7223123908042908,0.8901383876800549,10.093863487243652,8.999999999999999e-08,0.0,0.0,0.0,8.999999999999999e-08,0.0,0.0,0.0,8.999999999999999e-08
1759811054711178528,168449,1759811054706713024,base_link,-0.005267552639561961,-0.03572357133324654,0.04515061225741701,-0.9983273852025741,1.0,0.0,0.0,0.0,1.0,0.0,0.0,0.0,1.0,0.03918759897351265,-0.07883786410093303,0.299181193113327,1.2184696791468346e-07,0.0,0.0,0.0,1.2184696791468346e-07,0.0,0.0,0.0,1.2184696791468346e-07,-0.6153063774108887,-0.9328712821006763,10.077499389648438,8.999999999999999e-08,0.0,0.0,0.0,8.999999999999999e-08,0.0,0.0,0.0,8.999999999999999e-08
1759811054720734048,168450,1759811054716713024,base_link,-0.0057053675164480495,-0.035233939540294336,0.04573847650044699,-0.9983155840849911,1.0,0.0,0.0,0.0,1.0,0.0,0.0,0.0,1.0,0.10141459852457047,-0.08804403990507129,-0.18326354026794434,1.2184696791468346e-07,0.0,0.0,0.0,1.2184696791468346e-07,0.0,0.0,0.0,1.2184696791468346e-07,-1.238674521446228,-1.8195245265960682,9.181587219238281,8.999999999999999e-08,0.0,0.0,0.0,8.999999999999999e-08,0.0,0.0,0.0,8.999999999999999e-08
1759811054730110880,168451,1759811054725713024,base_link,-0.00606563877751917,-0.03509475484144317,0.04695538245750199,-0.9982619311468367,1.0,0.0,0.0,0.0,1.0,0.0,0.0,0.0,1.0,0.1464579701423645,-0.046274773776531275,-0.46397504210472107,1.2184696791468346e-07,0.0,0.0,0.0,1.2184696791468346e-07,0.0,0.0,0.0,1.2184696791468346e-07,-1.0733977556228638,-0.4630382061004627,9.457901000976562,8.999999999999999e-08,0.0,0.0,0.0,8.999999999999999e-08,0.0,0.0,0.0,8.999999999999999e-08
1759811054736729376,168452,1759811054732713024,base_link,-0.0067786330625109175,-0.03496993036413308,0.04875302984018864,-0.9981755301073894,1.0,0.0,0.0,0.0,1.0,0.0,0.0,0.0,1.0,0.14984500408172607,-0.019376793876290363,-0.35061225295066833,1.2184696791468346e-07,0.0,0.0,0.0,1.2184696791468346e-07,0.0,0.0,0.0,1.2184696791468346e-07,0.5059289336204529,1.227259159088136,10.374308586120605,8.999999999999999e-08,0.0,0.0,0.0,8.999999999999999e-08,0.0,0.0,0.0,8.999999999999999e-08
1759811054742335840,168453,1759811054737713024,base_link,-0.006889304101255445,-0.035162234580087146,0.0486490114180638,-0.9981730855901757,1.0,0.0,0.0,0.0,1.0,0.0,0.0,0.0,1.0,0.09188501536846161,0.032209701836109154,-0.03716399148106576,1.2184696791468346e-07,0.0,0.0,0.0,1.2184696791468346e-07,0.0,0.0,0.0,1.2184696791468346e-07,0.32336634397506714,1.1473258733749403,10.69975471496582,8.999999999999999e-08,0.0,0.0,0.0,8.999999999999999e-08,0.0,0.0,0.0,8.999999999999999e-08
1759811054750548480,168454,1759811054742713024,base_link,-0.0071334212820085745,-0.03504601991367442,0.0480672584680679,-0.9982036420553462,1.0,0.0,0.0,0.0,1.0,0.0,0.0,0.0,1.0,0.05272544175386429,0.008265642449259782,0.20121577382087708,1.2184696791468346e-07,0.0,0.0,0.0,1.2184696791468346e-07,0.0,0.0,0.0,1.2184696791468346e-07,-0.32217270135879517,0.5710281133651747,11.014996528625488,8.999999999999999e-08,0.0,0.0,0.0,8.999999999999999e-08,0.0,0.0,0.0,8.999999999999999e-08
1759811054753875584,168455,1759811054748713024,base_link,-0.007342037645425373,-0.03510238078684561,0.04686228006914147,-0.998257421434046,1.0,0.0,0.0,0.0,1.0,0.0,0.0,0.0,1.0,0.07305469363927841,-0.014400017447769592,0.41780367493629456,1.2184696791468346e-07,0.0,0.0,0.0,1.2184696791468346e-07,0.0,0.0,0.0,1.2184696791468346e-07,-0.6319504380226135,0.7145467400550856,10.612298965454102,8.999999999999999e-08,0.0,0.0,0.0,8.999999999999999e-08,0.0,0.0,0.0,8.999999999999999e-08
1759811054759827040,168456,1759811054753713024,base_link,-0.007471782767299113,-0.034965325820933264,0.04589450413363431,-0.9983062274846217,1.0,0.0,0.0,0.0,1.0,0.0,0.0,0.0,1.0,0.07576445490121841,-0.014806223101913882,0.37855270504951477,1.2184696791468346e-07,0.0,0.0,0.0,1.2184696791468346e-07,0.0,0.0,0.0,1.2184696791468346e-07,-0.7608025074005127,-0.7787970304489125,9.504643440246582,8.999999999999999e-08,0.0,0.0,0.0,8.999999999999999e-08,0.0,0.0,0.0,8.999999999999999e-08
1759811054772093792,168457,1759811054763712256,base_link,-0.008073375029142469,-0.03472946810539926,0.04525842389590787,-0.9983388491453691,1.0,0.0,0.0,0.0,1.0,0.0,0.0,0.0,1.0,0.11469871550798416,-0.05919232591986657,-0.07544991374015807,1.2184696791468346e-07,0.0,0.0,0.0,1.2184696791468346e-07,0.0,0.0,0.0,1.2184696791468346e-07,-1.319227695465088,-0.9682809114456166,8.788857460021973,8.999999999999999e-08,0.0,0.0,0.0,8.999999999999999e-08,0.0,0.0,0.0,8.999999999999999e-08
1759811054776802304,168458,1759811054773712256,base_link,-0.008413698977066794,-0.034632104934072046,0.04612424660486718,-0.9982997790167994,1.0,0.0,0.0,0.0,1.0,0.0,0.0,0.0,1.0,0.14945542812347412,-0.013049153611063999,-0.34441065788269043,1.2184696791468346e-07,0.0,0.0,0.0,1.2184696791468346e-07,0.0,0.0,0.0,1.2184696791468346e-07,-1.6432464122772217,-1.4821354150772084,8.609339714050293,8.999999999999999e-08,0.0,0.0,0.0,8.999999999999999e-08,0.0,0.0,0.0,8.999999999999999e-08
1759811054786168288,168459,1759811054779712256,base_link,-0.009120119670779858,-0.03474634923531689,0.0484830792754764,-0.9981778481840575,1.0,0.0,0.0,0.0,1.0,0.0,0.0,0.0,1.0,0.15255816280841827,0.028186753392219484,-0.47067978978157043,1.2184696791468346e-07,0.0,0.0,0.0,1.2184696791468346e-07,0.0,0.0,0.0,1.2184696791468346e-07,0.17721852660179138,1.5212123394012462,9.42978286743164,8.999999999999999e-08,0.0,0.0,0.0,8.999999999999999e-08,0.0,0.0,0.0,8.999999999999999e-08
1759811054793781440,168460,1759811054790712256,base_link,-0.009506587832378535,-0.034825242867373214,0.04854533017072699,-0.9981684494368396,1.0,0.0,0.0,0.0,1.0,0.0,0.0,0.0,1.0,0.07894891500473022,0.04680214077234268,-0.015523659065365797,1.2184696791468346e-07,0.0,0.0,0.0,1.2184696791468346e-07,0.0,0.0,0.0,1.2184696791468346e-07,0.3220828175544739,1.3488616943359386,8.888029098510742,8.999999999999999e-08,0.0,0.0,0.0,8.999999999999999e-08,0.0,0.0,0.0,8.999999999999999e-08
1759811054800718624,168461,1759811054795712256,base_link,-0.009952821542254672,-0.03492189217645378,0.047671120238914,-0.9982028412652244,1.0,0.0,0.0,0.0,1.0,0.0,0.0,0.0,1.0,0.1103995144367218,0.0581917688250542,0.29914307594299316,1.2184696791468346e-07,0.0,0.0,0.0,1.2184696791468346e-07,0.0,0.0,0.0,1.2184696791468346e-07,-0.8500089645385742,0.8558207154273998,9.248309135437012,8.999999999999999e-08,0.0,0.0,0.0,8.999999999999999e-08,0.0,0.0,0.0,8.999999999999999e-08
1759811054805990688,168462,1759811054801712256,base_link,-0.01014332002916785,-0.034950283347281924,0.04662621557063194,-0.9982492870922834,1.0,0.0,0.0,0.0,1.0,0.0,0.0,0.0,1.0,0.08528550714254379,0.03163056448102002,0.40263181924819946,1.2184696791468346e-07,0.0,0.0,0.0,1.2184696791468346e-07,0.0,0.0,0.0,1.2184696791468346e-07,-0.15352439880371094,-0.047739945352076193,10.525003433227539,8.999999999999999e-08,0.0,0.0,0.0,8.999999999999999e-08,0.0,0.0,0.0,8.999999999999999e-08
1759811054814126848,168463,1759811054806712256,base_link,-0.010631975859159218,-0.03512591980173895,0.045717655957282555,-0.9982800964385449,1.0,0.0,0.0,0.0,1.0,0.0,0.0,0.0,1.0,0.1390238255262375,0.04815018549561504,0.2972310483455658,1.2184696791468346e-07,0.0,0.0,0.0,1.2184696791468346e-07,0.0,0.0,0.0,1.2184696791468346e-07,-0.6278119683265686,-0.6930727362632739,9.715335845947266,8.999999999999999e-08,0.0,0.0,0.0,8.999999999999999e-08,0.0,0.0,0.0,8.999999999999999e-08
1759811054818657664,168464,1759811054811712256,base_link,-0.01096858956732557,-0.03511558065296362,0.045348660298569723,-0.9982936255769169,1.0,0.0,0.0,0.0,1.0,0.0,0.0,0.0,1.0,0.17384281754493713,0.03409908339381219,0.10881712287664413,1.2184696791468346e-07,0.0,0.0,0.0,1.2184696791468346e-07,0.0,0.0,0.0,1.2184696791468346e-07,-1.3645341396331787,-0.6646881103515611,11.877335548400879,8.999999999999999e-08,0.0,0.0,0.0,8.999999999999999e-08,0.0,0.0,0.0,8.999999999999999e-08
1759811054825121088,168465,1759811054817712256,base_link,-0.011394263517662487,-0.03516799947871003,0.04556508436567314,-0.9982771461591491,1.0,0.0,0.0,0.0,1.0,0.0,0.0,0.0,1.0,0.17025838792324066,0.0280632600188255,-0.2664874792098999,1.2184696791468346e-07,0.0,0.0,0.0,1.2184696791468346e-07,0.0,0.0,0.0,1.2184696791468346e-07,-1.7839103937149048,-2.1179120540618883,11.609293937683105,8.999999999999999e-08,0.0,0.0,0.0,8.999999999999999e-08,0.0,0.0,0.0,8.999999999999999e-08
1759811054832577152,168466,1759811054827712256,base_link,-0.012094039497290002,-0.03533860860439311,0.0481082252048205,-0.9981435406493696,1.0,0.0,0.0,0.0,1.0,0.0,0.0,0.0,1.0,0.12978792190551758,0.030410915613174376,-0.5027347207069397,1.2184696791468346e-07,0.0,0.0,0.0,1.2184696791468346e-07,0.0,0.0,0.0,1.2184696791468346e-07,-0.4606880843639374,0.877720415592195,11.642733573913574,8.999999999999999e-08,0.0,0.0,0.0,8.999999999999999e-08,0.0,0.0,0.0,8.999999999999999e-08
1759811054839707328,168467,1759811054836712256,base_link,-0.012408462889715368,-0.03551092336035187,0.04891575882228922,-0.9980943131303088,1.0,0.0,0.0,0.0,1.0,0.0,0.0,0.0,1.0,0.07929902523756027,0.053760267794132205,-0.2463041990995407,1.2184696791468346e-07,0.0,0.0,0.0,1.2184696791468346e-07,0.0,0.0,0.0,1.2184696791468346e-07,0.7349002957344055,2.1965517997741713,10.252548217773438,8.999999999999999e-08,0.0,0.0,0.0,8.999999999999999e-08,0.0,0.0,0.0,8.999999999999999e-08
1759811054847925024,168468,1759811054843712256,base_link,-0.012938765074391567,-0.03579070994583537,0.04823559298102044,-0.9981107504012281,1.0,0.0,0.0,0.0,1.0,0.0,0.0,0.0,1.0,0.09919872879981995,0.06818705797195437,0.18868203461170197,1.2184696791468346e-07,0.0,0.0,0.0,1.2184696791468346e-07,0.0,0.0,0.0,1.2184696791468346e-07,-0.40658533573150635,0.09657748043537262,9.964469909667969,8.999999999999999e-08,0.0,0.0,0.0,8.999999999999999e-08,0.0,0.0,0.0,8.999999999999999e-08
1759811054856877920,168469,1759811054848712256,base_link,-0.013329093623896037,-0.036032225875781976,0.047466665876787675,-0.998133762580515,1.0,0.0,0.0,0.0,1.0,0.0,0.0,0.0,1.0,0.07899335026741028,0.06628746539354329,0.3746156096458435,1.2184696791468346e-07,0.0,0.0,0.0,1.2184696791468346e-07,0.0,0.0,0.0,1.2184696791468346e-07,-0.9278169870376587,1.3352782726287853,9.268030166625977,8.999999999999999e-08,0.0,0.0,0.0,8.999999999999999e-08,0.0,0.0,0.0,8.999999999999999e-08
1759811054865877408,168470,1759811054859710976,base_link,-0.014012222915450763,-0.03631715701096184,0.045529259544438865,-0.9982043164049224,1.0,0.0,0.0,0.0,1.0,0.0,0.0,0.0,1.0,0.1358506977558136,0.07316172122955326,0.37617212533950806,1.2184696791468346e-07,0.0,0.0,0.0,1.2184696791468346e-07,0.0,0.0,0.0,1.2184696791468346e-07,-0.38343122601509094,-0.6107798218727101,9.220942497253418,8.999999999999999e-08,0.0,0.0,0.0,8.999999999999999e-08,0.0,0.0,0.0,8.999999999999999e-08
1759811054876776064,168471,1759811054869710976,base_link,-0.014380066121274671,-0.03638761468787091,0.045787661872659195,-0.9981847181203648,1.0,0.0,0.0,0.0,1.0,0.0,0.0,0.0,1.0,0.11204800754785538,0.027758214622735953,-0.2083970010280609,1.2184696791468346e-07,0.0,0.0,0.0,1.2184696791468346e-07,0.0,0.0,0.0,1.2184696791468346e-07,-2.2098069190979004,-2.563267469406127,7.517369747161865,8.999999999999999e-08,0.0,0.0,0.0,8.999999999999999e-08,0.0,0.0,0.0,8.999999999999999e-08
1759811054883418080,168472,1759811054880710976,base_link,-0.01535402183844473,-0.036682189548825676,0.048347492863816864,-0.998038721437123,1.0,0.0,0.0,0.0,1.0,0.0,0.0,0.0,1.0,0.17810188233852386,0.061330992728471694,-0.49316468834877014,1.2184696791468346e-07,0.0,0.0,0.0,1.2184696791468346e-07,0.0,0.0,0.0,1.2184696791468346e-07,-1.7392374277114868,-0.1539330035448064,8.427675247192383,8.999999999999999e-08,0.0,0.0,0.0,8.999999999999999e-08,0.0,0.0,0.0,8.999999999999999e-08
1759811054895794560,168473,1759811054890710976,base_link,-0.016052870587405007,-0.03699041867160896,0.048974047913779774,-0.9979858692890904,1.0,0.0,0.0,0.0,1.0,0.0,0.0,0.0,1.0,0.1109357476234436,0.05946522206068038,-0.057787287980318076,1.2184696791468346e-07,0.0,0.0,0.0,1.2184696791468346e-07,0.0,0.0,0.0,1.2184696791468346e-07,-0.31794872879981995,0.8228791952133194,12.54099178314209,8.999999999999999e-08,0.0,0.0,0.0,8.999999999999999e-08,0.0,0.0,0.0,8.999999999999999e-08
1759811054906506208,168474,1759811054900710976,base_link,-0.01609370956652305,-0.03714084735938942,0.048487462547721516,-0.9980032759375254,1.0,0.0,0.0,0.0,1.0,0.0,0.0,0.0,1.0,0.03083645924925804,0.03208393976092341,0.2377302199602127,1.2184696791468346e-07,0.0,0.0,0.0,1.2184696791468346e-07,0.0,0.0,0.0,1.2184696791468346e-07,-0.6494011878967285,0.40709173679351945,11.517664909362793,8.999999999999999e-08,0.0,0.0,0.0,8.999999999999999e-08,0.0,0.0,0.0,8.999999999999999e-08
1759811054910740064,168475,1759811054901710976,base_link,-0.016424295616807832,-0.03716299355264837,0.0475508331332639,-0.9980421774787009,1.0,0.0,0.0,0.0,1.0,0.0,0.0,0.0,1.0,0.05944022163748741,0.01777709461748605,0.38268429040908813,1.2184696791468346e-07,0.0,0.0,0.0,1.2184696791468346e-07,0.0,0.0,0.0,1.2184696791468346e-07,-0.9949284195899963,1.9556933641433727,8.871051788330078,8.999999999999999e-08,0.0,0.0,0.0,8.999999999999999e-08,0.0,0.0,0.0,8.999999999999999e-08
1759811054918006624,168476,1759811054912710976,base_link,-0.0168591226772612,-0.037222844053167364,0.04593808397499458,-0.9981082215903175,1.0,0.0,0.0,0.0,1.0,0.0,0.0,0.0,1.0,0.0711078867316246,0.011454997584223782,0.2885565757751465,1.2184696791468346e-07,0.0,0.0,0.0,1.2184696791468346e-07,0.0,0.0,0.0,1.2184696791468346e-07,-0.8691198825836182,-0.4711311459541309,9.585693359375,8.999999999999999e-08,0.0,0.0,0.0,8.999999999999999e-08,0.0,0.0,0.0,8.999999999999999e-08
1759811054925597248,168477,1759811054917710976,base_link,-0.017147247753304787,-0.03703653522641397,0.04589762300042412,-0.9981120991003805,1.0,0.0,0.0,0.0,1.0,0.0,0.0,0.0,1.0,0.10410798341035843,0.0025043012574314924,-0.1202974021434784,1.2184696791468346e-07,0.0,0.0,0.0,1.2184696791468346e-07,0.0,0.0,0.0,1.2184696791468346e-07,-1.779783844947815,-1.4240204095840443,8.4064302444458,8.999999999999999e-08,0.0,0.0,0.0,8.999999999999999e-08,0.0,0.0,0.0,8.999999999999999e-08
1759811054931823296,168478,1759811054927710976,base_link,-0.017654433708661772,-0.0370895335713274,0.04782638922882817,-0.9980107359297118,1.0,0.0,0.0,0.0,1.0,0.0,0.0,0.0,1.0,0.12091726064682007,-0.006007779389619873,-0.3761218190193176,1.2184696791468346e-07,0.0,0.0,0.0,1.2184696791468346e-07,0.0,0.0,0.0,1.2184696791468346e-07,-1.244257926940918,0.9500581026077283,9.592738151550293,8.999999999999999e-08,0.0,0.0,0.0,8.999999999999999e-08,0.0,0.0,0.0,8.999999999999999e-08
1759811054944761728,168479,1759811054933710976,base_link,-0.017643210134612224,-0.037026636643914486,0.04875602226643296,-0.9979682940532613,1.0,0.0,0.0,0.0,1.0,0.0,0.0,0.0,1.0,0.0902499333024025,-0.01566238142549995,-0.29295453429222107,1.2184696791468346e-07,0.0,0.0,0.0,1.2184696791468346e-07,0.0,0.0,0.0,1.2184696791468346e-07,-0.17902293801307678,1.7969651222229015,9.45835018157959,8.999999999999999e-08,0.0,0.0,0.0,8.999999999999999e-08,0.0,0.0,0.0,8.999999999999999e-08
1759811054945940896,168480,1759811054942710976,base_link,-0.017976880807372402,-0.03701387734407232,0.04900709104301231,-0.9979504659363412,1.0,0.0,0.0,0.0,1.0,0.0,0.0,0.0,1.0,0.06954552978277206,-0.03171881660819054,-0.07382798939943314,1.2184696791468346e-07,0.0,0.0,0.0,1.2184696791468346e-07,0.0,0.0,0.0,1.2184696791468346e-07,0.12222820520401001,1.1855559349060067,8.090082168579102,8.999999999999999e-08,0.0,0.0,0.0,8.999999999999999e-08,0.0,0.0,0.0,8.999999999999999e-08
1759811054951467104,168481,1759811054943710976,base_link,-0.01818397461588674,-0.03685728599678616,0.04879222640930382,-0.9979630256971974,1.0,0.0,0.0,0.0,1.0,0.0,0.0,0.0,1.0,0.08772855252027512,-0.033883467316627496,0.04503341019153596,1.2184696791468346e-07,0.0,0.0,0.0,1.2184696791468346e-07,0.0,0.0,0.0,1.2184696791468346e-07,-0.6914784908294678,0.7732796669006359,8.804980278015137,8.999999999999999e-08,0.0,0.0,0.0,8.999999999999999e-08,0.0,0.0,0.0,8.999999999999999e-08
1759811054958751424,168482,1759811054954710976,base_link,-0.018800845768859806,-0.03659041807891575,0.04689106636667439,-0.9980526298971316,1.0,0.0,0.0,0.0,1.0,0.0,0.0,0.0,1.0,0.10479222238063812,-0.04503430426120753,0.37970006465911865,1.2184696791468346e-07,0.0,0.0,0.0,1.2184696791468346e-07,0.0,0.0,0.0,1.2184696791468346e-07,-0.6909860372543335,1.218452572822572,9.34122371673584,8.999999999999999e-08,0.0,0.0,0.0,8.999999999999999e-08,0.0,0.0,0.0,8.999999999999999e-08
1759811054965888864,168483,1759811054959710208,base_link,-0.019040710727724893,-0.036314306830331294,0.04585218869772938,-0.998106367128983,1.0,0.0,0.0,0.0,1.0,0.0,0.0,0.0,1.0,0.10579324513673782,-0.05100763589143748,0.4081778824329376,1.2184696791468346e-07,0.0,0.0,0.0,1.2184696791468346e-07,0.0,0.0,0.0,1.2184696791468346e-07,-0.8926700949668884,-0.17081971466541154,11.122498512268066,8.999999999999999e-08,0.0,0.0,0.0,8.999999999999999e-08,0.0,0.0,0.0,8.999999999999999e-08
1759811054973788448,168484,1759811054970710208,base_link,-0.018194896576551635,-0.03550075214042608,0.04507972125822168,-0.9981866147285477,1.0,0.0,0.0,0.0,1.0,0.0,0.0,0.0,1.0,-0.17710529267787933,-0.18127575516700742,0.14934690296649936,1.2184696791468346e-07,0.0,0.0,0.0,1.2184696791468346e-07,0.0,0.0,0.0,1.2184696791468346e-07,-0.8141002058982849,-1.4214403629302985,-4.936858177185059,8.999999999999999e-08,0.0,0.0,0.0,8.999999999999999e-08,0.0,0.0,0.0,8.999999999999999e-08
1759811054985078560,168485,1759811054980710208,base_link,-0.020117121482357884,-0.035773345444248886,0.04616373820192187,-0.9980904356202459,1.0,0.0,0.0,0.0,1.0,0.0,0.0,0.0,1.0,0.3439556956291199,0.0428061671555042,-0.20014069974422455,1.2184696791468346e-07,0.0,0.0,0.0,1.2184696791468346e-07,0.0,0.0,0.0,1.2184696791468346e-07,0.7433906197547913,-1.157663464546207,-27.097801208496094,8.999999999999999e-08,0.0,0.0,0.0,8.999999999999999e-08,0.0,0.0,0.0,8.999999999999999e-08
1759811054991699072,168486,1759811054986710208,base_link,-0.021137490099361552,-0.03593232994227706,0.04711178941232594,-0.9980193760336565,1.0,0.0,0.0,0.0,1.0,0.0,0.0,0.0,1.0,0.4349691569805145,0.07821957767009731,-0.3163953423500061,1.2184696791468346e-07,0.0,0.0,0.0,1.2184696791468346e-07,0.0,0.0,0.0,1.2184696791468346e-07,-1.4137955904006958,-3.7253346443176216,45.098236083984375,8.999999999999999e-08,0.0,0.0,0.0,8.999999999999999e-08,0.0,0.0,0.0,8.999999999999999e-08
1759811054996753280,168487,1759811054991710208,base_link,-0.015567220354548071,-0.034104963763034166,0.048679905058022256,-0.9981106661075311,1.0,0.0,0.0,0.0,1.0,0.0,0.0,0.0,1.0,-1.274865746498108,-0.5230632424354554,-0.4860990941524505,1.2184696791468346e-07,0.0,0.0,0.0,1.2184696791468346e-07,0.0,0.0,0.0,1.2184696791468346e-07,2.17936635017395,1.7277630567550655,-3.6889913082122803,8.999999999999999e-08,0.0,0.0,0.0,8.999999999999999e-08,0.0,0.0,0.0,8.999999999999999e-08
1759811055002048480,168488,1759811054996710208,base_link,-0.01564005142586391,-0.03412957093711944,0.047972680940009484,-0.9981429505934905,1.0,0.0,0.0,0.0,1.0,0.0,0.0,0.0,1.0,-0.5290316939353943,-0.2001030147075653,0.011118439957499528,1.2184696791468346e-07,0.0,0.0,0.0,1.2184696791468346e-07,0.0,0.0,0.0,1.2184696791468346e-07,1.8690329790115356,7.126549720764154,-49.29160690307617,8.999999999999999e-08,0.0,0.0,0.0,8.999999999999999e-08,0.0,0.0,0.0,8.999999999999999e-08
1759811055009784256,168489,1759811055007710208,base_link,-0.018970671885122897,-0.03518262311805429,0.04624689393403387,-0.9981300115109976,1.0,0.0,0.0,0.0,1.0,0.0,0.0,0.0,1.0,0.5560278296470642,0.2379902303218842,0.3522926568984985,1.2184696791468346e-07,0.0,0.0,0.0,1.2184696791468346e-07,0.0,0.0,0.0,1.2184696791468346e-07,-1.7294050455093384,-4.690350055694578,10.918112754821777,8.999999999999999e-08,0.0,0.0,0.0,8.999999999999999e-08,0.0,0.0,0.0,8.999999999999999e-08
1759811055018843904,168490,1759811055012710208,base_link,-0.01590835562930623,-0.03331941631250895,0.04614843889591244,-0.9982520687842851,1.0,0.0,0.0,0.0,1.0,0.0,0.0,0.0,1.0,-0.7434419393539429,-0.49398428201675415,0.08478564023971563,1.2184696791468346e-07,0.0,0.0,0.0,1.2184696791468346e-07,0.0,0.0,0.0,1.2184696791468346e-07,-1.7958102226257324,3.553994178771972,-4.835842132568359,8.999999999999999e-08,0.0,0.0,0.0,8.999999999999999e-08,0.0,0.0,0.0,8.999999999999999e-08
1759811055024040448,168491,1759811055018710208,base_link,-0.01835169931662486,-0.03418770329501711,0.0453807340502865,-0.9982159489351113,1.0,0.0,0.0,0.0,1.0,0.0,0.0,0.0,1.0,0.2802279591560364,0.0008300914778374394,0.21088658273220062,1.2184696791468346e-07,0.0,0.0,0.0,1.2184696791468346e-07,0.0,0.0,0.0,1.2184696791468346e-07,-2.1447367668151855,5.857955932617185,-24.758249282836914,8.999999999999999e-08,0.0,0.0,0.0,8.999999999999999e-08,0.0,0.0,0.0,8.999999999999999e-08
1759811055032780416,168492,1759811055028710208,base_link,-0.02022952317606939,-0.03395817946056088,0.04587798256901803,-0.998164782661019,1.0,0.0,0.0,0.0,1.0,0.0,0.0,0.0,1.0,0.30430448055267334,0.0029128426685929186,-0.09073720127344131,1.2184696791468346e-07,0.0,0.0,0.0,1.2184696791468346e-07,0.0,0.0,0.0,1.2184696791468346e-07,0.6938408017158508,-0.24366316199302332,27.767139434814453,8.999999999999999e-08,0.0,0.0,0.0,8.999999999999999e-08,0.0,0.0,0.0,8.999999999999999e-08
1759811055043776544,168493,1759811055038710208,base_link,-0.02114363695379906,-0.03366801816489861,0.04659072792418574,-0.9981225936656597,1.0,0.0,0.0,0.0,1.0,0.0,0.0,0.0,1.0,0.24381105601787567,0.026439785957336405,-0.17663414776325226,1.2184696791468346e-07,0.0,0.0,0.0,1.2184696791468346e-07,0.0,0.0,0.0,1.2184696791468346e-07,-1.3065178394317627,0.18727608025073972,-2.7180466651916504,8.999999999999999e-08,0.0,0.0,0.0,8.999999999999999e-08,0.0,0.0,0.0,8.999999999999999e-08
1759811055054893088,168494,1759811055049710208,base_link,-0.018987993581316368,-0.03281108909951962,0.047232329399067116,-0.998164361192534,1.0,0.0,0.0,0.0,1.0,0.0,0.0,0.0,1.0,-0.48936936259269714,-0.17324957251548767,-0.07209327071905133,1.2184696791468346e-07,0.0,0.0,0.0,1.2184696791468346e-07,0.0,0.0,0.0,1.2184696791468346e-07,0.42431867122650146,1.128917694091798,9.564031600952148,8.999999999999999e-08,0.0,0.0,0.0,8.999999999999999e-08,0.0,0.0,0.0,8.999999999999999e-08
1759811055064829600,168495,1759811055060708416,base_link,-0.020524498432085012,-0.0333508275684507,0.04548610117156373,-0.9981971514406754,1.0,0.0,0.0,0.0,1.0,0.0,0.0,0.0,1.0,0.2299397587776184,0.12159605324268345,0.35614925622940063,1.2184696791468346e-07,0.0,0.0,0.0,1.2184696791468346e-07,0.0,0.0,0.0,1.2184696791468346e-07,-0.9950478076934814,-1.8207356929779028,19.98276138305664,8.999999999999999e-08,0.0,0.0,0.0,8.999999999999999e-08,0.0,0.0,0.0,8.999999999999999e-08
1759811055070852928,168496,1759811055065708416,base_link,-0.01924129614086684,-0.0327818918702137,0.04486300216317865,-0.9982697283138112,1.0,0.0,0.0,0.0,1.0,0.0,0.0,0.0,1.0,-0.16485758125782013,-0.08179698884487148,0.309573233127594,1.2184696791468346e-07,0.0,0.0,0.0,1.2184696791468346e-07,0.0,0.0,0.0,1.2184696791468346e-07,-1.5901219844818115,-2.2510006427764866,23.434724807739258,8.999999999999999e-08,0.0,0.0,0.0,8.999999999999999e-08,0.0,0.0,0.0,8.999999999999999e-08
1759811055076777344,168497,1759811055070708416,base_link,-0.01853630778145864,-0.03242569634110248,0.04444718135577019,-0.9983133081551715,1.0,0.0,0.0,0.0,1.0,0.0,0.0,0.0,1.0,-0.26706525683403015,-0.14148002862930295,0.19589632749557498,1.2184696791468346e-07,0.0,0.0,0.0,1.2184696791468346e-07,0.0,0.0,0.0,1.2184696791468346e-07,-0.6349120140075684,0.06946882605552718,3.6243200302124023,8.999999999999999e-08,0.0,0.0,0.0,8.999999999999999e-08,0.0,0.0,0.0,8.999999999999999e-08
1759811055081844192,168498,1759811055075708416,base_link,-0.01977086865822819,-0.03256930053214672,0.04412184983211459,-0.9982993575483143,1.0,0.0,0.0,0.0,1.0,0.0,0.0,0.0,1.0,0.25204336643218994,0.0040064426138997165,0.0734245777130127,1.2184696791468346e-07,0.0,0.0,0.0,1.2184696791468346e-07,0.0,0.0,0.0,1.2184696791468346e-07,0.017802394926548004,0.5804182887077339,6.507850170135498,8.999999999999999e-08,0.0,0.0,0.0,8.999999999999999e-08,0.0,0.0,0.0,8.999999999999999e-08
1759811055089784064,168499,1759811055086708416,base_link,-0.019383049163299138,-0.03194284558094898,0.04493916151843789,-0.9982907595912182,1.0,0.0,0.0,0.0,1.0,0.0,0.0,0.0,1.0,-0.03385064750909805,-0.11964164674282075,-0.14467880129814145,1.2184696791468346e-07,0.0,0.0,0.0,1.2184696791468346e-07,0.0,0.0,0.0,1.2184696791468346e-07,-1.9996817111968994,0.8109263181686412,9.0706148147583,8.999999999999999e-08,0.0,0.0,0.0,8.999999999999999e-08,0.0,0.0,0.0,8.999999999999999e-08
1759811055100741792,168500,1759811055097708416,base_link,-0.020278916648346128,-0.0322667026234512,0.04641758867050302,-0.9981949176577044,1.0,0.0,0.0,0.0,1.0,0.0,0.0,0.0,1.0,0.1715918928384781,0.05409550294280049,-0.28757932782173157,1.2184696791468346e-07,0.0,0.0,0.0,1.2184696791468346e-07,0.0,0.0,0.0,1.2184696791468346e-07,-1.5405974388122559,1.3697172403335576,3.9801506996154785,8.999999999999999e-08,0.0,0.0,0.0,8.999999999999999e-08,0.0,0.0,0.0,8.999999999999999e-08
1759811055107087584,168501,1759811055102708416,base_link,-0.019566914131383402,-0.032119994712140845,0.04576389105009906,-0.998244060883068,1.0,0.0,0.0,0.0,1.0,0.0,0.0,0.0,1.0,-0.059176117181777954,0.01613468863070011,0.00861812476068735,1.2184696791468346e-07,0.0,0.0,0.0,1.2184696791468346e-07,0.0,0.0,0.0,1.2184696791468346e-07,0.7381672263145447,4.411234855651857,12.380352973937988,8.999999999999999e-08,0.0,0.0,0.0,8.999999999999999e-08,0.0,0.0,0.0,8.999999999999999e-08
1759811055116756544,168502,1759811055113708416,base_link,-0.019176835828791965,-0.03178956737108248,0.043430557222838916,-0.9983664553311437,1.0,0.0,0.0,0.0,1.0,0.0,0.0,0.0,1.0,-0.0589013546705246,-0.07295379787683481,0.48307177424430847,1.2184696791468346e-07,0.0,0.0,0.0,1.2184696791468346e-07,0.0,0.0,0.0,1.2184696791468346e-07,-1.3411208391189575,-0.4332886636257161,8.498001098632812,8.999999999999999e-08,0.0,0.0,0.0,8.999999999999999e-08,0.0,0.0,0.0,8.999999999999999e-08
1759811055127786720,168503,1759811055123708416,base_link,-0.018313663102932795,-0.031037077537768982,0.04196700790829811,-0.9984689143198737,1.0,0.0,0.0,0.0,1.0,0.0,0.0,0.0,1.0,-0.13923466205596924,-0.16105997562408444,0.29057174921035767,1.2184696791468346e-07,0.0,0.0,0.0,1.2184696791468346e-07,0.0,0.0,0.0,1.2184696791468346e-07,0.7190003991127014,-0.8400485515594474,7.282285213470459,8.999999999999999e-08,0.0,0.0,0.0,8.999999999999999e-08,0.0,0.0,0.0,8.999999999999999e-08
1759811055139180928,168504,1759811055128708416,base_link,-0.018274677268060216,-0.031010219458555414,0.04178109815951656,-0.9984782287733946,1.0,0.0,0.0,0.0,1.0,0.0,0.0,0.0,1.0,0.0059791449457407,-0.07322556525468826,-0.0020135187078267245,1.2184696791468346e-07,0.0,0.0,0.0,1.2184696791468346e-07,0.0,0.0,0.0,1.2184696791468346e-07,0.23084069788455963,-1.2959778308868402,6.265214920043945,8.999999999999999e-08,0.0,0.0,0.0,8.999999999999999e-08,0.0,0.0,0.0,8.999999999999999e-08
1759811055142793120,168505,1759811055139708416,base_link,-0.018189029603530017,-0.03112587567922537,0.04310994614621657,-0.9984196868008129,1.0,0.0,0.0,0.0,1.0,0.0,0.0,0.0,1.0,-0.014805073849856853,0.03583607450127598,-0.26055604219436646,1.2184696791468346e-07,0.0,0.0,0.0,1.2184696791468346e-07,0.0,0.0,0.0,1.2184696791468346e-07,-1.6095982789993286,-2.300251960754393,11.944665908813477,8.999999999999999e-08,0.0,0.0,0.0,8.999999999999999e-08,0.0,0.0,0.0,8.999999999999999e-08
1759811055152795712,168506,1759811055144708416,base_link,-0.018467668345936106,-0.031592303656438794,0.04425781556541074,-0.9983497651791334,1.0,0.0,0.0,0.0,1.0,0.0,0.0,0.0,1.0,0.03986826539039612,0.14120596647262568,-0.42383214831352234,1.2184696791468346e-07,0.0,0.0,0.0,1.2184696791468346e-07,0.0,0.0,0.0,1.2184696791468346e-07,-0.41884803771972656,0.3341327011585246,8.651734352111816,8.999999999999999e-08,0.0,0.0,0.0,8.999999999999999e-08,0.0,0.0,0.0,8.999999999999999e-08
1759811055156983968,168507,1759811055150708416,base_link,-0.018677179671339254,-0.03206932761478567,0.04491159747951172,-0.9983013805970429,1.0,0.0,0.0,0.0,1.0,0.0,0.0,0.0,1.0,0.08581246435642242,0.2107051759958267,-0.13234443962574008,1.2184696791468346e-07,0.0,0.0,0.0,1.2184696791468346e-07,0.0,0.0,0.0,1.2184696791468346e-07,1.0486793518066406,1.950953364372255,13.160679817199707,8.999999999999999e-08,0.0,0.0,0.0,8.999999999999999e-08,0.0,0.0,0.0,8.999999999999999e-08
1759811055162797248,168508,1759811055155706368,base_link,-0.01866453890950853,-0.03249691990527434,0.04449156198725214,-0.9983066068062583,1.0,0.0,0.0,0.0,1.0,0.0,0.0,0.0,1.0,-0.050801970064640045,0.08535181730985643,0.16598689556121826,1.2184696791468346e-07,0.0,0.0,0.0,1.2184696791468346e-07,0.0,0.0,0.0,1.2184696791468346e-07,0.9455182552337646,1.5967694520950335,15.391793251037598,8.999999999999999e-08,0.0,0.0,0.0,8.999999999999999e-08,0.0,0.0,0.0,8.999999999999999e-08
1759811055168850560,168509,1759811055160706368,base_link,-0.01836770589943589,-0.032536920557233714,0.043675683293778265,-0.9983468991934347,1.0,0.0,0.0,0.0,1.0,0.0,0.0,0.0,1.0,-0.12316596508026123,0.01745306886732583,0.40056729316711426,1.2184696791468346e-07,0.0,0.0,0.0,1.2184696791468346e-07,0.0,0.0,0.0,1.2184696791468346e-07,-1.4097899198532104,1.407701134681703,11.222088813781738,8.999999999999999e-08,0.0,0.0,0.0,8.999999999999999e-08,0.0,0.0,0.0,8.999999999999999e-08
1759811055177889568,168510,1759811055171706368,base_link,-0.018218866938097697,-0.0323908264094048,0.041594809089098427,-0.9984432468891306,1.0,0.0,0.0,0.0,1.0,0.0,0.0,0.0,1.0,-0.06124444305896759,-0.06721009314060207,0.3213023543357849,1.2184696791468346e-07,0.0,0.0,0.0,1.2184696791468346e-07,0.0,0.0,0.0,1.2184696791468346e-07,-1.0746855735778809,1.03667974472046,8.773015975952148,8.999999999999999e-08,0.0,0.0,0.0,8.999999999999999e-08,0.0,0.0,0.0,8.999999999999999e-08
1759811055185967232,168511,1759811055182706368,base_link,-0.017818467267432647,-0.03189243399886291,0.04118134850520654,-0.998483623570004,1.0,0.0,0.0,0.0,1.0,0.0,0.0,0.0,1.0,-0.04717034101486206,-0.07784837484359741,0.017788492143154155,1.2184696791468346e-07,0.0,0.0,0.0,1.2184696791468346e-07,0.0,0.0,0.0,1.2184696791468346e-07,-0.8557695746421814,-0.9131596088409415,7.299871444702148,8.999999999999999e-08,0.0,0.0,0.0,8.999999999999999e-08,0.0,0.0,0.0,8.999999999999999e-08
1759811055197043968,168512,1759811055192706368,base_link,-0.017939225890950455,-0.032252686820687805,0.04316886744043478,-0.9983859693220043,1.0,0.0,0.0,0.0,1.0,0.0,0.0,0.0,1.0,0.03453816473484039,0.06782267242670055,-0.38370558619499207,1.2184696791468346e-07,0.0,0.0,0.0,1.2184696791468346e-07,0.0,0.0,0.0,1.2184696791468346e-07,-0.5257887244224548,-1.6262304782867418,11.259340286254883,8.999999999999999e-08,0.0,0.0,0.0,8.999999999999999e-08,0.0,0.0,0.0,8.999999999999999e-08
1759811055208951392,168513,1759811055203706368,base_link,-0.017965985847032333,-0.03310787074312064,0.04439749022137585,-0.9983035722331655,1.0,0.0,0.0,0.0,1.0,0.0,0.0,0.0,1.0,0.02673550695180893,0.170979768037796,-0.11671263724565509,1.2184696791468346e-07,0.0,0.0,0.0,1.2184696791468346e-07,0.0,0.0,0.0,1.2184696791468346e-07,1.3461886644363403,0.9473331570625317,9.755477905273438,8.999999999999999e-08,0.0,0.0,0.0,8.999999999999999e-08,0.0,0.0,0.0,8.999999999999999e-08
1759811055215735744,168514,1759811055208706368,base_link,-0.018089631529673134,-0.033554166356180526,0.044050579511282655,-0.9983018442123766,1.0,0.0,0.0,0.0,1.0,0.0,0.0,0.0,1.0,0.021556103602051735,0.09126474708318713,0.1782752424478531,1.2184696791468346e-07,0.0,0.0,0.0,1.2184696791468346e-07,0.0,0.0,0.0,1.2184696791468346e-07,-0.036873191595077515,-0.060739994049070795,12.013989448547363,8.999999999999999e-08,0.0,0.0,0.0,8.999999999999999e-08,0.0,0.0,0.0,8.999999999999999e-08
1759811055221099936,168515,1759811055213706368,base_link,-0.01820964007099635,-0.0336123072751568,0.04335047821066822,-0.9983283545800898,1.0,0.0,0.0,0.0,1.0,0.0,0.0,0.0,1.0,0.04588865488767624,0.06504340469837193,0.2910650372505188,1.2184696791468346e-07,0.0,0.0,0.0,1.2184696791468346e-07,0.0,0.0,0.0,1.2184696791468346e-07,-1.7718567848205566,-0.6460906863212573,9.918678283691406,8.999999999999999e-08,0.0,0.0,0.0,8.999999999999999e-08,0.0,0.0,0.0,8.999999999999999e-08
1759811055226656448,168516,1759811055218706368,base_link,-0.01842827750619112,-0.033653020472273816,0.042633560317497925,-0.9983538112765905,1.0,0.0,0.0,0.0,1.0,0.0,0.0,0.0,1.0,0.10339261591434479,0.0019195717759430768,0.2933671474456787,1.2184696791468346e-07,0.0,0.0,0.0,1.2184696791468346e-07,0.0,0.0,0.0,1.2184696791468346e-07,-0.8279406428337097,-1.0483716726303087,10.164519309997559,8.999999999999999e-08,0.0,0.0,0.0,8.999999999999999e-08,0.0,0.0,0.0,8.999999999999999e-08
1759811055234967488,168517,1759811055229706368,base_link,-0.019106451250323283,-0.033511539428723314,0.0416264192254816,-0.9983882873986724,1.0,0.0,0.0,0.0,1.0,0.0,0.0,0.0,1.0,0.10965635627508163,-0.028615212067961672,0.16093751788139343,1.2184696791468346e-07,0.0,0.0,0.0,1.2184696791468346e-07,0.0,0.0,0.0,1.2184696791468346e-07,-1.5937280654907227,-0.4411892294883715,10.548751831054688,8.999999999999999e-08,0.0,0.0,0.0,8.999999999999999e-08,0.0,0.0,0.0,8.999999999999999e-08
1759811055241136704,168518,1759811055234706368,base_link,-0.019470627680326744,-0.03347073469391969,0.041824087944997694,-0.9983743789386638,1.0,0.0,0.0,0.0,1.0,0.0,0.0,0.0,1.0,0.12056370824575424,-0.018373509868979464,-0.09896155446767807,1.2184696791468346e-07,0.0,0.0,0.0,1.2184696791468346e-07,0.0,0.0,0.0,1.2184696791468346e-07,-2.6219847202301025,-1.2894406318664537,9.993199348449707,8.999999999999999e-08,0.0,0.0,0.0,8.999999999999999e-08,0.0,0.0,0.0,8.999999999999999e-08
1759811055246825216,168519,1759811055240706368,base_link,-0.01978610145124234,-0.03356739388116787,0.04289133044299054,-0.9983196723292966,1.0,0.0,0.0,0.0,1.0,0.0,0.0,0.0,1.0,0.1455986350774765,0.046639971435069996,-0.3634363114833832,1.2184696791468346e-07,0.0,0.0,0.0,1.2184696791468346e-07,0.0,0.0,0.0,1.2184696791468346e-07,-2.151848077774048,-0.8703067898750294,9.287042617797852,8.999999999999999e-08,0.0,0.0,0.0,8.999999999999999e-08,0.0,0.0,0.0,8.999999999999999e-08
1759811055254823360,168520,1759811055245706368,base_link,-0.02006733222483185,-0.03379943269710009,0.04419362591512868,-0.998249413532829,1.0,0.0,0.0,0.0,1.0,0.0,0.0,0.0,1.0,0.08227651566267014,0.06195071712136263,-0.4647347927093506,1.2184696791468346e-07,0.0,0.0,0.0,1.2184696791468346e-07,0.0,0.0,0.0,1.2184696791468346e-07,0.1397213637828827,1.0019304752349867,10.990823745727539,8.999999999999999e-08,0.0,0.0,0.0,8.999999999999999e-08,0.0,0.0,0.0,8.999999999999999e-08
1759811055258789536,168521,1759811055250706368,base_link,-0.020203932795033692,-0.03394468390795879,0.04499273016289523,-0.9982060022788628,1.0,0.0,0.0,0.0,1.0,0.0,0.0,0.0,1.0,0.05922900140285492,0.01258012186735867,-0.11998876184225082,1.2184696791468346e-07,0.0,0.0,0.0,1.2184696791468346e-07,0.0,0.0,0.0,1.2184696791468346e-07,1.2747373580932617,3.281336069107057,10.525266647338867,8.999999999999999e-08,0.0,0.0,0.0,8.999999999999999e-08,0.0,0.0,0.0,8.999999999999999e-08
1759811055267468992,168522,1759811055261704320,base_link,-0.020655775987028824,-0.03389184493081629,0.04426645566935548,-0.9982310375068782,1.0,0.0,0.0,0.0,1.0,0.0,0.0,0.0,1.0,0.0794813334941864,-0.02047841250896451,0.21826398372650146,1.2184696791468346e-07,0.0,0.0,0.0,1.2184696791468346e-07,0.0,0.0,0.0,1.2184696791468346e-07,-0.9916343092918396,0.5884400010108961,11.181035995483398,8.999999999999999e-08,0.0,0.0,0.0,8.999999999999999e-08,0.0,0.0,0.0,8.999999999999999e-08
1759811055273229632,168523,1759811055266704320,base_link,-0.020852776283869317,-0.033648267098015196,0.043515609563133904,-0.9982681688804163,1.0,0.0,0.0,0.0,1.0,0.0,0.0,0.0,1.0,0.11120512336492538,-0.03317617624998089,0.2958134710788727,1.2184696791468346e-07,0.0,0.0,0.0,1.2184696791468346e-07,0.0,0.0,0.0,1.2184696791468346e-07,-1.6110230684280396,0.3133003711700453,10.661462783813477,8.999999999999999e-08,0.0,0.0,0.0,8.999999999999999e-08,0.0,0.0,0.0,8.999999999999999e-08
1759811055279766464,168524,1759811055271704320,base_link,-0.021199159499811594,-0.033555866059555635,0.042722785195795504,-0.9982983038771016,1.0,0.0,0.0,0.0,1.0,0.0,0.0,0.0,1.0,0.1449742615222931,-0.06214633956551548,0.319475919008255,1.2184696791468346e-07,0.0,0.0,0.0,1.2184696791468346e-07,0.0,0.0,0.0,1.2184696791468346e-07,-0.47705376148223877,0.7413246035575879,10.002167701721191,8.999999999999999e-08,0.0,0.0,0.0,8.999999999999999e-08,0.0,0.0,0.0,8.999999999999999e-08
1759811055286906496,168525,1759811055282704320,base_link,-0.02181723776486779,-0.03325411042928582,0.04177216302763228,-0.9983352666632457,1.0,0.0,0.0,0.0,1.0,0.0,0.0,0.0,1.0,0.09253616631031036,-0.04433251544833181,0.1914130449295044,1.2184696791468346e-07,0.0,0.0,0.0,1.2184696791468346e-07,0.0,0.0,0.0,1.2184696791468346e-07,-1.6174358129501343,-1.728508949279784,9.784111022949219,8.999999999999999e-08,0.0,0.0,0.0,8.999999999999999e-08,0.0,0.0,0.0,8.999999999999999e-08
1759811055292073952,168526,1759811055287704320,base_link,-0.022469853396645142,-0.03309271104854688,0.04227366837806339,-0.9983050473728633,1.0,0.0,0.0,0.0,1.0,0.0,0.0,0.0,1.0,0.1633719801902771,-0.04316456243395807,-0.11066918820142746,1.2184696791468346e-07,0.0,0.0,0.0,1.2184696791468346e-07,0.0,0.0,0.0,1.2184696791468346e-07,-2.5696330070495605,-2.0413997173309317,9.053240776062012,8.999999999999999e-08,0.0,0.0,0.0,8.999999999999999e-08,0.0,0.0,0.0,8.999999999999999e-08
1759811055298994336,168527,1759811055292704320,base_link,-0.022796094040994,-0.033047637298970256,0.04361722561489367,-0.9982413213379149,1.0,0.0,0.0,0.0,1.0,0.0,0.0,0.0,1.0,0.1776784360408783,-0.03278369456529623,-0.4619404375553131,1.2184696791468346e-07,0.0,0.0,0.0,1.2184696791468346e-07,0.0,0.0,0.0,1.2184696791468346e-07,-1.3332937955856323,-0.9898331761360155,10.575716972351074,8.999999999999999e-08,0.0,0.0,0.0,8.999999999999999e-08,0.0,0.0,0.0,8.999999999999999e-08
1759811055302060320,168528,1759811055298704320,base_link,-0.023211012971698797,-0.0329582606261636,0.04466293107329747,-0.9981885113367307,1.0,0.0,0.0,0.0,1.0,0.0,0.0,0.0,1.0,0.18129216134548187,-0.033191911876201685,-0.4615688920021057,1.2184696791468346e-07,0.0,0.0,0.0,1.2184696791468346e-07,0.0,0.0,0.0,1.2184696791468346e-07,-0.05171666666865349,2.408265590667726,10.017294883728027,8.999999999999999e-08,0.0,0.0,0.0,8.999999999999999e-08,0.0,0.0,0.0,8.999999999999999e-08
1759811055312900960,168529,1759811055308704320,base_link,-0.023890654940811506,-0.03257641248356068,0.044678230379306946,-0.9981843387987281,1.0,0.0,0.0,0.0,1.0,0.0,0.0,0.0,1.0,0.13863395154476166,-0.05343453213572502,-0.006191238295286887,1.2184696791468346e-07,0.0,0.0,0.0,1.2184696791468346e-07,0.0,0.0,0.0,1.2184696791468346e-07,-0.5242884755134583,1.0943101644516005,11.2334623336792,8.999999999999999e-08,0.0,0.0,0.0,8.999999999999999e-08,0.0,0.0,0.0,8.999999999999999e-08
1759811055319766528,168530,1759811055314704320,base_link,-0.02434712045670817,-0.03223920674388165,0.04391625750507846,-0.9982180141306883,1.0,0.0,0.0,0.0,1.0,0.0,0.0,0.0,1.0,0.1301213800907135,-0.08576754480600354,0.26888182759284973,1.2184696791468346e-07,0.0,0.0,0.0,1.2184696791468346e-07,0.0,0.0,0.0,1.2184696791468346e-07,-1.3229159116744995,1.2620117664337172,10.353145599365234,8.999999999999999e-08,0.0,0.0,0.0,8.999999999999999e-08,0.0,0.0,0.0,8.999999999999999e-08
1759811055325812640,168531,1759811055319704320,base_link,-0.024610901776469667,-0.03199071419341749,0.04298885825044476,-0.9982599080981082,1.0,0.0,0.0,0.0,1.0,0.0,0.0,0.0,1.0,0.14400555193424225,-0.08032969385385509,0.36459338665008545,1.2184696791468346e-07,0.0,0.0,0.0,1.2184696791468346e-07,0.0,0.0,0.0,1.2184696791468346e-07,-0.5619800686836243,1.0347090959548964,10.293776512145996,8.999999999999999e-08,0.0,0.0,0.0,8.999999999999999e-08,0.0,0.0,0.0,8.999999999999999e-08
1759811055333003904,168532,1759811055328704320,base_link,-0.02507269129544112,-0.031865962485275526,0.042102383585715115,-0.9982902116821875,1.0,0.0,0.0,0.0,1.0,0.0,0.0,0.0,1.0,0.10500822216272354,-0.08016092330217357,0.29678666591644287,1.2184696791468346e-07,0.0,0.0,0.0,1.2184696791468346e-07,0.0,0.0,0.0,1.2184696791468346e-07,-0.3617318868637085,1.04872763156891,10.584057807922363,8.999999999999999e-08,0.0,0.0,0.0,8.999999999999999e-08,0.0,0.0,0.0,8.999999999999999e-08
1759811055335738368,168533,1759811055330704320,base_link,-0.025294764028061783,-0.03148551243266305,0.04169044028836964,-0.9983139825047477,1.0,0.0,0.0,0.0,1.0,0.0,0.0,0.0,1.0,0.11160460114479065,-0.08465944230556485,0.17387428879737854,1.2184696791468346e-07,0.0,0.0,0.0,1.2184696791468346e-07,0.0,0.0,0.0,1.2184696791468346e-07,-1.0449471473693848,-0.17755186557769634,11.506762504577637,8.999999999999999e-08,0.0,0.0,0.0,8.999999999999999e-08,0.0,0.0,0.0,8.999999999999999e-08
1759811055341901472,168534,1759811055335704320,base_link,-0.02562536456632574,-0.0313886741213087,0.041934765569187266,-0.9982983460239501,1.0,0.0,0.0,0.0,1.0,0.0,0.0,0.0,1.0,0.1317802369594574,-0.08121794462203982,-0.19731569290161133,1.2184696791468346e-07,0.0,0.0,0.0,1.2184696791468346e-07,0.0,0.0,0.0,1.2184696791468346e-07,-1.2775938510894775,-1.637662291526793,10.280890464782715,8.999999999999999e-08,0.0,0.0,0.0,8.999999999999999e-08,0.0,0.0,0.0,8.999999999999999e-08
1759811055350235424,168535,1759811055345704320,base_link,-0.02627204621817779,-0.030976207774987757,0.04411961604914351,-0.9982002703074653,1.0,0.0,0.0,0.0,1.0,0.0,0.0,0.0,1.0,0.14272074401378632,-0.06603380292654043,-0.4146697521209717,1.2184696791468346e-07,0.0,0.0,0.0,1.2184696791468346e-07,0.0,0.0,0.0,1.2184696791468346e-07,-0.34589165449142456,1.3377532958984388,11.696703910827637,8.999999999999999e-08,0.0,0.0,0.0,8.999999999999999e-08,0.0,0.0,0.0,8.999999999999999e-08
1759811055356711232,168536,1759811055351704320,base_link,-0.026701852041393918,-0.030798355812169755,0.044620194168907425,-0.9981721583595086,1.0,0.0,0.0,0.0,1.0,0.0,0.0,0.0,1.0,0.15558472275733948,-0.07461394369602206,-0.20403364300727844,1.2184696791468346e-07,0.0,0.0,0.0,1.2184696791468346e-07,0.0,0.0,0.0,1.2184696791468346e-07,-0.12805676460266113,1.86184322834015,9.230325698852539,8.999999999999999e-08,0.0,0.0,0.0,8.999999999999999e-08,0.0,0.0,0.0,8.999999999999999e-08
1759811055363889504,168537,1759811055356702272,base_link,-0.027115860205044175,-0.030483719380596058,0.04456890145426963,-0.9981729591496302,1.0,0.0,0.0,0.0,1.0,0.0,0.0,0.0,1.0,0.15262767672538757,-0.07553114742040633,0.11060240864753725,1.2184696791468346e-07,0.0,0.0,0.0,1.2184696791468346e-07,0.0,0.0,0.0,1.2184696791468346e-07,-0.6543787717819214,1.1890256404876722,10.193026542663574,8.999999999999999e-08,0.0,0.0,0.0,8.999999999999999e-08,0.0,0.0,0.0,8.999999999999999e-08
1759811055369804384,168538,1759811055361702272,base_link,-0.027501714438525282,-0.030318456483864904,0.04384018244351629,-0.9981996802515861,1.0,0.0,0.0,0.0,1.0,0.0,0.0,0.0,1.0,0.11446087062358856,-0.10132523626089092,0.31024304032325745,1.2184696791468346e-07,0.0,0.0,0.0,1.2184696791468346e-07,0.0,0.0,0.0,1.2184696791468346e-07,-0.42325228452682495,0.559529781341554,10.390460014343262,8.999999999999999e-08,0.0,0.0,0.0,8.999999999999999e-08,0.0,0.0,0.0,8.999999999999999e-08
1759811055376850784,168539,1759811055372702272,base_link,-0.028151661154047908,-0.029724775811104324,0.04182573167208959,-0.9982858284099424,1.0,0.0,0.0,0.0,1.0,0.0,0.0,0.0,1.0,0.10980602353811264,-0.09284008294343943,0.3992008566856384,1.2184696791468346e-07,0.0,0.0,0.0,1.2184696791468346e-07,0.0,0.0,0.0,1.2184696791468346e-07,-0.17267127335071564,0.5131318569183363,10.766682624816895,8.999999999999999e-08,0.0,0.0,0.0,8.999999999999999e-08,0.0,0.0,0.0,8.999999999999999e-08
1759811055382765120,168540,1759811055377702272,base_link,-0.028484681349470325,-0.029597126671763365,0.04105684671470538,-0.9983120858965647,1.0,0.0,0.0,0.0,1.0,0.0,0.0,0.0,1.0,0.10274890810251236,-0.06576517969369884,0.3150167763233185,1.2184696791468346e-07,0.0,0.0,0.0,1.2184696791468346e-07,0.0,0.0,0.0,1.2184696791468346e-07,-0.5433345437049866,0.5003892183303845,9.623090744018555,8.999999999999999e-08,0.0,0.0,0.0,8.999999999999999e-08,0.0,0.0,0.0,8.999999999999999e-08
1759811055386998880,168541,1759811055382702272,base_link,-0.028736862428303218,-0.02922165552432398,0.04091965872280239,-0.9983215689374796,1.0,0.0,0.0,0.0,1.0,0.0,0.0,0.0,1.0,0.10055361688137054,-0.08952803164720533,0.17623497545719147,1.2184696791468346e-07,0.0,0.0,0.0,1.2184696791468346e-07,0.0,0.0,0.0,1.2184696791468346e-07,-1.0502289533615112,-0.4306226670742023,9.4869966506958,8.999999999999999e-08,0.0,0.0,0.0,8.999999999999999e-08,0.0,0.0,0.0,8.999999999999999e-08
1759811055394430464,168542,1759811055388702272,base_link,-0.029137460225684905,-0.029189942750177823,0.041690398141521104,-0.9982789584736351,1.0,0.0,0.0,0.0,1.0,0.0,0.0,0.0,1.0,0.13902653753757477,-0.04547862336039545,-0.19448794424533844,1.2184696791468346e-07,0.0,0.0,0.0,1.2184696791468346e-07,0.0,0.0,0.0,1.2184696791468346e-07,-0.9310042262077332,-1.6962658166885365,9.438094139099121,8.999999999999999e-08,0.0,0.0,0.0,8.999999999999999e-08,0.0,0.0,0.0,8.999999999999999e-08
1759811055402904704,168543,1759811055398702272,base_link,-0.02978007391691673,-0.0292640151444495,0.043703668801189526,-0.9981717368910235,1.0,0.0,0.0,0.0,1.0,0.0,0.0,0.0,1.0,0.12951083481311798,0.0066043259575962535,-0.4000064730644226,1.2184696791468346e-07,0.0,0.0,0.0,1.2184696791468346e-07,0.0,0.0,0.0,1.2184696791468346e-07,0.01233561709523201,1.9845933914184584,10.409615516662598,8.999999999999999e-08,0.0,0.0,0.0,8.999999999999999e-08,0.0,0.0,0.0,8.999999999999999e-08
1759811055408819168,168544,1759811055403702272,base_link,-0.030124189599481894,-0.029242243827651716,0.04389813436021879,-0.9981535294524667,1.0,0.0,0.0,0.0,1.0,0.0,0.0,0.0,1.0,0.11210381239652634,0.0046958192251622495,-0.1521243005990982,1.2184696791468346e-07,0.0,0.0,0.0,1.2184696791468346e-07,0.0,0.0,0.0,1.2184696791468346e-07,0.14195334911346436,1.6678631305694593,10.891203880310059,8.999999999999999e-08,0.0,0.0,0.0,8.999999999999999e-08,0.0,0.0,0.0,8.999999999999999e-08
1759811055415758592,168545,1759811055409702272,base_link,-0.030264346021913618,-0.029219766674618473,0.043454918101278196,-0.9981692923738098,1.0,0.0,0.0,0.0,1.0,0.0,0.0,0.0,1.0,0.07372811436653137,0.0015783623093739347,0.15956148505210876,1.2184696791468346e-07,0.0,0.0,0.0,1.2184696791468346e-07,0.0,0.0,0.0,1.2184696791468346e-07,-0.7151045799255371,1.291613578796388,11.23274040222168,8.999999999999999e-08,0.0,0.0,0.0,8.999999999999999e-08,0.0,0.0,0.0,8.999999999999999e-08
1759811055422652672,168546,1759811055418702272,base_link,-0.030489465346064337,-0.02908619557378948,0.04271621028742779,-0.9981982472587367,1.0,0.0,0.0,0.0,1.0,0.0,0.0,0.0,1.0,0.07523985952138901,-0.01622506789863105,0.3578244149684906,1.2184696791468346e-07,0.0,0.0,0.0,1.2184696791468346e-07,0.0,0.0,0.0,1.2184696791468346e-07,-0.6161025762557983,0.550190627574922,10.677873611450195,8.999999999999999e-08,0.0,0.0,0.0,8.999999999999999e-08,0.0,0.0,0.0,8.999999999999999e-08
1759811055425957824,168547,1759811055419702272,base_link,-0.03078569183664512,-0.02903530588839061,0.04155219862525393,-0.9982398040513685,1.0,0.0,0.0,0.0,1.0,0.0,0.0,0.0,1.0,0.09779445081949234,-0.025518056005239435,0.4175221025943756,1.2184696791468346e-07,0.0,0.0,0.0,1.2184696791468346e-07,0.0,0.0,0.0,1.2184696791468346e-07,-0.3838074207305908,1.5888106822967543,10.223158836364746,8.999999999999999e-08,0.0,0.0,0.0,8.999999999999999e-08,0.0,0.0,0.0,8.999999999999999e-08
1759811055434892352,168548,1759811055430702272,base_link,-0.031207966874140215,-0.028759396319061725,0.0401922462643529,-0.998290338122733,1.0,0.0,0.0,0.0,1.0,0.0,0.0,0.0,1.0,0.07108818739652634,-0.03309167549014088,0.2805723547935486,1.2184696791468346e-07,0.0,0.0,0.0,1.2184696791468346e-07,0.0,0.0,0.0,1.2184696791468346e-07,-0.2615962624549866,-0.7030118107795703,10.4215669631958,8.999999999999999e-08,0.0,0.0,0.0,8.999999999999999e-08,0.0,0.0,0.0,8.999999999999999e-08
1759811055443222560,168549,1759811055439702272,base_link,-0.03158980118730847,-0.028584603130847173,0.04028142899580196,-0.9982797171169083,1.0,0.0,0.0,0.0,1.0,0.0,0.0,0.0,1.0,0.08826199173927307,-0.04361030086874964,-0.152326300740242,1.2184696791468346e-07,0.0,0.0,0.0,1.2184696791468346e-07,0.0,0.0,0.0,1.2184696791468346e-07,-0.8327546119689941,-0.31221467256545904,9.51162052154541,8.999999999999999e-08,0.0,0.0,0.0,8.999999999999999e-08,0.0,0.0,0.0,8.999999999999999e-08
1759811055449732576,168550,1759811055446702272,base_link,-0.03181612120273337,-0.028693940616963034,0.042454309770781073,-0.9981793654706038,1.0,0.0,0.0,0.0,1.0,0.0,0.0,0.0,1.0,0.0794040784239769,0.015445590950548599,-0.4140157103538513,1.2184696791468346e-07,0.0,0.0,0.0,1.2184696791468346e-07,0.0,0.0,0.0,1.2184696791468346e-07,-1.2750743627548218,-0.12508954107761266,9.489363670349121,8.999999999999999e-08,0.0,0.0,0.0,8.999999999999999e-08,0.0,0.0,0.0,8.999999999999999e-08
1759811055456874048,168551,1759811055451702272,base_link,-0.03201698238138803,-0.028929942059835914,0.04328552991711296,-0.9981304751263312,1.0,0.0,0.0,0.0,1.0,0.0,0.0,0.0,1.0,0.06516508758068085,0.0655257254838943,-0.3507351875305176,1.2184696791468346e-07,0.0,0.0,0.0,1.2184696791468346e-07,0.0,0.0,0.0,1.2184696791468346e-07,0.2988499402999878,1.526615619659425,9.365002632141113,8.999999999999999e-08,0.0,0.0,0.0,8.999999999999999e-08,0.0,0.0,0.0,8.999999999999999e-08
1759811055462825888,168552,1759811055456701248,base_link,-0.03198660586350444,-0.029028038026564385,0.0434924287964529,-0.9981195590925669,1.0,0.0,0.0,0.0,1.0,0.0,0.0,0.0,1.0,0.004297284409403801,0.06387699395418166,-0.07785293459892274,1.2184696791468346e-07,0.0,0.0,0.0,1.2184696791468346e-07,0.0,0.0,0.0,1.2184696791468346e-07,0.32744020223617554,1.5593168735504164,10.422931671142578,8.999999999999999e-08,0.0,0.0,0.0,8.999999999999999e-08,0.0,0.0,0.0,8.999999999999999e-08
1759811055468900224,168553,1759811055462701248,base_link,-0.03193703285553122,-0.02919372560218512,0.042891204002444984,-0.9981423605376113,1.0,0.0,0.0,0.0,1.0,0.0,0.0,0.0,1.0,-0.030917029827833176,0.05619924515485766,0.20222195982933044,1.2184696791468346e-07,0.0,0.0,0.0,1.2184696791468346e-07,0.0,0.0,0.0,1.2184696791468346e-07,-0.3776719570159912,1.7832096815109266,10.102118492126465,8.999999999999999e-08,0.0,0.0,0.0,8.999999999999999e-08,0.0,0.0,0.0,8.999999999999999e-08
1759811055475103968,168554,1759811055467701248,base_link,-0.03194425807660055,-0.02926438775716392,0.041884568672610825,-0.9981828215121817,1.0,0.0,0.0,0.0,1.0,0.0,0.0,0.0,1.0,-0.005615719594061375,0.03637245297431951,0.3906508982181549,1.2184696791468346e-07,0.0,0.0,0.0,1.2184696791468346e-07,0.0,0.0,0.0,1.2184696791468346e-07,-1.2060258388519287,1.407705903053285,9.974684715270996,8.999999999999999e-08,0.0,0.0,0.0,8.999999999999999e-08,0.0,0.0,0.0,8.999999999999999e-08
1759811055481176928,168555,1759811055476701248,base_link,-0.03202645933076629,-0.029235570754993296,0.04079136371593527,-0.998226317059845,1.0,0.0,0.0,0.0,1.0,0.0,0.0,0.0,1.0,0.019433075562119484,0.0018930367659777895,0.402726411819458,1.2184696791468346e-07,0.0,0.0,0.0,1.2184696791468346e-07,0.0,0.0,0.0,1.2184696791468346e-07,-0.62602299451828,0.04880599677562842,10.459996223449707,8.999999999999999e-08,0.0,0.0,0.0,8.999999999999999e-08,0.0,0.0,0.0,8.999999999999999e-08
1759811055489725280,168556,1759811055478701248,base_link,-0.032171683541300164,-0.029147276400085513,0.039964442548151534,-0.9982576743151371,1.0,0.0,0.0,0.0,1.0,0.0,0.0,0.0,1.0,0.021394487470388412,-0.033977337181568125,0.19562284648418427,1.2184696791468346e-07,0.0,0.0,0.0,1.2184696791468346e-07,0.0,0.0,0.0,1.2184696791468346e-07,-0.6591709852218628,-0.16841258108615748,10.386134147644043,8.999999999999999e-08,0.0,0.0,0.0,8.999999999999999e-08,0.0,0.0,0.0,8.999999999999999e-08
1759811055492890496,168557,1759811055487701248,base_link,-0.03215540547351572,-0.029040917675415383,0.039799901251564976,-0.9982678738524767,1.0,0.0,0.0,0.0,1.0,0.0,0.0,0.0,1.0,0.06288409978151321,-0.027343139052391045,0.04444073140621185,1.2184696791468346e-07,0.0,0.0,0.0,1.2184696791468346e-07,0.0,0.0,0.0,1.2184696791468346e-07,-0.8068785667419434,-0.5360876917839038,10.190102577209473,8.999999999999999e-08,0.0,0.0,0.0,8.999999999999999e-08,0.0,0.0,0.0,8.999999999999999e-08
1759811055497012576,168558,1759811055488701248,base_link,-0.03238019964131562,-0.028957268034922403,0.040160846862212274,-0.9982485705958587,1.0,0.0,0.0,0.0,1.0,0.0,0.0,0.0,1.0,0.010613596998155117,-0.0006298141088337075,-0.300588995218277,1.2184696791468346e-07,0.0,0.0,0.0,1.2184696791468346e-07,0.0,0.0,0.0,1.2184696791468346e-07,-0.8197322487831116,-0.6008584499359118,10.825870513916016,8.999999999999999e-08,0.0,0.0,0.0,8.999999999999999e-08,0.0,0.0,0.0,8.999999999999999e-08
1759811055505089024,168559,1759811055499701248,base_link,-0.03221977243690658,-0.02918731656471537,0.04236512703933204,-0.9981559318228318,1.0,0.0,0.0,0.0,1.0,0.0,0.0,0.0,1.0,-0.010961336083710194,0.024220861494541116,-0.4254359304904938,1.2184696791468346e-07,0.0,0.0,0.0,1.2184696791468346e-07,0.0,0.0,0.0,1.2184696791468346e-07,-0.61092609167099,0.8413547277450575,10.453404426574707,8.999999999999999e-08,0.0,0.0,0.0,8.999999999999999e-08,0.0,0.0,0.0,8.999999999999999e-08
1759811055511085344,168560,1759811055504701248,base_link,-0.032098609467060876,-0.029447495646018198,0.0432133745124623,-0.9981158080230494,1.0,0.0,0.0,0.0,1.0,0.0,0.0,0.0,1.0,-0.060929253697395325,0.06240236386656757,-0.3261891007423401,1.2184696791468346e-07,0.0,0.0,0.0,1.2184696791468346e-07,0.0,0.0,0.0,1.2184696791468346e-07,0.7491803765296936,1.5531353950500502,10.873518943786621,8.999999999999999e-08,0.0,0.0,0.0,8.999999999999999e-08,0.0,0.0,0.0,8.999999999999999e-08
1759811055512791584,168561,1759811055509701248,base_link,-0.03189982352678699,-0.02959906131089169,0.04328013512050355,-0.9981147964986852,1.0,0.0,0.0,0.0,1.0,0.0,0.0,0.0,1.0,-0.0658976137638092,0.0644888877868652,-0.19038525223731995,1.2184696791468346e-07,0.0,0.0,0.0,1.2184696791468346e-07,0.0,0.0,0.0,1.2184696791468346e-07,0.5143535137176514,2.890799999237062,10.215984344482422,8.999999999999999e-08,0.0,0.0,0.0,8.999999999999999e-08,0.0,0.0,0.0,8.999999999999999e-08
1759811055522224096,168562,1759811055515701248,base_link,-0.03169517695198237,-0.029640578508534892,0.04241658834136382,-0.9981571540814386,1.0,0.0,0.0,0.0,1.0,0.0,0.0,0.0,1.0,-0.07112724334001541,0.05232588946819309,0.28804680705070496,1.2184696791468346e-07,0.0,0.0,0.0,1.2184696791468346e-07,0.0,0.0,0.0,1.2184696791468346e-07,-0.6741670370101929,1.8822214603424083,9.745200157165527,8.999999999999999e-08,0.0,0.0,0.0,8.999999999999999e-08,0.0,0.0,0.0,8.999999999999999e-08
1759811055528899488,168563,1759811055520701248,base_link,-0.03153217022873557,-0.029732636280669668,0.04130694611376904,-0.9982061287194083,1.0,0.0,0.0,0.0,1.0,0.0,0.0,0.0,1.0,-0.05526380240917206,0.015504660084843691,0.4463222026824951,1.2184696791468346e-07,0.0,0.0,0.0,1.2184696791468346e-07,0.0,0.0,0.0,1.2184696791468346e-07,-1.5013335943222046,0.8804265260696423,9.772265434265137,8.999999999999999e-08,0.0,0.0,0.0,8.999999999999999e-08,0.0,0.0,0.0,8.999999999999999e-08
1759811055534268256,168564,1759811055529701248,base_link,-0.03160181147509087,-0.02957271121644797,0.040163080645183334,-0.998255356238469,1.0,0.0,0.0,0.0,1.0,0.0,0.0,0.0,1.0,-0.03244614601135254,-0.04985683411359782,0.4011211097240448,1.2184696791468346e-07,0.0,0.0,0.0,1.2184696791468346e-07,0.0,0.0,0.0,1.2184696791468346e-07,-1.2307124137878418,-0.46160849928855774,9.877900123596191,8.999999999999999e-08,0.0,0.0,0.0,8.999999999999999e-08,0.0,0.0,0.0,8.999999999999999e-08
1759811055539869728,168565,1759811055530701248,base_link,-0.03155876908836718,-0.029341209031971693,0.03943984072473639,-0.9982923611714616,1.0,0.0,0.0,0.0,1.0,0.0,0.0,0.0,1.0,0.005320069845765829,-0.07228647172451017,0.1757061779499054,1.2184696791468346e-07,0.0,0.0,0.0,1.2184696791468346e-07,0.0,0.0,0.0,1.2184696791468346e-07,-0.6834702491760254,-0.34222912788390986,10.303179740905762,8.999999999999999e-08,0.0,0.0,0.0,8.999999999999999e-08,0.0,0.0,0.0,8.999999999999999e-08
1759811055546836064,168566,1759811055541701248,base_link,-0.0315084538184154,-0.02894958298515037,0.03965807710632581,-0.9982967444437066,1.0,0.0,0.0,0.0,1.0,0.0,0.0,0.0,1.0,0.0035305111669003963,-0.06844643503427507,-0.10339966416358946,1.2184696791468346e-07,0.0,0.0,0.0,1.2184696791468346e-07,0.0,0.0,0.0,1.2184696791468346e-07,-1.5102194547653198,-0.8539326786994922,9.87484359741211,8.999999999999999e-08,0.0,0.0,0.0,8.999999999999999e-08,0.0,0.0,0.0,8.999999999999999e-08
1759811055552997312,168567,1759811055546701248,base_link,-0.03132353591998093,-0.029058452163802994,0.04091283093334367,-0.9982488234769499,1.0,0.0,0.0,0.0,1.0,0.0,0.0,0.0,1.0,-0.03076227940618992,-0.0014432228635997133,-0.4511306583881378,1.2184696791468346e-07,0.0,0.0,0.0,1.2184696791468346e-07,0.0,0.0,0.0,1.2184696791468346e-07,-1.9499293565750122,-0.5467425584793079,10.015890121459961,8.999999999999999e-08,0.0,0.0,0.0,8.999999999999999e-08,0.0,0.0,0.0,8.999999999999999e-08
1759811055559462816,168568,1759811055556701248,base_link,-0.03138790543523176,-0.02919217283655336,0.04217778429770113,-0.9981901972106711,1.0,0.0,0.0,0.0,1.0,0.0,0.0,0.0,1.0,-0.02565901167690754,0.042842894792556714,-0.4244982600212097,1.2184696791468346e-07,0.0,0.0,0.0,1.2184696791468346e-07,0.0,0.0,0.0,1.2184696791468346e-07,-0.40579134225845337,1.6134870052337658,9.68922233581543,8.999999999999999e-08,0.0,0.0,0.0,8.999999999999999e-08,0.0,0.0,0.0,8.999999999999999e-08
1759811055566796320,168569,1759811055562700480,base_link,-0.03098581602167729,-0.02942019576575784,0.042584122064194645,-0.9981788597084217,1.0,0.0,0.0,0.0,1.0,0.0,0.0,0.0,1.0,-0.08027450740337372,0.029766444116830826,-9.07032517716325e-05,1.2184696791468346e-07,0.0,0.0,0.0,1.2184696791468346e-07,0.0,0.0,0.0,1.2184696791468346e-07,0.3248969316482544,2.5085759162902845,10.218194961547852,8.999999999999999e-08,0.0,0.0,0.0,8.999999999999999e-08,0.0,0.0,0.0,8.999999999999999e-08
1759811055576912896,168570,1759811055573700480,base_link,-0.030690405714696084,-0.029308794154199767,0.040538904093354984,-0.9982763875158759,1.0,0.0,0.0,0.0,1.0,0.0,0.0,0.0,1.0,-0.06239539384841919,0.0036633415147662657,0.4035998284816742,1.2184696791468346e-07,0.0,0.0,0.0,1.2184696791468346e-07,0.0,0.0,0.0,1.2184696791468346e-07,-0.9116459488868713,0.9102979302406323,9.713399887084961,8.999999999999999e-08,0.0,0.0,0.0,8.999999999999999e-08,0.0,0.0,0.0,8.999999999999999e-08
1759811055587563680,168571,1759811055583700480,base_link,-0.030742953779802188,-0.028809684424052552,0.03904079436303528,-0.9983490065358602,1.0,0.0,0.0,0.0,1.0,0.0,0.0,0.0,1.0,-0.0087122842669487,-0.08089412003755565,0.3071332573890686,1.2184696791468346e-07,0.0,0.0,0.0,1.2184696791468346e-07,0.0,0.0,0.0,1.2184696791468346e-07,-1.5807923078536987,0.5385113358497633,10.614583969116211,8.999999999999999e-08,0.0,0.0,0.0,8.999999999999999e-08,0.0,0.0,0.0,8.999999999999999e-08
1759811055593860320,168572,1759811055589700480,base_link,-0.03095402774900471,-0.02858956995584444,0.03887406143032617,-0.9983553285631368,1.0,0.0,0.0,0.0,1.0,0.0,0.0,0.0,1.0,0.041451893746852875,-0.09907550364732741,0.1519189178943634,1.2184696791468346e-07,0.0,0.0,0.0,1.2184696791468346e-07,0.0,0.0,0.0,1.2184696791468346e-07,-0.325153648853302,0.011170774698258721,10.411231994628906,8.999999999999999e-08,0.0,0.0,0.0,8.999999999999999e-08,0.0,0.0,0.0,8.999999999999999e-08
1759811055605908608,168573,1759811055599700480,base_link,-0.0308720812692455,-0.02857402550664189,0.041045677799849994,-0.9982714141877517,1.0,0.0,0.0,0.0,1.0,0.0,0.0,0.0,1.0,0.014436930418014526,-0.009811916388571313,-0.4152313768863678,1.2184696791468346e-07,0.0,0.0,0.0,1.2184696791468346e-07,0.0,0.0,0.0,1.2184696791468346e-07,-1.0265573263168335,0.47458764910698065,10.554280281066895,8.999999999999999e-08,0.0,0.0,0.0,8.999999999999999e-08,0.0,0.0,0.0,8.999999999999999e-08
1759811055610792224,168574,1759811055605700480,base_link,-0.030935351509076385,-0.02864999791757887,0.04228357288746346,-0.9982155696134748,1.0,0.0,0.0,0.0,1.0,0.0,0.0,0.0,1.0,0.006584692280739546,0.019796524196863122,-0.4248621463775635,1.2184696791468346e-07,0.0,0.0,0.0,1.2184696791468346e-07,0.0,0.0,0.0,1.2184696791468346e-07,0.22643433511257172,2.320311546325685,9.432538032531738,8.999999999999999e-08,0.0,0.0,0.0,8.999999999999999e-08,0.0,0.0,0.0,8.999999999999999e-08
1759811055617285632,168575,1759811055610700480,base_link,-0.030805089265127754,-0.028617341518608643,0.04267132389376365,-0.9982040213769827,1.0,0.0,0.0,0.0,1.0,0.0,0.0,0.0,1.0,0.008024589158594608,0.0044072419404983295,-0.18752290308475494,1.2184696791468346e-07,0.0,0.0,0.0,1.2184696791468346e-07,0.0,0.0,0.0,1.2184696791468346e-07,1.0148941278457642,2.456490993499757,10.324847221374512,8.999999999999999e-08,0.0,0.0,0.0,8.999999999999999e-08,0.0,0.0,0.0,8.999999999999999e-08
1759811055622837632,168576,1759811055619700480,base_link,-0.03082433629850837,-0.0287569143471292,0.04232310663136667,-0.9982142209143223,1.0,0.0,0.0,0.0,1.0,0.0,0.0,0.0,1.0,-0.018615853041410446,-0.008216939866542797,0.16043680906295776,1.2184696791468346e-07,0.0,0.0,0.0,1.2184696791468346e-07,0.0,0.0,0.0,1.2184696791468346e-07,-0.2212652713060379,1.3898681402206432,9.545244216918945,8.999999999999999e-08,0.0,0.0,0.0,8.999999999999999e-08,0.0,0.0,0.0,8.999999999999999e-08
1759811055627434752,168577,1759811055620700480,base_link,-0.03091710916766076,-0.028551467146839007,0.04172441064826939,-0.9982425014496732,1.0,0.0,0.0,0.0,1.0,0.0,0.0,0.0,1.0,-0.002157924696803093,-0.020530138164758654,0.2258577048778534,1.2184696791468346e-07,0.0,0.0,0.0,1.2184696791468346e-07,0.0,0.0,0.0,1.2184696791468346e-07,-1.2729556560516357,0.20823022723198056,9.646652221679688,8.999999999999999e-08,0.0,0.0,0.0,8.999999999999999e-08,0.0,0.0,0.0,8.999999999999999e-08
1759811055631791424,168578,1759811055626700480,base_link,-0.030853435404682605,-0.028560681913185018,0.040800003819879985,-0.9982824145152129,1.0,0.0,0.0,0.0,1.0,0.0,0.0,0.0,1.0,0.025463581085205078,-0.040012352168559986,0.3390192687511444,1.2184696791468346e-07,0.0,0.0,0.0,1.2184696791468346e-07,0.0,0.0,0.0,1.2184696791468346e-07,-1.1239829063415527,1.2168912887573256,10.483171463012695,8.999999999999999e-08,0.0,0.0,0.0,8.999999999999999e-08,0.0,0.0,0.0,8.999999999999999e-08
1759811055643788800,168579,1759811055636700480,base_link,-0.030994318901410176,-0.028134996356001148,0.03946571888972209,-0.9983437803266448,1.0,0.0,0.0,0.0,1.0,0.0,0.0,0.0,1.0,0.017227765172719955,-0.0638243034482002,0.23561839759349823,1.2184696791468346e-07,0.0,0.0,0.0,1.2184696791468346e-07,0.0,0.0,0.0,1.2184696791468346e-07,-0.498546302318573,-0.4454246461391437,10.111684799194336,8.999999999999999e-08,0.0,0.0,0.0,8.999999999999999e-08,0.0,0.0,0.0,8.999999999999999e-08
1759811055647807552,168580,1759811055642700480,base_link,-0.031237912210007206,-0.027975317422789307,0.03944881800346922,-0.9983413779562798,1.0,0.0,0.0,0.0,1.0,0.0,0.0,0.0,1.0,0.046066343784332275,-0.05720653757452964,0.04875634610652924,1.2184696791468346e-07,0.0,0.0,0.0,1.2184696791468346e-07,0.0,0.0,0.0,1.2184696791468346e-07,-1.8466706275939941,-1.6056115627288807,9.228581428527832,8.999999999999999e-08,0.0,0.0,0.0,8.999999999999999e-08,0.0,0.0,0.0,8.999999999999999e-08
1759811055652858624,168581,1759811055647700480,base_link,-0.0312109130376328,-0.0279173116700733,0.040735308407415745,-0.998292150437219,1.0,0.0,0.0,0.0,1.0,0.0,0.0,0.0,1.0,0.025691615417599678,-0.022043883800506644,-0.41980820894241333,1.2184696791468346e-07,0.0,0.0,0.0,1.2184696791468346e-07,0.0,0.0,0.0,1.2184696791468346e-07,-1.714963436126709,-1.7694035768508898,10.12941837310791,8.999999999999999e-08,0.0,0.0,0.0,8.999999999999999e-08,0.0,0.0,0.0,8.999999999999999e-08
1759811055660819232,168582,1759811055657700480,base_link,-0.031289412366164976,-0.028007773788865233,0.043070749577101414,-0.9981891435394584,1.0,0.0,0.0,0.0,1.0,0.0,0.0,0.0,1.0,0.031387537717819214,-0.004955668933689652,-0.472550630569458,1.2184696791468346e-07,0.0,0.0,0.0,1.2184696791468346e-07,0.0,0.0,0.0,1.2184696791468346e-07,0.9214867949485779,2.514657258987428,9.530125617980957,8.999999999999999e-08,0.0,0.0,0.0,8.999999999999999e-08,0.0,0.0,0.0,8.999999999999999e-08
1759811055669049536,168583,1759811055663698688,base_link,-0.03120455725995013,-0.027962384596469287,0.04326837614976902,-0.9981845495329708,1.0,0.0,0.0,0.0,1.0,0.0,0.0,0.0,1.0,0.0036741802468895912,-0.012949697673320782,-0.09769667685031891,1.2184696791468346e-07,0.0,0.0,0.0,1.2184696791468346e-07,0.0,0.0,0.0,1.2184696791468346e-07,0.556425929069519,2.189579248428346,10.240370750427246,8.999999999999999e-08,0.0,0.0,0.0,8.999999999999999e-08,0.0,0.0,0.0,8.999999999999999e-08
1759811055675144672,168584,1759811055668698688,base_link,-0.031180942841710635,-0.027954973665848704,0.04282853163870929,-0.9982044428454678,1.0,0.0,0.0,0.0,1.0,0.0,0.0,0.0,1.0,-0.031749844551086426,-0.003831658279523234,0.1603672206401825,1.2184696791468346e-07,0.0,0.0,0.0,1.2184696791468346e-07,0.0,0.0,0.0,1.2184696791468346e-07,-0.8374317288398743,0.8836829662323009,9.490327835083008,8.999999999999999e-08,0.0,0.0,0.0,8.999999999999999e-08,0.0,0.0,0.0,8.999999999999999e-08
1759811055683714816,168585,1759811055673698688,base_link,-0.031168953380398302,-0.027833794890934804,0.0421680062288466,-0.9982363058629421,1.0,0.0,0.0,0.0,1.0,0.0,0.0,0.0,1.0,-0.029796572402119637,-0.02403336949646469,0.31416451930999756,1.2184696791468346e-07,0.0,0.0,0.0,1.2184696791468346e-07,0.0,0.0,0.0,1.2184696791468346e-07,-0.7118875980377197,0.4826807975769055,10.191298484802246,8.999999999999999e-08,0.0,0.0,0.0,8.999999999999999e-08,0.0,0.0,0.0,8.999999999999999e-08
1759811055686795360,168586,1759811055679698688,base_link,-0.031140146174077232,-0.027757672249531937,0.041141266852272707,-0.9982822037809704,1.0,0.0,0.0,0.0,1.0,0.0,0.0,0.0,1.0,-0.020127981901168823,-0.06089159846305842,0.37054893374443054,1.2184696791468346e-07,0.0,0.0,0.0,1.2184696791468346e-07,0.0,0.0,0.0,1.2184696791468346e-07,-0.5478712320327759,1.7191749811172499,10.182967185974121,8.999999999999999e-08,0.0,0.0,0.0,8.999999999999999e-08,0.0,0.0,0.0,8.999999999999999e-08
1759811055697771872,168587,1759811055689698688,base_link,-0.03105878728065527,-0.027261882736157848,0.039772927268518006,-0.998353853423439,1.0,0.0,0.0,0.0,1.0,0.0,0.0,0.0,1.0,0.007952418178319931,-0.07606273144483565,0.1267407089471817,1.2184696791468346e-07,0.0,0.0,0.0,1.2184696791468346e-07,0.0,0.0,0.0,1.2184696791468346e-07,-0.7245838046073914,-0.736710727214812,9.98285961151123,8.999999999999999e-08,0.0,0.0,0.0,8.999999999999999e-08,0.0,0.0,0.0,8.999999999999999e-08
1759811055703820096,168588,1759811055700698688,base_link,-0.03104615261036124,-0.026970369942529073,0.041074337656837365,-0.9983094306451085,1.0,0.0,0.0,0.0,1.0,0.0,0.0,0.0,1.0,0.0036231293343007565,-0.06026002392172816,-0.25085389614105225,1.2184696791468346e-07,0.0,0.0,0.0,1.2184696791468346e-07,0.0,0.0,0.0,1.2184696791468346e-07,-1.6464812755584717,-1.027700662612914,9.746682167053223,8.999999999999999e-08,0.0,0.0,0.0,8.999999999999999e-08,0.0,0.0,0.0,8.999999999999999e-08
1759811055712228736,168589,1759811055705698688,base_link,-0.03112885164185695,-0.026988907641156534,0.04232032493936495,-0.9982543447141047,1.0,0.0,0.0,0.0,1.0,0.0,0.0,0.0,1.0,0.020543565973639488,-0.03042179904878145,-0.4568341374397278,1.2184696791468346e-07,0.0,0.0,0.0,1.2184696791468346e-07,0.0,0.0,0.0,1.2184696791468346e-07,-0.6530348062515259,1.3085415363311779,9.575974464416504,8.999999999999999e-08,0.0,0.0,0.0,8.999999999999999e-08,0.0,0.0,0.0,8.999999999999999e-08
1759811055717877120,168590,1759811055710698688,base_link,-0.031103303078397506,-0.027036583300084197,0.0431527673443036,-0.998218224864931,1.0,0.0,0.0,0.0,1.0,0.0,0.0,0.0,1.0,-0.019650699570775032,-0.012486875057220487,-0.2245282530784607,1.2184696791468346e-07,0.0,0.0,0.0,1.2184696791468346e-07,0.0,0.0,0.0,1.2184696791468346e-07,0.784269392490387,2.2442350387573256,10.37003231048584,8.999999999999999e-08,0.0,0.0,0.0,8.999999999999999e-08,0.0,0.0,0.0,8.999999999999999e-08
1759811055723873440,168591,1759811055716698688,base_link,-0.031021338324028196,-0.026924551379113922,0.04307601793316526,-0.9982271178499666,1.0,0.0,0.0,0.0,1.0,0.0,0.0,0.0,1.0,-0.022049279883503914,-0.02115793526172639,-0.08115469664335251,1.2184696791468346e-07,0.0,0.0,0.0,1.2184696791468346e-07,0.0,0.0,0.0,1.2184696791468346e-07,0.8160656690597534,1.819591283798219,10.109131813049316,8.999999999999999e-08,0.0,0.0,0.0,8.999999999999999e-08,0.0,0.0,0.0,8.999999999999999e-08
1759811055731901696,168592,1759811055726698688,base_link,-0.030805579551513945,-0.0267915923954051,0.04132696586681171,-0.998311285106443,1.0,0.0,0.0,0.0,1.0,0.0,0.0,0.0,1.0,-0.04751403629779816,-0.03220169618725772,0.3877169191837311,1.2184696791468346e-07,0.0,0.0,0.0,1.2184696791468346e-07,0.0,0.0,0.0,1.2184696791468346e-07,-0.8425896763801575,0.9503784775733961,10.775980949401855,8.999999999999999e-08,0.0,0.0,0.0,8.999999999999999e-08,0.0,0.0,0.0,8.999999999999999e-08
1759811055736737408,168593,1759811055731698688,base_link,-0.03071964295058087,-0.026688985069524693,0.04015760155487691,-0.9983643479887182,1.0,0.0,0.0,0.0,1.0,0.0,0.0,0.0,1.0,-0.03628076612949371,-0.04002168402075762,0.44407981634140015,1.2184696791468346e-07,0.0,0.0,0.0,1.2184696791468346e-07,0.0,0.0,0.0,1.2184696791468346e-07,-0.746728241443634,0.5915237069129956,10.203001022338867,8.999999999999999e-08,0.0,0.0,0.0,8.999999999999999e-08,0.0,0.0,0.0,8.999999999999999e-08
1759811055746823424,168594,1759811055742698688,base_link,-0.03066532636419858,-0.026287852274186133,0.039045388369522926,-0.9984207826188742,1.0,0.0,0.0,0.0,1.0,0.0,0.0,0.0,1.0,-0.01395139005035162,-0.06449659913778302,0.2291402369737625,1.2184696791468346e-07,0.0,0.0,0.0,1.2184696791468346e-07,0.0,0.0,0.0,1.2184696791468346e-07,-0.46833300590515137,-1.2107847929000841,10.121102333068848,8.999999999999999e-08,0.0,0.0,0.0,8.999999999999999e-08,0.0,0.0,0.0,8.999999999999999e-08
1759811055752786080,168595,1759811055748698688,base_link,-0.030816077080243445,-0.026182646496313352,0.03958309786282496,-0.9983977704395873,1.0,0.0,0.0,0.0,1.0,0.0,0.0,0.0,1.0,0.03108840622007847,-0.057993352413177504,-0.13600394129753113,1.2184696791468346e-07,0.0,0.0,0.0,1.2184696791468346e-07,0.0,0.0,0.0,1.2184696791468346e-07,-1.0247688293457031,-0.9580780267715442,9.768001556396484,8.999999999999999e-08,0.0,0.0,0.0,8.999999999999999e-08,0.0,0.0,0.0,8.999999999999999e-08
1759811055761942912,168596,1759811055753698688,base_link,-0.030782834247388854,-0.026210663119952588,0.04085546907252034,-0.9983468148997376,1.0,0.0,0.0,0.0,1.0,0.0,0.0,0.0,1.0,0.028255676850676537,-0.0050758095458150465,-0.45160433650016785,1.2184696791468346e-07,0.0,0.0,0.0,1.2184696791468346e-07,0.0,0.0,0.0,1.2184696791468346e-07,-1.1843277215957642,0.11420754343271376,9.886404991149902,8.999999999999999e-08,0.0,0.0,0.0,8.999999999999999e-08,0.0,0.0,0.0,8.999999999999999e-08
1759811055766844096,168597,1759811055758697408,base_link,-0.030813533616717487,-0.026306709860808342,0.04204388375998197,-0.9982940048985535,1.0,0.0,0.0,0.0,1.0,0.0,0.0,0.0,1.0,0.03793841600418091,0.047034911811351734,-0.3614669144153595,1.2184696791468346e-07,0.0,0.0,0.0,1.2184696791468346e-07,0.0,0.0,0.0,1.2184696791468346e-07,-0.0996556431055069,1.390310883522035,10.198688507080078,8.999999999999999e-08,0.0,0.0,0.0,8.999999999999999e-08,0.0,0.0,0.0,8.999999999999999e-08
1759811055772798208,168598,1759811055768697408,base_link,-0.03090006191989099,-0.026583982617268753,0.04254058436968289,-0.998262942671201,1.0,0.0,0.0,0.0,1.0,0.0,0.0,0.0,1.0,-0.00043946236837655306,0.04594803601503371,-0.10184751451015472,1.2184696791468346e-07,0.0,0.0,0.0,1.2184696791468346e-07,0.0,0.0,0.0,1.2184696791468346e-07,-0.06522928178310394,1.9859941005706798,9.596966743469238,8.999999999999999e-08,0.0,0.0,0.0,8.999999999999999e-08,0.0,0.0,0.0,8.999999999999999e-08
1759811055782806336,168599,1759811055779697408,base_link,-0.030962059275506007,-0.026683318129397376,0.040501604132422826,-0.9983431902707657,1.0,0.0,0.0,0.0,1.0,0.0,0.0,0.0,1.0,0.022861918434500694,0.03381561115384107,0.3985947370529175,1.2184696791468346e-07,0.0,0.0,0.0,1.2184696791468346e-07,0.0,0.0,0.0,1.2184696791468346e-07,-0.8913218975067139,0.6619122624397291,11.079900741577148,8.999999999999999e-08,0.0,0.0,0.0,8.999999999999999e-08,0.0,0.0,0.0,8.999999999999999e-08
1759811055790059936,168600,1759811055785697408,base_link,-0.031002069311724625,-0.02658531929798383,0.039522743575757344,-0.9983837776858817,1.0,0.0,0.0,0.0,1.0,0.0,0.0,0.0,1.0,0.027734968811273575,-0.005352268926799247,0.40782174468040466,1.2184696791468346e-07,0.0,0.0,0.0,1.2184696791468346e-07,0.0,0.0,0.0,1.2184696791468346e-07,-0.5501485466957092,0.2793728709220899,10.49264907836914,8.999999999999999e-08,0.0,0.0,0.0,8.999999999999999e-08,0.0,0.0,0.0,8.999999999999999e-08
1759811055800891968,168601,1759811055790697408,base_link,-0.031150376004464235,-0.026519299058605676,0.038743490493639406,-0.9984114681653533,1.0,0.0,0.0,0.0,1.0,0.0,0.0,0.0,1.0,0.0533684641122818,-0.04029053822159765,0.19517965614795685,1.2184696791468346e-07,0.0,0.0,0.0,1.2184696791468346e-07,0.0,0.0,0.0,1.2184696791468346e-07,-0.2572689950466156,-0.23833754658698916,9.73250961303711,8.999999999999999e-08,0.0,0.0,0.0,8.999999999999999e-08,0.0,0.0,0.0,8.999999999999999e-08
1759811055805804448,168602,1759811055800697408,base_link,-0.03161727451172862,-0.02646415418786847,0.03962937510248991,-0.9983634629048994,1.0,0.0,0.0,0.0,1.0,0.0,0.0,0.0,1.0,0.0768100768327713,-8.356792386625158e-05,-0.3201475143432617,1.2184696791468346e-07,0.0,0.0,0.0,1.2184696791468346e-07,0.0,0.0,0.0,1.2184696791468346e-07,-1.1957886219024658,-1.313838958740233,11.46399211883545,8.999999999999999e-08,0.0,0.0,0.0,8.999999999999999e-08,0.0,0.0,0.0,8.999999999999999e-08
1759811055816759552,168603,1759811055811697408,base_link,-0.03197575222683225,-0.026929236429379836,0.04229845072498781,-0.998230110276211,1.0,0.0,0.0,0.0,1.0,0.0,0.0,0.0,1.0,0.09098859876394272,0.09832772612571711,-0.5059204697608948,1.2184696791468346e-07,0.0,0.0,0.0,1.2184696791468346e-07,0.0,0.0,0.0,1.2184696791468346e-07,0.1132834255695343,1.9036935567855846,9.790434837341309,8.999999999999999e-08,0.0,0.0,0.0,8.999999999999999e-08,0.0,0.0,0.0,8.999999999999999e-08
1759811055823409376,168604,1759811055816697408,base_link,-0.03201735923348273,-0.027295805845489178,0.04272957083840573,-0.9982003967480108,1.0,0.0,0.0,0.0,1.0,0.0,0.0,0.0,1.0,0.032378360629081726,0.1044930815696716,-0.19627906382083893,1.2184696791468346e-07,0.0,0.0,0.0,1.2184696791468346e-07,0.0,0.0,0.0,1.2184696791468346e-07,1.1116641759872437,1.8239312171936048,10.320867538452148,8.999999999999999e-08,0.0,0.0,0.0,8.999999999999999e-08,0.0,0.0,0.0,8.999999999999999e-08
1759811055829963072,168605,1759811055821697408,base_link,-0.032262204270553305,-0.027568366057450465,0.042493379899350654,-0.9981950862450985,1.0,0.0,0.0,0.0,1.0,0.0,0.0,0.0,1.0,0.009400487877428532,0.10872648656368257,0.16309083998203278,1.2184696791468346e-07,0.0,0.0,0.0,1.2184696791468346e-07,0.0,0.0,0.0,1.2184696791468346e-07,-0.23637008666992188,1.7446728944778456,10.005512237548828,8.999999999999999e-08,0.0,0.0,0.0,8.999999999999999e-08,0.0,0.0,0.0,8.999999999999999e-08
1759811055843883680,168606,1759811055837697408,base_link,-0.03295713747850525,-0.027896558133812605,0.03957171821372698,-0.9982833838927287,1.0,0.0,0.0,0.0,1.0,0.0,0.0,0.0,1.0,0.09761390089988708,0.03527054190635686,0.4099479913711548,1.2184696791468346e-07,0.0,0.0,0.0,1.2184696791468346e-07,0.0,0.0,0.0,1.2184696791468346e-07,-0.9065971970558167,0.0292311403900397,9.880709648132324,8.999999999999999e-08,0.0,0.0,0.0,8.999999999999999e-08,0.0,0.0,0.0,8.999999999999999e-08
1759811055850839904,168607,1759811055847697408,base_link,-0.0330835052548698,-0.02791232533569498,0.03898448617342469,-0.998301886359225,1.0,0.0,0.0,0.0,1.0,0.0,0.0,0.0,1.0,0.14232225716114044,0.0016623566625639996,0.1635429412126541,1.2184696791468346e-07,0.0,0.0,0.0,1.2184696791468346e-07,0.0,0.0,0.0,1.2184696791468346e-07,-0.3299221992492676,-0.9919552206993091,9.948437690734863,8.999999999999999e-08,0.0,0.0,0.0,8.999999999999999e-08,0.0,0.0,0.0,8.999999999999999e-08
1759811055862072640,168608,1759811055853697408,base_link,-0.03372396843556909,-0.02796298617687733,0.039641344807466984,-0.9982531224554979,1.0,0.0,0.0,0.0,1.0,0.0,0.0,0.0,1.0,0.12026520818471909,0.06291782110929485,-0.31088608503341675,1.2184696791468346e-07,0.0,0.0,0.0,1.2184696791468346e-07,0.0,0.0,0.0,1.2184696791468346e-07,-1.6965324878692627,-0.8377749323844897,9.642570495605469,8.999999999999999e-08,0.0,0.0,0.0,8.999999999999999e-08,0.0,0.0,0.0,8.999999999999999e-08
1759811055867968864,168609,1759811055864698176,base_link,-0.0344294240323057,-0.028648218530318303,0.041850851193802115,-0.9981194326520214,1.0,0.0,0.0,0.0,1.0,0.0,0.0,0.0,1.0,0.1238410547375679,0.10485284030437464,-0.4427791237831116,1.2184696791468346e-07,0.0,0.0,0.0,1.2184696791468346e-07,0.0,0.0,0.0,1.2184696791468346e-07,-0.05585873872041702,1.7968918085098278,9.655117988586426,8.999999999999999e-08,0.0,0.0,0.0,8.999999999999999e-08,0.0,0.0,0.0,8.999999999999999e-08
1759811055878852928,168610,1759811055873698176,base_link,-0.03439862011903643,-0.028896932187101026,0.0423726713252155,-0.9980913207040646,1.0,0.0,0.0,0.0,1.0,0.0,0.0,0.0,1.0,0.07152145355939865,0.09585354477167128,-0.12855252623558044,1.2184696791468346e-07,0.0,0.0,0.0,1.2184696791468346e-07,0.0,0.0,0.0,1.2184696791468346e-07,1.224599003791809,1.73249387741089,10.524031639099121,8.999999999999999e-08,0.0,0.0,0.0,8.999999999999999e-08,0.0,0.0,0.0,8.999999999999999e-08
1759811055881903264,168611,1759811055874698176,base_link,-0.034676917241479005,-0.02914855265934198,0.04209075105552609,-0.9980863052290918,1.0,0.0,0.0,0.0,1.0,0.0,0.0,0.0,1.0,0.04113030806183815,0.08838410675525667,0.16067618131637573,1.2184696791468346e-07,0.0,0.0,0.0,1.2184696791468346e-07,0.0,0.0,0.0,1.2184696791468346e-07,0.07746487855911255,2.1314587593078627,9.432726860046387,8.999999999999999e-08,0.0,0.0,0.0,8.999999999999999e-08,0.0,0.0,0.0,8.999999999999999e-08
1759811055889770240,168612,1759811055885698176,base_link,-0.03509166165788919,-0.02929947163350864,0.03995340007384165,-0.9981552574732556,1.0,0.0,0.0,0.0,1.0,0.0,0.0,0.0,1.0,0.08624496310949326,0.05236960574984556,0.4332871437072754,1.2184696791468346e-07,0.0,0.0,0.0,1.2184696791468346e-07,0.0,0.0,0.0,1.2184696791468346e-07,-1.0501493215560913,0.12944854795932906,11.031864166259766,8.999999999999999e-08,0.0,0.0,0.0,8.999999999999999e-08,0.0,0.0,0.0,8.999999999999999e-08
1759811055896856480,168613,1759811055890698176,base_link,-0.03551966257524506,-0.029226900358001195,0.039131452234182205,-0.9981748136109647,1.0,0.0,0.0,0.0,1.0,0.0,0.0,0.0,1.0,0.10942867398262024,-0.004642279818654018,0.3489750921726227,1.2184696791468346e-07,0.0,0.0,0.0,1.2184696791468346e-07,0.0,0.0,0.0,1.2184696791468346e-07,-1.5077341794967651,-0.17407310009002566,9.676008224487305,8.999999999999999e-08,0.0,0.0,0.0,8.999999999999999e-08,0.0,0.0,0.0,8.999999999999999e-08
1759811055904345952,168614,1759811055899698176,base_link,-0.03576478337782836,-0.02901150362033021,0.03870728635076856,-0.9981888906583674,1.0,0.0,0.0,0.0,1.0,0.0,0.0,0.0,1.0,0.14852610230445862,-0.04700627177953719,0.1275663822889328,1.2184696791468346e-07,0.0,0.0,0.0,1.2184696791468346e-07,0.0,0.0,0.0,1.2184696791468346e-07,-1.0629489421844482,-0.12854824960231656,10.265708923339844,8.999999999999999e-08,0.0,0.0,0.0,8.999999999999999e-08,0.0,0.0,0.0,8.999999999999999e-08
1759811055911254720,168615,1759811055901698176,base_link,-0.03613374742640486,-0.029029821694364254,0.038829217183510574,-0.998170303898174,1.0,0.0,0.0,0.0,1.0,0.0,0.0,0.0,1.0,0.0998707041144371,-0.024293534457683594,-0.2553330063819885,1.2184696791468346e-07,0.0,0.0,0.0,1.2184696791468346e-07,0.0,0.0,0.0,1.2184696791468346e-07,-1.2659835815429688,-1.042359948158263,9.563505172729492,8.999999999999999e-08,0.0,0.0,0.0,8.999999999999999e-08,0.0,0.0,0.0,8.999999999999999e-08
1759811055919721504,168616,1759811055911698176,base_link,-0.03651846715233484,-0.029039981060488905,0.04119534125891216,-0.9980611435605308,1.0,0.0,0.0,0.0,1.0,0.0,0.0,0.0,1.0,0.08191965520381927,-0.0036094179376960373,-0.46717026829719543,1.2184696791468346e-07,0.0,0.0,0.0,1.2184696791468346e-07,0.0,0.0,0.0,1.2184696791468346e-07,-0.9532150030136108,0.6079058051109326,10.311417579650879,8.999999999999999e-08,0.0,0.0,0.0,8.999999999999999e-08,0.0,0.0,0.0,8.999999999999999e-08
1759811055921788448,168617,1759811055917698176,base_link,-0.03678476970974514,-0.0290565418085034,0.04221630651724007,-0.9980082071188011,1.0,0.0,0.0,0.0,1.0,0.0,0.0,0.0,1.0,0.10163453221321106,-0.0017446024576202592,-0.4550950825214386,1.2184696791468346e-07,0.0,0.0,0.0,1.2184696791468346e-07,0.0,0.0,0.0,1.2184696791468346e-07,0.04900326207280159,2.1732065677642836,9.649309158325195,8.999999999999999e-08,0.0,0.0,0.0,8.999999999999999e-08,0.0,0.0,0.0,8.999999999999999e-08
1759811055932007360,168618,1759811055927698176,base_link,-0.03701341603364448,-0.028956970208168665,0.041897844929891744,-0.9980160464326241,1.0,0.0,0.0,0.0,1.0,0.0,0.0,0.0,1.0,0.05632495880126953,-0.020828021690249436,0.06257854402065277,1.2184696791468346e-07,0.0,0.0,0.0,1.2184696791468346e-07,0.0,0.0,0.0,1.2184696791468346e-07,-0.2457757145166397,1.672091841697694,9.166008949279785,8.999999999999999e-08,0.0,0.0,0.0,8.999999999999999e-08,0.0,0.0,0.0,8.999999999999999e-08
1759811055941152160,168619,1759811055936698176,base_link,-0.03726361421438433,-0.028747996913628542,0.04097373312944187,-0.9980511969042822,1.0,0.0,0.0,0.0,1.0,0.0,0.0,0.0,1.0,0.061931364238262177,-0.04161185771226878,0.4026460647583008,1.2184696791468346e-07,0.0,0.0,0.0,1.2184696791468346e-07,0.0,0.0,0.0,1.2184696791468346e-07,-0.9774893522262573,1.3603786230087294,10.278019905090332,8.999999999999999e-08,0.0,0.0,0.0,8.999999999999999e-08,0.0,0.0,0.0,8.999999999999999e-08
1759811055952182400,168620,1759811055938698176,base_link,-0.03743229742665381,-0.02854640228102811,0.039956097472146325,-0.9980919529067923,1.0,0.0,0.0,0.0,1.0,0.0,0.0,0.0,1.0,0.0674678161740303,-0.07619320601224895,0.3561594784259796,1.2184696791468346e-07,0.0,0.0,0.0,1.2184696791468346e-07,0.0,0.0,0.0,1.2184696791468346e-07,-0.850210428237915,0.048008233308793405,10.544562339782715,8.999999999999999e-08,0.0,0.0,0.0,8.999999999999999e-08,0.0,0.0,0.0,8.999999999999999e-08
1759811055956561664,168621,1759811055948698176,base_link,-0.03784311527143515,-0.028006035560636414,0.03891557607610938,-0.9981328353498479,1.0,0.0,0.0,0.0,1.0,0.0,0.0,0.0,1.0,0.08949756622314453,-0.09226841479539868,0.1784684956073761,1.2184696791468346e-07,0.0,0.0,0.0,1.2184696791468346e-07,0.0,0.0,0.0,1.2184696791468346e-07,-1.0260218381881714,-0.02454188652336476,9.914750099182129,8.999999999999999e-08,0.0,0.0,0.0,8.999999999999999e-08,0.0,0.0,0.0,8.999999999999999e-08
1759811055959804960,168622,1759811055954698176,base_link,-0.03807088935313367,-0.027859736605465514,0.03926295040153617,-0.9981147122049882,1.0,0.0,0.0,0.0,1.0,0.0,0.0,0.0,1.0,0.08483272790908813,-0.07828152179718019,-0.1406092345714569,1.2184696791468346e-07,0.0,0.0,0.0,1.2184696791468346e-07,0.0,0.0,0.0,1.2184696791468346e-07,-1.446842908859253,-1.2493844032287587,9.6504487991333,8.999999999999999e-08,0.0,0.0,0.0,8.999999999999999e-08,0.0,0.0,0.0,8.999999999999999e-08
1759811055966949376,168623,1759811055959697152,base_link,-0.03835702463694639,-0.027670154483235194,0.04027603419919255,-0.9980686456995658,1.0,0.0,0.0,0.0,1.0,0.0,0.0,0.0,1.0,0.10175981372594833,-0.08538558334112173,-0.3994404077529907,1.2184696791468346e-07,0.0,0.0,0.0,1.2184696791468346e-07,0.0,0.0,0.0,1.2184696791468346e-07,-1.5401344299316406,0.2874803245067608,9.481551170349121,8.999999999999999e-08,0.0,0.0,0.0,8.999999999999999e-08,0.0,0.0,0.0,8.999999999999999e-08
1759811055973957536,168624,1759811055969697152,base_link,-0.03859972891045764,-0.027332245747293895,0.04213993642773831,-0.9979916012604878,1.0,0.0,0.0,0.0,1.0,0.0,0.0,0.0,1.0,0.06442458927631378,-0.07250493019819264,-0.36907628178596497,1.2184696791468346e-07,0.0,0.0,0.0,1.2184696791468346e-07,0.0,0.0,0.0,1.2184696791468346e-07,0.3067333698272705,2.5344402790069593,9.867959976196289,8.999999999999999e-08,0.0,0.0,0.0,8.999999999999999e-08,0.0,0.0,0.0,8.999999999999999e-08
1759811055981864960,168625,1759811055979697152,base_link,-0.03884400150771465,-0.02707123558282199,0.042111487304993464,-0.9979904632955781,1.0,0.0,0.0,0.0,1.0,0.0,0.0,0.0,1.0,0.007204714696854353,-0.06387853622436522,0.0912439674139023,1.2184696791468346e-07,0.0,0.0,0.0,1.2184696791468346e-07,0.0,0.0,0.0,1.2184696791468346e-07,0.2060302048921585,1.8645679950714122,9.739434242248535,8.999999999999999e-08,0.0,0.0,0.0,8.999999999999999e-08,0.0,0.0,0.0,8.999999999999999e-08
1759811055990108800,168626,1759811055985697152,base_link,-0.038907855958842184,-0.026643137530151188,0.04021997889067308,-0.998077496537753,1.0,0.0,0.0,0.0,1.0,0.0,0.0,0.0,1.0,0.035808492451906204,-0.07073706388473507,0.37218236923217773,1.2184696791468346e-07,0.0,0.0,0.0,1.2184696791468346e-07,0.0,0.0,0.0,1.2184696791468346e-07,-0.9314699769020081,1.5386996269226088,10.64069938659668,8.999999999999999e-08,0.0,0.0,0.0,8.999999999999999e-08,0.0,0.0,0.0,8.999999999999999e-08
1759811055997846976,168627,1759811055991697152,base_link,-0.0390046916360185,-0.02631866145581147,0.03926762870172088,-0.9981202334421431,1.0,0.0,0.0,0.0,1.0,0.0,0.0,0.0,1.0,0.04074902832508087,-0.08138275891542429,0.3983727991580963,1.2184696791468346e-07,0.0,0.0,0.0,1.2184696791468346e-07,0.0,0.0,0.0,1.2184696791468346e-07,-0.7585197687149048,0.5479431152343763,11.029850006103516,8.999999999999999e-08,0.0,0.0,0.0,8.999999999999999e-08,0.0,0.0,0.0,8.999999999999999e-08
1759811056003693600,168628,1759811056000697152,base_link,-0.03899966957560063,-0.026161028291113674,0.03849912306597324,-0.998154540976831,1.0,0.0,0.0,0.0,1.0,0.0,0.0,0.0,1.0,0.03437381982803345,-0.11249113827943799,0.21685433387756348,1.2184696791468346e-07,0.0,0.0,0.0,1.2184696791468346e-07,0.0,0.0,0.0,1.2184696791468346e-07,-0.40757110714912415,0.18393665552139393,9.036662101745605,8.999999999999999e-08,0.0,0.0,0.0,8.999999999999999e-08,0.0,0.0,0.0,8.999999999999999e-08
1759811056011356704,168629,1759811056007697152,base_link,-0.03940140938433942,-0.025533160103401807,0.03932166096151188,-0.9981229308404478,1.0,0.0,0.0,0.0,1.0,0.0,0.0,0.0,1.0,0.06424293667078018,-0.10447061806917192,-0.14679807424545288,1.2184696791468346e-07,0.0,0.0,0.0,1.2184696791468346e-07,0.0,0.0,0.0,1.2184696791468346e-07,-0.8857110142707825,-1.3892263174056994,10.639945983886719,8.999999999999999e-08,0.0,0.0,0.0,8.999999999999999e-08,0.0,0.0,0.0,8.999999999999999e-08
1759811056019899552,168630,1759811056012697152,base_link,-0.03961175969544574,-0.025408446920113563,0.04051129790758033,-0.9980702472798092,1.0,0.0,0.0,0.0,1.0,0.0,0.0,0.0,1.0,0.05699073523283005,-0.07647154480218893,-0.43620333075523376,1.2184696791468346e-07,0.0,0.0,0.0,1.2184696791468346e-07,0.0,0.0,0.0,1.2184696791468346e-07,-0.5490745902061462,1.5694819688797008,9.555575370788574,8.999999999999999e-08,0.0,0.0,0.0,8.999999999999999e-08,0.0,0.0,0.0,8.999999999999999e-08
1759811056027789824,168631,1759811056023697152,base_link,-0.039643363246383824,-0.025237879941278994,0.04180103361886221,-0.9980201346769297,1.0,0.0,0.0,0.0,1.0,0.0,0.0,0.0,1.0,0.026139765977859497,-0.027811001986265214,-0.25847890973091125,1.2184696791468346e-07,0.0,0.0,0.0,1.2184696791468346e-07,0.0,0.0,0.0,1.2184696791468346e-07,0.25553178787231445,2.015806913375856,10.156549453735352,8.999999999999999e-08,0.0,0.0,0.0,8.999999999999999e-08,0.0,0.0,0.0,8.999999999999999e-08
1759811056035589856,168632,1759811056033697152,base_link,-0.039584151534037576,-0.025071316254508445,0.04062142762273933,-0.998075431342176,1.0,0.0,0.0,0.0,1.0,0.0,0.0,0.0,1.0,-0.039410147815942764,-0.015760192647576304,0.2398764193058014,1.2184696791468346e-07,0.0,0.0,0.0,1.2184696791468346e-07,0.0,0.0,0.0,1.2184696791468346e-07,-0.13840478658676147,1.6126897335052501,8.949715614318848,8.999999999999999e-08,0.0,0.0,0.0,8.999999999999999e-08,0.0,0.0,0.0,8.999999999999999e-08
1759811056041874176,168633,1759811056038697152,base_link,-0.03958506559381465,-0.02504201629225928,0.039540613839525965,-0.9981195169457184,1.0,0.0,0.0,0.0,1.0,0.0,0.0,0.0,1.0,-0.035516951233148575,-0.012875815853476476,0.4017798900604248,1.2184696791468346e-07,0.0,0.0,0.0,1.2184696791468346e-07,0.0,0.0,0.0,1.2184696791468346e-07,-0.14686445891857147,1.1495296955108654,9.61161994934082,8.999999999999999e-08,0.0,0.0,0.0,8.999999999999999e-08,0.0,0.0,0.0,8.999999999999999e-08
1759811056049572032,168634,1759811056044697152,base_link,-0.03959013111817006,-0.02480657609394333,0.038577937672688606,-0.9981628860528361,1.0,0.0,0.0,0.0,1.0,0.0,0.0,0.0,1.0,0.006478441879153252,-0.04607788845896717,0.3548799753189087,1.2184696791468346e-07,0.0,0.0,0.0,1.2184696791468346e-07,0.0,0.0,0.0,1.2184696791468346e-07,-0.16575047373771667,0.9781801104545604,9.251542091369629,8.999999999999999e-08,0.0,0.0,0.0,8.999999999999999e-08,0.0,0.0,0.0,8.999999999999999e-08
1759811056055822144,168635,1759811056053697152,base_link,-0.03946336064183888,-0.024744059805256024,0.0381782591082598,-0.9981847602672133,1.0,0.0,0.0,0.0,1.0,0.0,0.0,0.0,1.0,0.02899370715022087,-0.06746083498001097,0.09311313927173616,1.2184696791468346e-07,0.0,0.0,0.0,1.2184696791468346e-07,0.0,0.0,0.0,1.2184696791468346e-07,-0.5447587966918945,0.7952450513839733,9.329848289489746,8.999999999999999e-08,0.0,0.0,0.0,8.999999999999999e-08,0.0,0.0,0.0,8.999999999999999e-08
1759811056063228992,168636,1759811056059695360,base_link,-0.039693827512030544,-0.024458496467348493,0.03958111696094495,-0.9981280727559662,1.0,0.0,0.0,0.0,1.0,0.0,0.0,0.0,1.0,0.027646958827972412,-0.04836364462971691,-0.26930099725723267,1.2184696791468346e-07,0.0,0.0,0.0,1.2184696791468346e-07,0.0,0.0,0.0,1.2184696791468346e-07,-0.8683310747146606,-0.5623322725296008,9.604913711547852,8.999999999999999e-08,0.0,0.0,0.0,8.999999999999999e-08,0.0,0.0,0.0,8.999999999999999e-08
1759811056073937408,168637,1759811056069695360,base_link,-0.039849499531183566,-0.024644703878247652,0.04080185828121448,-0.9980681399373836,1.0,0.0,0.0,0.0,1.0,0.0,0.0,0.0,1.0,0.004578493069857359,0.041558347642421674,-0.4048863649368286,1.2184696791468346e-07,0.0,0.0,0.0,1.2184696791468346e-07,0.0,0.0,0.0,1.2184696791468346e-07,-0.0963972955942154,2.1245939731597914,9.416619300842285,8.999999999999999e-08,0.0,0.0,0.0,8.999999999999999e-08,0.0,0.0,0.0,8.999999999999999e-08
1759811056081751488,168638,1759811056076695360,base_link,-0.03958146928225656,-0.025196039974508817,0.04137889078417713,-0.9980412923948822,1.0,0.0,0.0,0.0,1.0,0.0,0.0,0.0,1.0,-0.06257360428571701,0.10581858456134795,-0.06789216399192811,1.2184696791468346e-07,0.0,0.0,0.0,1.2184696791468346e-07,0.0,0.0,0.0,1.2184696791468346e-07,0.408601313829422,1.621236324310304,10.045520782470703,8.999999999999999e-08,0.0,0.0,0.0,8.999999999999999e-08,0.0,0.0,0.0,8.999999999999999e-08
1759811056086990016,168639,1759811056081695360,base_link,-0.03959890754082795,-0.025309235872896952,0.04078129061914116,-0.9980623236722891,1.0,0.0,0.0,0.0,1.0,0.0,0.0,0.0,1.0,-0.07669700682163239,0.09194383770227435,0.22069430351257324,1.2184696791468346e-07,0.0,0.0,0.0,1.2184696791468346e-07,0.0,0.0,0.0,1.2184696791468346e-07,-0.23513640463352203,1.1400806903839125,10.727270126342773,8.999999999999999e-08,0.0,0.0,0.0,8.999999999999999e-08,0.0,0.0,0.0,8.999999999999999e-08
1759811056096951520,168640,1759811056091695360,base_link,-0.03912805875433243,-0.025542281603381876,0.038706232679555794,-0.9981575755499238,1.0,0.0,0.0,0.0,1.0,0.0,0.0,0.0,1.0,-0.08696144819259644,0.04536115378141408,0.4124275743961334,1.2184696791468346e-07,0.0,0.0,0.0,1.2184696791468346e-07,0.0,0.0,0.0,1.2184696791468346e-07,-0.37232059240341187,0.6087729930877698,9.710742950439453,8.999999999999999e-08,0.0,0.0,0.0,8.999999999999999e-08,0.0,0.0,0.0,8.999999999999999e-08
1759811056106993120,168641,1759811056102695360,base_link,-0.03895596790350639,-0.02549606758398968,0.037705076440028,-0.9982037684958917,1.0,0.0,0.0,0.0,1.0,0.0,0.0,0.0,1.0,-0.03940952196717262,-0.01401052623987196,0.15181419253349304,1.2184696791468346e-07,0.0,0.0,0.0,1.2184696791468346e-07,0.0,0.0,0.0,1.2184696791468346e-07,-0.8347123861312866,-0.5801752805709827,9.901773452758789,8.999999999999999e-08,0.0,0.0,0.0,8.999999999999999e-08,0.0,0.0,0.0,8.999999999999999e-08
1759811056114899200,168642,1759811056107695360,base_link,-0.03901262841442871,-0.025439380731287035,0.038252985470669645,-0.9981821893094541,1.0,0.0,0.0,0.0,1.0,0.0,0.0,0.0,1.0,-0.02670885995030403,-0.019403513520956053,-0.12627558410167694,1.2184696791468346e-07,0.0,0.0,0.0,1.2184696791468346e-07,0.0,0.0,0.0,1.2184696791468346e-07,-0.8106927275657654,-1.0848480463027943,9.842037200927734,8.999999999999999e-08,0.0,0.0,0.0,8.999999999999999e-08,0.0,0.0,0.0,8.999999999999999e-08
1759811056119178304,168643,1759811056112695360,base_link,-0.038939435802177985,-0.025695501202787168,0.03909929418876838,-0.9981456901386436,1.0,0.0,0.0,0.0,1.0,0.0,0.0,0.0,1.0,0.008927270770072937,0.04806252196431156,-0.3313867747783661,1.2184696791468346e-07,0.0,0.0,0.0,1.2184696791468346e-07,0.0,0.0,0.0,1.2184696791468346e-07,-0.7066634893417358,1.3951617479324352,8.674633026123047,8.999999999999999e-08,0.0,0.0,0.0,8.999999999999999e-08,0.0,0.0,0.0,8.999999999999999e-08
1759811056126891392,168644,1759811056123695360,base_link,-0.038500617303461736,-0.026266276215834966,0.04052229823504169,-0.9980911099698221,1.0,0.0,0.0,0.0,1.0,0.0,0.0,0.0,1.0,-0.0767998993396759,0.11455178260803218,-0.28469905257225037,1.2184696791468346e-07,0.0,0.0,0.0,1.2184696791468346e-07,0.0,0.0,0.0,1.2184696791468346e-07,0.21690897643566132,1.5818321704864515,10.13813591003418,8.999999999999999e-08,0.0,0.0,0.0,8.999999999999999e-08,0.0,0.0,0.0,8.999999999999999e-08
1759811056132632352,168645,1759811056128695360,base_link,-0.038297164587532025,-0.026726181968241336,0.040345112883901905,-0.9980938916618237,1.0,0.0,0.0,0.0,1.0,0.0,0.0,0.0,1.0,-0.09510749578475952,0.13896358013153076,-0.07444350421428682,1.2184696791468346e-07,0.0,0.0,0.0,1.2184696791468346e-07,0.0,0.0,0.0,1.2184696791468346e-07,-0.15114647150039673,1.9218616485595714,8.23890495300293,8.999999999999999e-08,0.0,0.0,0.0,8.999999999999999e-08,0.0,0.0,0.0,8.999999999999999e-08
1759811056139751904,168646,1759811056134695360,base_link,-0.038167451075794674,-0.026839421330566993,0.039571381038938896,-0.9981267662036623,1.0,0.0,0.0,0.0,1.0,0.0,0.0,0.0,1.0,-0.08766130357980728,0.10456771403551106,0.3018344044685364,1.2184696791468346e-07,0.0,0.0,0.0,1.2184696791468346e-07,0.0,0.0,0.0,1.2184696791468346e-07,-0.15833957493305206,1.569652318954469,10.296948432922363,8.999999999999999e-08,0.0,0.0,0.0,8.999999999999999e-08,0.0,0.0,0.0,8.999999999999999e-08
1759811056143868128,168647,1759811056139695360,base_link,-0.038008321697974745,-0.027150163459192737,0.038225758606531574,-0.9981768788065417,1.0,0.0,0.0,0.0,1.0,0.0,0.0,0.0,1.0,-0.07210557907819748,0.11235525459051138,0.41218942403793335,1.2184696791468346e-07,0.0,0.0,0.0,1.2184696791468346e-07,0.0,0.0,0.0,1.2184696791468346e-07,-0.7906646728515625,1.5324839353561412,9.860849380493164,8.999999999999999e-08,0.0,0.0,0.0,8.999999999999999e-08,0.0,0.0,0.0,8.999999999999999e-08
1759811056152184992,168648,1759811056144695360,base_link,-0.03783109848052574,-0.02704277427700374,0.037188861839466555,-0.9982256848571174,1.0,0.0,0.0,0.0,1.0,0.0,0.0,0.0,1.0,-0.05691809207201004,0.0238783191889525,0.44161421060562134,1.2184696791468346e-07,0.0,0.0,0.0,1.2184696791468346e-07,0.0,0.0,0.0,1.2184696791468346e-07,-1.1753251552581787,-0.25400537252426036,9.134864807128906,8.999999999999999e-08,0.0,0.0,0.0,8.999999999999999e-08,0.0,0.0,0.0,8.999999999999999e-08
1759811056163991968,168649,1759811056153695360,base_link,-0.03784610177077886,-0.026946100931048638,0.03681173183899108,-0.9982417006595514,1.0,0.0,0.0,0.0,1.0,0.0,0.0,0.0,1.0,-0.007821832783520222,-0.03276302665472029,0.11731800436973572,1.2184696791468346e-07,0.0,0.0,0.0,1.2184696791468346e-07,0.0,0.0,0.0,1.2184696791468346e-07,-1.117841124534607,-1.1256660223007189,9.984945297241211,8.999999999999999e-08,0.0,0.0,0.0,8.999999999999999e-08,0.0,0.0,0.0,8.999999999999999e-08
1759811056164241088,168650,1759811056160694592,base_link,-0.037774398786205185,-0.026903754543551827,0.03794699935048054,-0.9982030941463155,1.0,0.0,0.0,0.0,1.0,0.0,0.0,0.0,1.0,-0.008996987715363503,-0.030933983623981504,-0.23580610752105713,1.2184696791468346e-07,0.0,0.0,0.0,1.2184696791468346e-07,0.0,0.0,0.0,1.2184696791468346e-07,-0.9758241176605225,-0.6452354192733752,9.875990867614746,8.999999999999999e-08,0.0,0.0,0.0,8.999999999999999e-08,0.0,0.0,0.0,8.999999999999999e-08
1759811056173460768,168651,1759811056165694592,base_link,-0.03777621142996341,-0.027155133823866737,0.0391536214764989,-0.9981496097955552,1.0,0.0,0.0,0.0,1.0,0.0,0.0,0.0,1.0,-0.03255615010857582,0.07384298741817469,-0.47623592615127563,1.2184696791468346e-07,0.0,0.0,0.0,1.2184696791468346e-07,0.0,0.0,0.0,1.2184696791468346e-07,-1.0563526153564453,1.0420060157775892,10.42562484741211,8.999999999999999e-08,0.0,0.0,0.0,8.999999999999999e-08,0.0,0.0,0.0,8.999999999999999e-08
1759811056179853632,168652,1759811056171694592,base_link,-0.03759886736959719,-0.027588672771262493,0.040267183361005265,-0.9981000872485548,1.0,0.0,0.0,0.0,1.0,0.0,0.0,0.0,1.0,-0.058978527784347534,0.1034530326724052,-0.33331531286239624,1.2184696791468346e-07,0.0,0.0,0.0,1.2184696791468346e-07,0.0,0.0,0.0,1.2184696791468346e-07,-0.599414050579071,1.2553786039352428,9.663445472717285,8.999999999999999e-08,0.0,0.0,0.0,8.999999999999999e-08,0.0,0.0,0.0,8.999999999999999e-08
1759811056190555008,168653,1759811056181694592,base_link,-0.03716570247548197,-0.027982319726542686,0.04049275329423559,-0.9980962097384919,1.0,0.0,0.0,0.0,1.0,0.0,0.0,0.0,1.0,-0.07568389922380447,0.08998789638280869,0.022622926160693158,1.2184696791468346e-07,0.0,0.0,0.0,1.2184696791468346e-07,0.0,0.0,0.0,1.2184696791468346e-07,-0.1997176557779312,2.3253426551818857,8.483418464660645,8.999999999999999e-08,0.0,0.0,0.0,8.999999999999999e-08,0.0,0.0,0.0,8.999999999999999e-08
1759811056191965632,168654,1759811056186694592,base_link,-0.0370112681907317,-0.028066953561802846,0.03971864212763597,-0.9981307280074223,1.0,0.0,0.0,0.0,1.0,0.0,0.0,0.0,1.0,-0.07576590031385422,0.06317105889320376,0.20660337805747986,1.2184696791468346e-07,0.0,0.0,0.0,1.2184696791468346e-07,0.0,0.0,0.0,1.2184696791468346e-07,-0.5788050889968872,0.9951621294021618,9.452361106872559,8.999999999999999e-08,0.0,0.0,0.0,8.999999999999999e-08,0.0,0.0,0.0,8.999999999999999e-08
1759811056196943744,168655,1759811056192694592,base_link,-0.03724144727697337,-0.028015303257497255,0.03867845790638709,-0.998164445486231,1.0,0.0,0.0,0.0,1.0,0.0,0.0,0.0,1.0,-0.002261038403958082,0.019045265391469047,0.37728309631347656,1.2184696791468346e-07,0.0,0.0,0.0,1.2184696791468346e-07,0.0,0.0,0.0,1.2184696791468346e-07,-1.0036489963531494,0.15597997605800748,9.801545143127441,8.999999999999999e-08,0.0,0.0,0.0,8.999999999999999e-08,0.0,0.0,0.0,8.999999999999999e-08
1759811056205696352,168656,1759811056197694592,base_link,-0.03700961754892244,-0.027724322403194803,0.038044527157934736,-0.9982055386635291,1.0,0.0,0.0,0.0,1.0,0.0,0.0,0.0,1.0,-0.036033302545547485,-0.11881862580776212,0.20535036921501162,1.2184696791468346e-07,0.0,0.0,0.0,1.2184696791468346e-07,0.0,0.0,0.0,1.2184696791468346e-07,-1.2607145309448242,0.11011330783367272,9.37458324432373,8.999999999999999e-08,0.0,0.0,0.0,8.999999999999999e-08,0.0,0.0,0.0,8.999999999999999e-08
1759811056208880128,168657,1759811056206694592,base_link,-0.036772628124651464,-0.02731097541823056,0.03775215446981467,-0.9982367694782757,1.0,0.0,0.0,0.0,1.0,0.0,0.0,0.0,1.0,-0.11639809608459473,-0.13270261883735657,0.04185571894049646,1.2184696791468346e-07,0.0,0.0,0.0,1.2184696791468346e-07,0.0,0.0,0.0,1.2184696791468346e-07,-1.2607145309448242,0.11011330783367272,9.37458324432373,8.999999999999999e-08,0.0,0.0,0.0,8.999999999999999e-08,0.0,0.0,0.0,8.999999999999999e-08
1759811056213839776,168658,1759811056208694592,base_link,-0.036701764455053215,-0.027183748899827602,0.03810079320069679,-0.9982296045140289,1.0,0.0,0.0,0.0,1.0,0.0,0.0,0.0,1.0,-0.005682270973920822,-0.07460342347621919,-0.1242462173104286,1.2184696791468346e-07,0.0,0.0,0.0,1.2184696791468346e-07,0.0,0.0,0.0,1.2184696791468346e-07,-0.25938278436660767,-0.00013054627925191027,-2.7338929176330566,8.999999999999999e-08,0.0,0.0,0.0,8.999999999999999e-08,0.0,0.0,0.0,8.999999999999999e-08
1759811056220849632,168659,1759811056213694592,base_link,-0.03681967981265781,-0.02724703338068347,0.038869340983292956,-0.9981939904270372,1.0,0.0,0.0,0.0,1.0,0.0,0.0,0.0,1.0,0.1395643949508667,0.06957912445068355,-0.35819804668426514,1.2184696791468346e-07,0.0,0.0,0.0,1.2184696791468346e-07,0.0,0.0,0.0,1.2184696791468346e-07,-1.375807285308838,-0.9096564054489134,1.9106057882308962,8.999999999999999e-08,0.0,0.0,0.0,8.999999999999999e-08,0.0,0.0,0.0,8.999999999999999e-08
1759811056228765152,168660,1759811056222694592,base_link,-0.037382802209250596,-0.02762311662466351,0.040170877812157835,-0.9981111718697132,1.0,0.0,0.0,0.0,1.0,0.0,0.0,0.0,1.0,0.027721161022782326,0.06888376176357264,-0.4722122550010681,1.2184696791468346e-07,0.0,0.0,0.0,1.2184696791468346e-07,0.0,0.0,0.0,1.2184696791468346e-07,-1.5017484426498413,-0.696567595005034,12.095900535583496,8.999999999999999e-08,0.0,0.0,0.0,8.999999999999999e-08,0.0,0.0,0.0,8.999999999999999e-08
1759811056234137664,168661,1759811056229694592,base_link,-0.03597427725180204,-0.02756389338778837,0.04152041990147667,-0.9981093174083787,1.0,0.0,0.0,0.0,1.0,0.0,0.0,0.0,1.0,-0.22588692605495453,-0.015649057924747502,-0.2748359143733978,1.2184696791468346e-07,0.0,0.0,0.0,1.2184696791468346e-07,0.0,0.0,0.0,1.2184696791468346e-07,1.1689256429672241,1.6534562110900881,2.279996871948242,8.999999999999999e-08,0.0,0.0,0.0,8.999999999999999e-08,0.0,0.0,0.0,8.999999999999999e-08
1759811056239944160,168662,1759811056234694592,base_link,-0.03629399040298778,-0.027745754075662595,0.04094401960124171,-0.9981164823726256,1.0,0.0,0.0,0.0,1.0,0.0,0.0,0.0,1.0,-0.040307044982910156,0.03829795122146608,0.12788036465644836,1.2184696791468346e-07,0.0,0.0,0.0,1.2184696791468346e-07,0.0,0.0,0.0,1.2184696791468346e-07,1.6179025173187256,1.4115260839462276,-3.405576229095459,8.999999999999999e-08,0.0,0.0,0.0,8.999999999999999e-08,0.0,0.0,0.0,8.999999999999999e-08
1759811056248863264,168663,1759811056245694592,base_link,-0.036658728900728806,-0.02756795792449164,0.03887536798262999,-0.9981908294133988,1.0,0.0,0.0,0.0,1.0,0.0,0.0,0.0,1.0,0.08209057152271271,-0.00973215978592629,0.42189449071884155,1.2184696791468346e-07,0.0,0.0,0.0,1.2184696791468346e-07,0.0,0.0,0.0,1.2184696791468346e-07,-2.4082541465759277,-0.7812984585762004,16.40288543701172,8.999999999999999e-08,0.0,0.0,0.0,8.999999999999999e-08,0.0,0.0,0.0,8.999999999999999e-08
1759811056256746336,168664,1759811056250694592,base_link,-0.03663635847306488,-0.027107430835341992,0.038255345694186246,-0.9982282136680279,1.0,0.0,0.0,0.0,1.0,0.0,0.0,0.0,1.0,0.01919195055961609,-0.12490223348140714,0.25745055079460144,1.2184696791468346e-07,0.0,0.0,0.0,1.2184696791468346e-07,0.0,0.0,0.0,1.2184696791468346e-07,-2.5636684894561768,0.6862964630126962,7.219233989715576,8.999999999999999e-08,0.0,0.0,0.0,8.999999999999999e-08,0.0,0.0,0.0,8.999999999999999e-08
1759811056260007584,168665,1759811056255694592,base_link,-0.03708982102600515,-0.027036424590857772,0.03791770729076548,-0.998226232766148,1.0,0.0,0.0,0.0,1.0,0.0,0.0,0.0,1.0,0.13663914799690247,-0.07238755375146864,0.16072261333465576,1.2184696791468346e-07,0.0,0.0,0.0,1.2184696791468346e-07,0.0,0.0,0.0,1.2184696791468346e-07,-0.869230329990387,0.31685966253280734,7.91677188873291,8.999999999999999e-08,0.0,0.0,0.0,8.999999999999999e-08,0.0,0.0,0.0,8.999999999999999e-08
1759811056269111616,168666,1759811056260693824,base_link,-0.037710326686117776,-0.02689356389656305,0.03824733779296917,-0.9981943276018252,1.0,0.0,0.0,0.0,1.0,0.0,0.0,0.0,1.0,0.18607890605926514,-0.038942154496908195,-0.0671374723315239,1.2184696791468346e-07,0.0,0.0,0.0,1.2184696791468346e-07,0.0,0.0,0.0,1.2184696791468346e-07,-0.14745567739009857,-1.6369820833206161,12.565302848815918,8.999999999999999e-08,0.0,0.0,0.0,8.999999999999999e-08,0.0,0.0,0.0,8.999999999999999e-08
1759811056273157952,168667,1759811056266693824,base_link,-0.03740142979920339,-0.026822580701136606,0.03937611468978795,-0.9981638975772004,1.0,0.0,0.0,0.0,1.0,0.0,0.0,0.0,1.0,0.026230188086628914,-0.05534341186285023,-0.3627305328845978,1.2184696791468346e-07,0.0,0.0,0.0,1.2184696791468346e-07,0.0,0.0,0.0,1.2184696791468346e-07,-0.721922755241394,1.2661981582641613,9.558507919311523,8.999999999999999e-08,0.0,0.0,0.0,8.999999999999999e-08,0.0,0.0,0.0,8.999999999999999e-08
1759811056277925920,168668,1759811056271693824,base_link,-0.037590987884559175,-0.02677862944067384,0.040192456998595444,-0.9981255017982069,1.0,0.0,0.0,0.0,1.0,0.0,0.0,0.0,1.0,0.029876308515667915,-0.01784878969192509,-0.338149756193161,1.2184696791468346e-07,0.0,0.0,0.0,1.2184696791468346e-07,0.0,0.0,0.0,1.2184696791468346e-07,-0.3028033375740051,2.586355686187745,6.289044380187988,8.999999999999999e-08,0.0,0.0,0.0,8.999999999999999e-08,0.0,0.0,0.0,8.999999999999999e-08
1759811056286836928,168669,1759811056282693824,base_link,-0.03730535935074535,-0.026565529047702187,0.04063116354474536,-0.9981241109522061,1.0,0.0,0.0,0.0,1.0,0.0,0.0,0.0,1.0,-0.06058020889759064,-0.04375437274575235,-0.08690960705280304,1.2184696791468346e-07,0.0,0.0,0.0,1.2184696791468346e-07,0.0,0.0,0.0,1.2184696791468346e-07,0.23510688543319702,1.562641978263856,8.220940589904785,8.999999999999999e-08,0.0,0.0,0.0,8.999999999999999e-08,0.0,0.0,0.0,8.999999999999999e-08
1759811056292753312,168670,1759811056287693824,base_link,-0.037365600697429835,-0.026262110921821975,0.03996414752021191,-0.9981568169066506,1.0,0.0,0.0,0.0,1.0,0.0,0.0,0.0,1.0,-0.03409327194094658,-0.09027095139026639,0.20488855242729187,1.2184696791468346e-07,0.0,0.0,0.0,1.2184696791468346e-07,0.0,0.0,0.0,1.2184696791468346e-07,-0.09997643530368805,0.3806433379650124,6.283140659332275,8.999999999999999e-08,0.0,0.0,0.0,8.999999999999999e-08,0.0,0.0,0.0,8.999999999999999e-08
1759811056295795200,168671,1759811056292693824,base_link,-0.03743725033989836,-0.02602196871571903,0.03906738902444564,-0.9981958870352201,1.0,0.0,0.0,0.0,1.0,0.0,0.0,0.0,1.0,0.0007113901665434241,-0.08604655414819713,0.3117733299732208,1.2184696791468346e-07,0.0,0.0,0.0,1.2184696791468346e-07,0.0,0.0,0.0,1.2184696791468346e-07,-0.992129921913147,1.3811726570129406,8.869524002075195,8.999999999999999e-08,0.0,0.0,0.0,8.999999999999999e-08,0.0,0.0,0.0,8.999999999999999e-08
1759811056302781152,168672,1759811056297693824,base_link,-0.03754576925519079,-0.025646259854291777,0.038115249569736054,-0.9982384132053677,1.0,0.0,0.0,0.0,1.0,0.0,0.0,0.0,1.0,0.040299829095602036,-0.10838878899812694,0.37409141659736633,1.2184696791468346e-07,0.0,0.0,0.0,1.2184696791468346e-07,0.0,0.0,0.0,1.2184696791468346e-07,-0.6764309406280518,0.25576168298721424,9.225299835205078,8.999999999999999e-08,0.0,0.0,0.0,8.999999999999999e-08,0.0,0.0,0.0,8.999999999999999e-08
1759811056313083328,168673,1759811056308693824,base_link,-0.03824670822441941,-0.025252824291798644,0.037454977040964364,-0.9982468425750698,1.0,0.0,0.0,0.0,1.0,0.0,0.0,0.0,1.0,0.12289851158857346,-0.06995420157909392,0.13550721108913422,1.2184696791468346e-07,0.0,0.0,0.0,1.2184696791468346e-07,0.0,0.0,0.0,1.2184696791468346e-07,-1.5662192106246948,-1.2663023471832262,10.249234199523926,8.999999999999999e-08,0.0,0.0,0.0,8.999999999999999e-08,0.0,0.0,0.0,8.999999999999999e-08
1759811056318050880,168674,1759811056313693824,base_link,-0.038584941952075395,-0.02499529124232889,0.0381816730029892,-0.9982127879214729,1.0,0.0,0.0,0.0,1.0,0.0,0.0,0.0,1.0,0.13986405730247498,-0.06947422772645953,-0.19509921967983246,1.2184696791468346e-07,0.0,0.0,0.0,1.2184696791468346e-07,0.0,0.0,0.0,1.2184696791468346e-07,-1.6738073825836182,-1.8583524227142318,13.017351150512695,8.999999999999999e-08,0.0,0.0,0.0,8.999999999999999e-08,0.0,0.0,0.0,8.999999999999999e-08
1759811056328655808,168675,1759811056324693824,base_link,-0.039097971172851714,-0.025032304736400057,0.0407057213197611,-0.9980921214941862,1.0,0.0,0.0,0.0,1.0,0.0,0.0,0.0,1.0,0.11769285053014755,-0.015053474344313205,-0.4974670708179474,1.2184696791468346e-07,0.0,0.0,0.0,1.2184696791468346e-07,0.0,0.0,0.0,1.2184696791468346e-07,0.2493363320827484,2.365838766098024,11.281000137329102,8.999999999999999e-08,0.0,0.0,0.0,8.999999999999999e-08,0.0,0.0,0.0,8.999999999999999e-08
1759811056334890368,168676,1759811056329693824,base_link,-0.03933574130163691,-0.02489824746508805,0.04083443779511337,-0.9980808261387853,1.0,0.0,0.0,0.0,1.0,0.0,0.0,0.0,1.0,0.0927274078130722,-0.026611227542161966,-0.1902560293674469,1.2184696791468346e-07,0.0,0.0,0.0,1.2184696791468346e-07,0.0,0.0,0.0,1.2184696791468346e-07,1.2166496515274048,2.9452068805694593,11.43116283416748,8.999999999999999e-08,0.0,0.0,0.0,8.999999999999999e-08,0.0,0.0,0.0,8.999999999999999e-08
1759811056347591936,168677,1759811056340693824,base_link,-0.039513164387344084,-0.02460317672011877,0.03962212584454604,-0.9981300536578461,1.0,0.0,0.0,0.0,1.0,0.0,0.0,0.0,1.0,0.027097418904304504,-0.053732540458440746,0.25801974534988403,1.2184696791468346e-07,0.0,0.0,0.0,1.2184696791468346e-07,0.0,0.0,0.0,1.2184696791468346e-07,-1.036588191986084,1.7398869991302501,9.592048645019531,8.999999999999999e-08,0.0,0.0,0.0,8.999999999999999e-08,0.0,0.0,0.0,8.999999999999999e-08
1759811056356777600,168678,1759811056350693824,base_link,-0.03964335797802777,-0.02410383995675243,0.03778658844504809,-0.9982082360618338,1.0,0.0,0.0,0.0,1.0,0.0,0.0,0.0,1.0,0.0366981104016304,-0.08567852526903148,0.35822978615760803,1.2184696791468346e-07,0.0,0.0,0.0,1.2184696791468346e-07,0.0,0.0,0.0,1.2184696791468346e-07,0.33756566047668457,1.0895386934280407,9.372373580932617,8.999999999999999e-08,0.0,0.0,0.0,8.999999999999999e-08,0.0,0.0,0.0,8.999999999999999e-08
1759811056363807616,168679,1759811056356693056,base_link,-0.03975804218700394,-0.02392000857443807,0.03718148614097715,-0.9982307846257872,1.0,0.0,0.0,0.0,1.0,0.0,0.0,0.0,1.0,0.005739984102547169,-0.05455881357192991,0.1742365062236786,1.2184696791468346e-07,0.0,0.0,0.0,1.2184696791468346e-07,0.0,0.0,0.0,1.2184696791468346e-07,0.25040847063064575,-0.37891864776611217,9.139062881469727,8.999999999999999e-08,0.0,0.0,0.0,8.999999999999999e-08,0.0,0.0,0.0,8.999999999999999e-08
1759811056369941408,168680,1759811056366693056,base_link,-0.03976928881011127,-0.02372173531106365,0.037830294726953886,-0.998210722725896,1.0,0.0,0.0,0.0,1.0,0.0,0.0,0.0,1.0,0.0024688122794032097,-0.05408304557204248,-0.12846003472805023,1.2184696791468346e-07,0.0,0.0,0.0,1.2184696791468346e-07,0.0,0.0,0.0,1.2184696791468346e-07,-0.5341154932975769,-0.6860820055007923,9.144466400146484,8.999999999999999e-08,0.0,0.0,0.0,8.999999999999999e-08,0.0,0.0,0.0,8.999999999999999e-08
1759811056384932640,168681,1759811056377693056,base_link,-0.04023265916517413,-0.023973623317010976,0.03955814692850651,-0.9981191797709303,1.0,0.0,0.0,0.0,1.0,0.0,0.0,0.0,1.0,0.09067269414663315,0.04318821057677265,-0.32318049669265747,1.2184696791468346e-07,0.0,0.0,0.0,1.2184696791468346e-07,0.0,0.0,0.0,1.2184696791468346e-07,0.1705353856086731,1.7429627180099498,8.83250617980957,8.999999999999999e-08,0.0,0.0,0.0,8.999999999999999e-08,0.0,0.0,0.0,8.999999999999999e-08
1759811056409328096,168682,1759811056387693056,base_link,-0.04068321556120067,-0.024205803720012412,0.039381551633245845,-0.9981022367378289,1.0,0.0,0.0,0.0,1.0,0.0,0.0,0.0,1.0,0.09057656675577164,0.05171340331435205,0.10779588669538498,1.2184696791468346e-07,0.0,0.0,0.0,1.2184696791468346e-07,0.0,0.0,0.0,1.2184696791468346e-07,0.1071159765124321,1.621841669082643,10.376627922058105,8.999999999999999e-08,0.0,0.0,0.0,8.999999999999999e-08,0.0,0.0,0.0,8.999999999999999e-08
1759811056409345472,168683,1759811056393693056,base_link,-0.04073107660040733,-0.024194984492290763,0.03852689783914194,-0.998133931167909,1.0,0.0,0.0,0.0,1.0,0.0,0.0,0.0,1.0,0.052502378821372986,0.030580339953303375,0.31120991706848145,1.2184696791468346e-07,0.0,0.0,0.0,1.2184696791468346e-07,0.0,0.0,0.0,1.2184696791468346e-07,-1.3859953880310059,1.1706041097641002,9.832544326782227,8.999999999999999e-08,0.0,0.0,0.0,8.999999999999999e-08,0.0,0.0,0.0,8.999999999999999e-08
1759811056409353536,168684,1759811056398693056,base_link,-0.04107042656100435,-0.024112835674731475,0.0373931476141989,-0.9981651198358072,1.0,0.0,0.0,0.0,1.0,0.0,0.0,0.0,1.0,0.05702442303299904,-0.00962460786104197,0.42916905879974365,1.2184696791468346e-07,0.0,0.0,0.0,1.2184696791468346e-07,0.0,0.0,0.0,1.2184696791468346e-07,-1.1143300533294678,1.343957901000978,11.517420768737793,8.999999999999999e-08,0.0,0.0,0.0,8.999999999999999e-08,0.0,0.0,0.0,8.999999999999999e-08
1759811056418210848,168685,1759811056414693056,base_link,-0.0412939872749408,-0.023724939130094984,0.03504666397020335,-0.9982503407634962,1.0,0.0,0.0,0.0,1.0,0.0,0.0,0.0,1.0,0.02558641880750656,-0.041891962289810146,0.25533390045166016,1.2184696791468346e-07,0.0,0.0,0.0,1.2184696791468346e-07,0.0,0.0,0.0,1.2184696791468346e-07,-0.47642970085144043,-0.39827135205268727,10.674518585205078,8.999999999999999e-08,0.0,0.0,0.0,8.999999999999999e-08,0.0,0.0,0.0,8.999999999999999e-08
1759811056423970560,168686,1759811056419693056,base_link,-0.04114719836265596,-0.023732785687907598,0.03496924020948883,-0.9982588965737439,1.0,0.0,0.0,0.0,1.0,0.0,0.0,0.0,1.0,-0.021310096606612206,-0.009563759900629517,0.023890074342489243,1.2184696791468346e-07,0.0,0.0,0.0,1.2184696791468346e-07,0.0,0.0,0.0,1.2184696791468346e-07,-0.675545334815979,0.894186556339265,9.120030403137207,8.999999999999999e-08,0.0,0.0,0.0,8.999999999999999e-08,0.0,0.0,0.0,8.999999999999999e-08
1759811056433330112,168687,1759811056424693056,base_link,-0.04100148682918618,-0.02366634579104173,0.03525398431802845,-0.9982564520565302,1.0,0.0,0.0,0.0,1.0,0.0,0.0,0.0,1.0,-0.035817936062812805,-0.012194302864372735,-0.04591939225792885,1.2184696791468346e-07,0.0,0.0,0.0,1.2184696791468346e-07,0.0,0.0,0.0,1.2184696791468346e-07,-0.1959225833415985,0.6739233732223522,9.355480194091797,8.999999999999999e-08,0.0,0.0,0.0,8.999999999999999e-08,0.0,0.0,0.0,8.999999999999999e-08
1759811056437948256,168688,1759811056430693056,base_link,-0.040977037047238304,-0.02383102340634141,0.035675832124774,-0.9982385396459131,1.0,0.0,0.0,0.0,1.0,0.0,0.0,0.0,1.0,-0.034253932535648346,0.023532215505838377,-0.15058530867099762,1.2184696791468346e-07,0.0,0.0,0.0,1.2184696791468346e-07,0.0,0.0,0.0,1.2184696791468346e-07,-0.011036455631256104,1.0703632831573497,9.6814546585083,8.999999999999999e-08,0.0,0.0,0.0,8.999999999999999e-08,0.0,0.0,0.0,8.999999999999999e-08
1759811056441050464,168689,1759811056435693056,base_link,-0.04080477234066215,-0.02390885809882891,0.035830721793051544,-0.9982382446179736,1.0,0.0,0.0,0.0,1.0,0.0,0.0,0.0,1.0,-0.03664226457476616,0.03395621851086615,-0.10305201262235641,1.2184696791468346e-07,0.0,0.0,0.0,1.2184696791468346e-07,0.0,0.0,0.0,1.2184696791468346e-07,-0.058683086186647415,1.309132218360902,9.20286750793457,8.999999999999999e-08,0.0,0.0,0.0,8.999999999999999e-08,0.0,0.0,0.0,8.999999999999999e-08
1759811056447100352,168690,1759811056440693056,base_link,-0.040690587966967534,-0.02402157786953777,0.035874385928108835,-0.9982385817927617,1.0,0.0,0.0,0.0,1.0,0.0,0.0,0.0,1.0,-0.03723960742354393,0.04645341634750366,0.016637232154607766,1.2184696791468346e-07,0.0,0.0,0.0,1.2184696791468346e-07,0.0,0.0,0.0,1.2184696791468346e-07,0.4568004906177521,0.7825273871421826,9.577211380004883,8.999999999999999e-08,0.0,0.0,0.0,8.999999999999999e-08,0.0,0.0,0.0,8.999999999999999e-08
1759811056451030080,168691,1759811056446693056,base_link,-0.040846490476698354,-0.02416756269897836,0.03528757535629163,-0.99824966641392,1.0,0.0,0.0,0.0,1.0,0.0,0.0,0.0,1.0,-0.008535918779671192,0.050536043941974654,0.11218497902154922,1.2184696791468346e-07,0.0,0.0,0.0,1.2184696791468346e-07,0.0,0.0,0.0,1.2184696791468346e-07,0.31682145595550537,2.3592977523803724,9.120655059814453,8.999999999999999e-08,0.0,0.0,0.0,8.999999999999999e-08,0.0,0.0,0.0,8.999999999999999e-08
1759811056455952800,168692,1759811056451693056,base_link,-0.04065511217432251,-0.024121074725070846,0.03403096706793932,-0.9983022235340131,1.0,0.0,0.0,0.0,1.0,0.0,0.0,0.0,1.0,-0.02493502013385296,0.023513799533248,0.41083526611328125,1.2184696791468346e-07,0.0,0.0,0.0,1.2184696791468346e-07,0.0,0.0,0.0,1.2184696791468346e-07,-0.9296730756759644,2.542611598968507,10.212750434875488,8.999999999999999e-08,0.0,0.0,0.0,8.999999999999999e-08,0.0,0.0,0.0,8.999999999999999e-08
1759811056463037280,168693,1759811056456692288,base_link,-0.040779178666903906,-0.02404795850398305,0.03266397618333698,-0.998344538969918,1.0,0.0,0.0,0.0,1.0,0.0,0.0,0.0,1.0,-0.015458830632269382,-0.01812017336487764,0.5122469663619995,1.2184696791468346e-07,0.0,0.0,0.0,1.2184696791468346e-07,0.0,0.0,0.0,1.2184696791468346e-07,-1.161921501159668,-0.367210119962691,10.48747444152832,8.999999999999999e-08,0.0,0.0,0.0,8.999999999999999e-08,0.0,0.0,0.0,8.999999999999999e-08
1759811056469626112,168694,1759811056462692288,base_link,-0.040916950129240945,-0.023861254550524867,0.031761738597264264,-0.9983725666241778,1.0,0.0,0.0,0.0,1.0,0.0,0.0,0.0,1.0,0.02622855268418789,-0.057723838835954625,0.33873075246810913,1.2184696791468346e-07,0.0,0.0,0.0,1.2184696791468346e-07,0.0,0.0,0.0,1.2184696791468346e-07,-1.3556320667266846,-1.1141769886016835,9.737881660461426,8.999999999999999e-08,0.0,0.0,0.0,8.999999999999999e-08,0.0,0.0,0.0,8.999999999999999e-08
1759811056476881984,168695,1759811056472692288,base_link,-0.04098493826424508,-0.02347501556241497,0.032066881780483135,-0.9983691105825999,1.0,0.0,0.0,0.0,1.0,0.0,0.0,0.0,1.0,0.03626108169555664,-0.07521544396877289,-0.04596825316548347,1.2184696791468346e-07,0.0,0.0,0.0,1.2184696791468346e-07,0.0,0.0,0.0,1.2184696791468346e-07,-1.0444585084915161,-0.318852365016936,10.526237487792969,8.999999999999999e-08,0.0,0.0,0.0,8.999999999999999e-08,0.0,0.0,0.0,8.999999999999999e-08
1759811056482777408,168696,1759811056477692288,base_link,-0.04080066499856586,-0.023543458751674122,0.03301071830603614,-0.9983443282356755,1.0,0.0,0.0,0.0,1.0,0.0,0.0,0.0,1.0,-0.018480584025382996,-0.023768750950694126,-0.32949569821357727,1.2184696791468346e-07,0.0,0.0,0.0,1.2184696791468346e-07,0.0,0.0,0.0,1.2184696791468346e-07,-0.9570149779319763,0.9043523073196423,10.212818145751953,8.999999999999999e-08,0.0,0.0,0.0,8.999999999999999e-08,0.0,0.0,0.0,8.999999999999999e-08
1759811056489085632,168697,1759811056483692288,base_link,-0.04077302193429878,-0.02361841692175075,0.03421805692847919,-0.9983030243241348,1.0,0.0,0.0,0.0,1.0,0.0,0.0,0.0,1.0,-0.023880472406744957,0.03213162720203394,-0.4396863281726837,1.2184696791468346e-07,0.0,0.0,0.0,1.2184696791468346e-07,0.0,0.0,0.0,1.2184696791468346e-07,-0.4699275493621826,0.7876455783844006,9.995349884033203,8.999999999999999e-08,0.0,0.0,0.0,8.999999999999999e-08,0.0,0.0,0.0,8.999999999999999e-08
1759811056497996096,168698,1759811056493692288,base_link,-0.04041105953093116,-0.023870634199952064,0.0352414667040207,-0.9982761346347849,1.0,0.0,0.0,0.0,1.0,0.0,0.0,0.0,1.0,-0.053737785667181015,0.037594888359308215,-0.2145574390888214,1.2184696791468346e-07,0.0,0.0,0.0,1.2184696791468346e-07,0.0,0.0,0.0,1.2184696791468346e-07,0.5033067464828491,3.1062319278717054,10.790848731994629,8.999999999999999e-08,0.0,0.0,0.0,8.999999999999999e-08,0.0,0.0,0.0,8.999999999999999e-08
1759811056503851808,168699,1759811056498692288,base_link,-0.04032276978583493,-0.02391511229602122,0.03457651587506432,-0.998301886359225,1.0,0.0,0.0,0.0,1.0,0.0,0.0,0.0,1.0,-0.06555310636758804,0.03143773600459101,0.16723164916038513,1.2184696791468346e-07,0.0,0.0,0.0,1.2184696791468346e-07,0.0,0.0,0.0,1.2184696791468346e-07,0.09891350567340851,2.23715376853943,10.204737663269043,8.999999999999999e-08,0.0,0.0,0.0,8.999999999999999e-08,0.0,0.0,0.0,8.999999999999999e-08
1759811056513386112,168700,1759811056508692288,base_link,-0.040000351004538144,-0.023845101770833068,0.03354332803066827,-0.998351788227862,1.0,0.0,0.0,0.0,1.0,0.0,0.0,0.0,1.0,-0.046636078506708145,0.002613323740661189,0.3664225935935974,1.2184696791468346e-07,0.0,0.0,0.0,1.2184696791468346e-07,0.0,0.0,0.0,1.2184696791468346e-07,-0.6956121325492859,0.642854154109956,10.052197456359863,8.999999999999999e-08,0.0,0.0,0.0,8.999999999999999e-08,0.0,0.0,0.0,8.999999999999999e-08
1759811056519705728,168701,1759811056509692288,base_link,-0.03995946790293807,-0.023840408324124675,0.03279909897966292,-0.9983782564487268,1.0,0.0,0.0,0.0,1.0,0.0,0.0,0.0,1.0,-0.04813951626420021,-0.03041741438210008,0.21078987419605255,1.2184696791468346e-07,0.0,0.0,0.0,1.2184696791468346e-07,0.0,0.0,0.0,1.2184696791468346e-07,-0.4116940200328827,-0.25503978133201477,10.148037910461426,8.999999999999999e-08,0.0,0.0,0.0,8.999999999999999e-08,0.0,0.0,0.0,8.999999999999999e-08
1759811056526749568,168702,1759811056520692288,base_link,-0.03964699182662281,-0.023606166018268745,0.032361951866907906,-0.9984105409346862,1.0,0.0,0.0,0.0,1.0,0.0,0.0,0.0,1.0,-0.014650498516857624,-0.04834539070725441,-0.005288292188197368,1.2184696791468346e-07,0.0,0.0,0.0,1.2184696791468346e-07,0.0,0.0,0.0,1.2184696791468346e-07,-0.8460302948951721,0.41301849484443787,9.98772144317627,8.999999999999999e-08,0.0,0.0,0.0,8.999999999999999e-08,0.0,0.0,0.0,8.999999999999999e-08
1759811056532590688,168703,1759811056529692288,base_link,-0.039774210771763935,-0.023526335935922064,0.033029347213077924,-0.9983855478535192,1.0,0.0,0.0,0.0,1.0,0.0,0.0,0.0,1.0,-0.012188700027763844,-0.006404054816812318,-0.331486314535141,1.2184696791468346e-07,0.0,0.0,0.0,1.2184696791468346e-07,0.0,0.0,0.0,1.2184696791468346e-07,-1.0973457098007202,-1.529357910156249,9.032530784606934,8.999999999999999e-08,0.0,0.0,0.0,8.999999999999999e-08,0.0,0.0,0.0,8.999999999999999e-08
1759811056539750400,168704,1759811056536692288,base_link,-0.039674596036763925,-0.023810522257263402,0.03547394872040679,-0.9982988939329808,1.0,0.0,0.0,0.0,1.0,0.0,0.0,0.0,1.0,0.005090099759399891,0.02424662932753557,-0.47360867261886597,1.2184696791468346e-07,0.0,0.0,0.0,1.2184696791468346e-07,0.0,0.0,0.0,1.2184696791468346e-07,-0.552649199962616,1.4650694131851207,9.330181121826172,8.999999999999999e-08,0.0,0.0,0.0,8.999999999999999e-08,0.0,0.0,0.0,8.999999999999999e-08
1759811056547142016,168705,1759811056541692288,base_link,-0.03970296876834585,-0.02404565689092765,0.036092748750243736,-0.9982698969012053,1.0,0.0,0.0,0.0,1.0,0.0,0.0,0.0,1.0,-0.010174442082643509,0.0662218630313873,-0.2310158610343933,1.2184696791468346e-07,0.0,0.0,0.0,1.2184696791468346e-07,0.0,0.0,0.0,1.2184696791468346e-07,0.4018852412700653,2.4213047027587904,10.030744552612305,8.999999999999999e-08,0.0,0.0,0.0,8.999999999999999e-08,0.0,0.0,0.0,8.999999999999999e-08
1759811056551921024,168706,1759811056546692288,base_link,-0.03954706494152602,-0.02411399010325397,0.03581748768261911,-0.9982843532702445,1.0,0.0,0.0,0.0,1.0,0.0,0.0,0.0,1.0,-0.03857981041073799,0.045372501015663154,0.0750182494521141,1.2184696791468346e-07,0.0,0.0,0.0,1.2184696791468346e-07,0.0,0.0,0.0,1.2184696791468346e-07,0.22972580790519714,2.0053341388702406,10.873448371887207,8.999999999999999e-08,0.0,0.0,0.0,8.999999999999999e-08,0.0,0.0,0.0,8.999999999999999e-08
1759811056558825152,168707,1759811056552692288,base_link,-0.039344673799343186,-0.02417261307681008,0.03509761951005302,-0.9983165534625068,1.0,0.0,0.0,0.0,1.0,0.0,0.0,0.0,1.0,-0.07062103599309921,0.02605533786118034,0.2767374515533447,1.2184696791468346e-07,0.0,0.0,0.0,1.2184696791468346e-07,0.0,0.0,0.0,1.2184696791468346e-07,-0.5121492743492126,0.975292503833772,10.356243133544922,8.999999999999999e-08,0.0,0.0,0.0,8.999999999999999e-08,0.0,0.0,0.0,8.999999999999999e-08
1759811056566247456,168708,1759811056562691008,base_link,-0.03927042290606813,-0.024019350013467264,0.03323713117623667,-0.9983868122589745,1.0,0.0,0.0,0.0,1.0,0.0,0.0,0.0,1.0,-0.03159879148006439,-0.01811600103974338,0.3758881688117981,1.2184696791468346e-07,0.0,0.0,0.0,1.2184696791468346e-07,0.0,0.0,0.0,1.2184696791468346e-07,-1.1188018321990967,0.06289295107126368,10.809757232666016,8.999999999999999e-08,0.0,0.0,0.0,8.999999999999999e-08,0.0,0.0,0.0,8.999999999999999e-08
1759811056572868992,168709,1759811056567691008,base_link,-0.039166895099601695,-0.023956229180921627,0.03283669396853462,-0.9984056519002589,1.0,0.0,0.0,0.0,1.0,0.0,0.0,0.0,1.0,-0.027527492493391037,-0.03149789944291113,0.19676460325717926,1.2184696791468346e-07,0.0,0.0,0.0,1.2184696791468346e-07,0.0,0.0,0.0,1.2184696791468346e-07,-0.44519469141960144,0.025926997885109198,9.843463897705078,8.999999999999999e-08,0.0,0.0,0.0,8.999999999999999e-08,0.0,0.0,0.0,8.999999999999999e-08
1759811056583131808,168710,1759811056578691008,base_link,-0.03910213251559766,-0.02380487326247393,0.03396273132020019,-0.9983741682044212,1.0,0.0,0.0,0.0,1.0,0.0,0.0,0.0,1.0,-0.018878908827900887,-0.028195930644869832,-0.2195005863904953,1.2184696791468346e-07,0.0,0.0,0.0,1.2184696791468346e-07,0.0,0.0,0.0,1.2184696791468346e-07,-1.0856894254684448,-0.2847856879234301,10.328595161437988,8.999999999999999e-08,0.0,0.0,0.0,8.999999999999999e-08,0.0,0.0,0.0,8.999999999999999e-08
1759811056594024832,168711,1759811056588691008,base_link,-0.03894733701918476,-0.02398860257038955,0.036015409283226246,-0.9983038251142565,1.0,0.0,0.0,0.0,1.0,0.0,0.0,0.0,1.0,-0.01662907376885414,0.0272982213646173,-0.39272192120552063,1.2184696791468346e-07,0.0,0.0,0.0,1.2184696791468346e-07,0.0,0.0,0.0,1.2184696791468346e-07,-0.20719429850578308,1.4947253465652477,9.862568855285645,8.999999999999999e-08,0.0,0.0,0.0,8.999999999999999e-08,0.0,0.0,0.0,8.999999999999999e-08
1759811056599852256,168712,1759811056594691008,base_link,-0.03877545031715619,-0.024086700677387673,0.03619322683709375,-0.9983017599186795,1.0,0.0,0.0,0.0,1.0,0.0,0.0,0.0,1.0,-0.0413069948554039,0.02250632457435129,-0.16211992502212524,1.2184696791468346e-07,0.0,0.0,0.0,1.2184696791468346e-07,0.0,0.0,0.0,1.2184696791468346e-07,0.4088470935821533,2.1837444305419935,9.836164474487305,8.999999999999999e-08,0.0,0.0,0.0,8.999999999999999e-08,0.0,0.0,0.0,8.999999999999999e-08
1759811056608779072,168713,1759811056604691008,base_link,-0.038695265279319706,-0.02394881792102879,0.034774268888277435,-0.9983586160173207,1.0,0.0,0.0,0.0,1.0,0.0,0.0,0.0,1.0,-0.04740012809634209,-0.008414336480200256,0.2828410565853119,1.2184696791468346e-07,0.0,0.0,0.0,1.2184696791468346e-07,0.0,0.0,0.0,1.2184696791468346e-07,-0.62337327003479,0.8514541387557996,10.255244255065918,8.999999999999999e-08,0.0,0.0,0.0,8.999999999999999e-08,0.0,0.0,0.0,8.999999999999999e-08
1759811056618875584,168714,1759811056610691008,base_link,-0.03869942135370959,-0.023803601613029014,0.03359807678688394,-0.9984022380055294,1.0,0.0,0.0,0.0,1.0,0.0,0.0,0.0,1.0,-0.022212639451026917,-0.05291108414530749,0.41387560963630676,1.2184696791468346e-07,0.0,0.0,0.0,1.2184696791468346e-07,0.0,0.0,0.0,1.2184696791468346e-07,-0.7023617029190063,0.7115541100502026,9.925321578979492,8.999999999999999e-08,0.0,0.0,0.0,8.999999999999999e-08,0.0,0.0,0.0,8.999999999999999e-08
1759811056623049600,168715,1759811056619691008,base_link,-0.038664018659504945,-0.023447439011143194,0.032901895143181,-0.998435196841065,1.0,0.0,0.0,0.0,1.0,0.0,0.0,0.0,1.0,0.011194408871233463,-0.07670979946851728,0.25547993183135986,1.2184696791468346e-07,0.0,0.0,0.0,1.2184696791468346e-07,0.0,0.0,0.0,1.2184696791468346e-07,-0.8498997688293457,0.07916386425495263,9.366464614868164,8.999999999999999e-08,0.0,0.0,0.0,8.999999999999999e-08,0.0,0.0,0.0,8.999999999999999e-08
1759811056629022528,168716,1759811056620691008,base_link,-0.03865227944510564,-0.02331169586589075,0.03264345066811219,-0.9984473351334361,1.0,0.0,0.0,0.0,1.0,0.0,0.0,0.0,1.0,0.05752122774720192,-0.08746649324893951,-0.014155817218124856,1.2184696791468346e-07,0.0,0.0,0.0,1.2184696791468346e-07,0.0,0.0,0.0,1.2184696791468346e-07,-0.6901721358299255,-0.6518608331680287,9.291163444519043,8.999999999999999e-08,0.0,0.0,0.0,8.999999999999999e-08,0.0,0.0,0.0,8.999999999999999e-08
1759811056637032000,168717,1759811056631691008,base_link,-0.038735197442650256,-0.023034428213150274,0.034144932146312784,-0.9984003413973465,1.0,0.0,0.0,0.0,1.0,0.0,0.0,0.0,1.0,-0.009640585631132126,-0.041795004159212154,-0.3574542701244354,1.2184696791468346e-07,0.0,0.0,0.0,1.2184696791468346e-07,0.0,0.0,0.0,1.2184696791468346e-07,-1.1934986114501953,-0.5458061695098865,10.14340877532959,8.999999999999999e-08,0.0,0.0,0.0,8.999999999999999e-08,0.0,0.0,0.0,8.999999999999999e-08
1759811056644763648,168718,1759811056636691008,base_link,-0.03882771767766577,-0.023213813102946738,0.03523362739019767,-0.9983547806541062,1.0,0.0,0.0,0.0,1.0,0.0,0.0,0.0,1.0,-0.013756319880485535,0.010873442515730808,-0.4071698486804962,1.2184696791468346e-07,0.0,0.0,0.0,1.2184696791468346e-07,0.0,0.0,0.0,1.2184696791468346e-07,-0.34687089920043945,1.9987479448318493,9.91945743560791,8.999999999999999e-08,0.0,0.0,0.0,8.999999999999999e-08,0.0,0.0,0.0,8.999999999999999e-08
1759811056647796160,168719,1759811056641691008,base_link,-0.038763186242784034,-0.023208991898603797,0.03583822393208646,-0.9983358567191248,1.0,0.0,0.0,0.0,1.0,0.0,0.0,0.0,1.0,-0.00976172462105751,0.020467219874262782,-0.23629410564899445,1.2184696791468346e-07,0.0,0.0,0.0,1.2184696791468346e-07,0.0,0.0,0.0,1.2184696791468346e-07,0.28817516565322876,2.4315652847290052,10.458008766174316,8.999999999999999e-08,0.0,0.0,0.0,8.999999999999999e-08,0.0,0.0,0.0,8.999999999999999e-08
1759811056660809216,168720,1759811056647691008,base_link,-0.03844607467167708,-0.023251590508647165,0.0356302713815337,-0.9983545699198636,1.0,0.0,0.0,0.0,1.0,0.0,0.0,0.0,1.0,-0.057587262243032455,-0.02030782774090763,0.29808512330055237,1.2184696791468346e-07,0.0,0.0,0.0,1.2184696791468346e-07,0.0,0.0,0.0,1.2184696791468346e-07,0.4075232744216919,1.9797194004058851,10.596348762512207,8.999999999999999e-08,0.0,0.0,0.0,8.999999999999999e-08,0.0,0.0,0.0,8.999999999999999e-08
1759811056668912096,168721,1759811056657691520,base_link,-0.038347313410359414,-0.02293419378776826,0.03387186271481069,-0.9984268517650599,1.0,0.0,0.0,0.0,1.0,0.0,0.0,0.0,1.0,-0.014270863495767117,-0.07407043874263758,0.40941348671913147,1.2184696791468346e-07,0.0,0.0,0.0,1.2184696791468346e-07,0.0,0.0,0.0,1.2184696791468346e-07,-0.7959463596343994,0.6333079338073743,10.00831413269043,8.999999999999999e-08,0.0,0.0,0.0,8.999999999999999e-08,0.0,0.0,0.0,8.999999999999999e-08
1759811056672814688,168722,1759811056668691520,base_link,-0.03849314479892965,-0.022300807655624002,0.031965054994480845,-0.9984985014075283,1.0,0.0,0.0,0.0,1.0,0.0,0.0,0.0,1.0,0.002906361361965537,-0.10769485682249065,0.3720919191837311,1.2184696791468346e-07,0.0,0.0,0.0,1.2184696791468346e-07,0.0,0.0,0.0,1.2184696791468346e-07,-0.5477408766746521,0.7247356176376355,10.092175483703613,8.999999999999999e-08,0.0,0.0,0.0,8.999999999999999e-08,0.0,0.0,0.0,8.999999999999999e-08
1759811056683198976,168723,1759811056678691520,base_link,-0.03868983360421786,-0.0218252331537392,0.032149826778352625,-0.9984954668344356,1.0,0.0,0.0,0.0,1.0,0.0,0.0,0.0,1.0,0.05566653236746788,-0.09967479109764099,-0.029964217916131006,1.2184696791468346e-07,0.0,0.0,0.0,1.2184696791468346e-07,0.0,0.0,0.0,1.2184696791468346e-07,-0.8446445465087891,-0.7275649309158313,9.77903938293457,8.999999999999999e-08,0.0,0.0,0.0,8.999999999999999e-08,0.0,0.0,0.0,8.999999999999999e-08
1759811056690330240,168724,1759811056684691520,base_link,-0.038449183660299265,-0.021757594705868806,0.03324640348290905,-0.998470347312723,1.0,0.0,0.0,0.0,1.0,0.0,0.0,0.0,1.0,0.014457477256655693,-0.03722237795591359,-0.3856697678565979,1.2184696791468346e-07,0.0,0.0,0.0,1.2184696791468346e-07,0.0,0.0,0.0,1.2184696791468346e-07,-1.2911614179611206,-0.021246176213024836,9.895797729492188,8.999999999999999e-08,0.0,0.0,0.0,8.999999999999999e-08,0.0,0.0,0.0,8.999999999999999e-08
1759811056698741344,168725,1759811056694691520,base_link,-0.038633085506875976,-0.021935744824712798,0.034795595193623956,-0.9984065791309261,1.0,0.0,0.0,0.0,1.0,0.0,0.0,0.0,1.0,0.01639184169471264,0.02526986598968502,-0.31004053354263306,1.2184696791468346e-07,0.0,0.0,0.0,1.2184696791468346e-07,0.0,0.0,0.0,1.2184696791468346e-07,0.8740321397781372,2.454589366912843,10.028807640075684,8.999999999999999e-08,0.0,0.0,0.0,8.999999999999999e-08,0.0,0.0,0.0,8.999999999999999e-08
1759811056709415872,168726,1759811056703691520,base_link,-0.0383048926073332,-0.022009318075689135,0.03466228471178402,-0.9984222156117236,1.0,0.0,0.0,0.0,1.0,0.0,0.0,0.0,1.0,-0.0362299419939518,0.008972441777586954,0.13712738454341888,1.2184696791468346e-07,0.0,0.0,0.0,1.2184696791468346e-07,0.0,0.0,0.0,1.2184696791468346e-07,0.233360156416893,1.9978853464126598,9.698017120361328,8.999999999999999e-08,0.0,0.0,0.0,8.999999999999999e-08,0.0,0.0,0.0,8.999999999999999e-08
1759811056716911840,168727,1759811056710691520,base_link,-0.03823507042587433,-0.02176975077894166,0.03261951125815798,-0.9984990071697105,1.0,0.0,0.0,0.0,1.0,0.0,0.0,0.0,1.0,-0.02323886938393116,-0.038099959492683355,0.4302120804786682,1.2184696791468346e-07,0.0,0.0,0.0,1.2184696791468346e-07,0.0,0.0,0.0,1.2184696791468346e-07,-1.1245996952056885,0.8197062015533461,10.76880931854248,8.999999999999999e-08,0.0,0.0,0.0,8.999999999999999e-08,0.0,0.0,0.0,8.999999999999999e-08
1759811056720859872,168728,1759811056715691520,base_link,-0.03818087879831244,-0.021470846646391414,0.03155315384398386,-0.998541786220949,1.0,0.0,0.0,0.0,1.0,0.0,0.0,0.0,1.0,-0.015497108921408653,-0.08245501667261118,0.4359820485115051,1.2184696791468346e-07,0.0,0.0,0.0,1.2184696791468346e-07,0.0,0.0,0.0,1.2184696791468346e-07,-0.6495437026023865,0.04368098080158354,9.799799919128418,8.999999999999999e-08,0.0,0.0,0.0,8.999999999999999e-08,0.0,0.0,0.0,8.999999999999999e-08
1759811056730865056,168729,1759811056726691520,base_link,-0.03840426236377624,-0.020852083495046914,0.03080917767406957,-0.9985695188472692,1.0,0.0,0.0,0.0,1.0,0.0,0.0,0.0,1.0,0.014703815802931786,-0.11601273715496062,0.1477557867765427,1.2184696791468346e-07,0.0,0.0,0.0,1.2184696791468346e-07,0.0,0.0,0.0,1.2184696791468346e-07,-0.5349371433258057,-0.3328210413455951,10.03007698059082,8.999999999999999e-08,0.0,0.0,0.0,8.999999999999999e-08,0.0,0.0,0.0,8.999999999999999e-08
1759811056736742080,168730,1759811056731691520,base_link,-0.038514251150410496,-0.02067650367541758,0.03145554174283266,-0.9985488668914989,1.0,0.0,0.0,0.0,1.0,0.0,0.0,0.0,1.0,0.02863497845828533,-0.08476037532091144,-0.18864335119724274,1.2184696791468346e-07,0.0,0.0,0.0,1.2184696791468346e-07,0.0,0.0,0.0,1.2184696791468346e-07,-1.0605794191360474,-1.010794639587401,10.073345184326172,8.999999999999999e-08,0.0,0.0,0.0,8.999999999999999e-08,0.0,0.0,0.0,8.999999999999999e-08
1759811056746865184,168731,1759811056742691520,base_link,-0.03857406674807057,-0.02095473741295126,0.03402182120181248,-0.9984566074401086,1.0,0.0,0.0,0.0,1.0,0.0,0.0,0.0,1.0,0.021894732490181923,0.03499387577176088,-0.501230776309967,1.2184696791468346e-07,0.0,0.0,0.0,1.2184696791468346e-07,0.0,0.0,0.0,1.2184696791468346e-07,0.6188672780990601,1.631330966949464,9.236869812011719,8.999999999999999e-08,0.0,0.0,0.0,8.999999999999999e-08,0.0,0.0,0.0,8.999999999999999e-08
1759811056753315744,168732,1759811056747691520,base_link,-0.038627674246653886,-0.02113266362666254,0.034418043724663366,-0.998437177742945,1.0,0.0,0.0,0.0,1.0,0.0,0.0,0.0,1.0,-0.005634138826280832,0.0762602165341377,-0.1819785088300705,1.2184696791468346e-07,0.0,0.0,0.0,1.2184696791468346e-07,0.0,0.0,0.0,1.2184696791468346e-07,1.343644380569458,2.4788422584533705,10.059094429016113,8.999999999999999e-08,0.0,0.0,0.0,8.999999999999999e-08,0.0,0.0,0.0,8.999999999999999e-08
1759811056761706944,168733,1759811056758691520,base_link,-0.03849995612477571,-0.021498601004680346,0.0330593557692177,-0.9984802096752746,1.0,0.0,0.0,0.0,1.0,0.0,0.0,0.0,1.0,-0.028415624052286148,0.07147402316331866,0.2672688961029053,1.2184696791468346e-07,0.0,0.0,0.0,1.2184696791468346e-07,0.0,0.0,0.0,1.2184696791468346e-07,-0.6835597157478333,0.7091965675354016,9.735456466674805,8.999999999999999e-08,0.0,0.0,0.0,8.999999999999999e-08,0.0,0.0,0.0,8.999999999999999e-08
1759811056773834656,168734,1759811056767691264,base_link,-0.03868916913280931,-0.021467227944320048,0.03196825815496765,-0.9985090381196561,1.0,0.0,0.0,0.0,1.0,0.0,0.0,0.0,1.0,0.018619336187839508,-0.016816854476928662,0.4011986255645752,1.2184696791468346e-07,0.0,0.0,0.0,1.2184696791468346e-07,0.0,0.0,0.0,1.2184696791468346e-07,-0.8397195339202881,0.324365705251695,10.37053108215332,8.999999999999999e-08,0.0,0.0,0.0,8.999999999999999e-08,0.0,0.0,0.0,8.999999999999999e-08
1759811056779910688,168735,1759811056774691264,base_link,-0.038862872100590896,-0.021080146019239934,0.030791265263452456,-0.998547644632892,1.0,0.0,0.0,0.0,1.0,0.0,0.0,0.0,1.0,0.04124627634882927,-0.06413637101650235,0.19598335027694702,1.2184696791468346e-07,0.0,0.0,0.0,1.2184696791468346e-07,0.0,0.0,0.0,1.2184696791468346e-07,-0.4082716405391693,-0.35353136062621954,9.461543083190918,8.999999999999999e-08,0.0,0.0,0.0,8.999999999999999e-08,0.0,0.0,0.0,8.999999999999999e-08
1759811056782930976,168736,1759811056779691264,base_link,-0.03934962934676575,-0.020937012028974397,0.03085671931918987,-0.9985295636348809,1.0,0.0,0.0,0.0,1.0,0.0,0.0,0.0,1.0,0.10685916244983673,-0.06085489690303802,0.06360843032598497,1.2184696791468346e-07,0.0,0.0,0.0,1.2184696791468346e-07,0.0,0.0,0.0,1.2184696791468346e-07,-0.996767520904541,-0.49822354316711304,9.977818489074707,8.999999999999999e-08,0.0,0.0,0.0,8.999999999999999e-08,0.0,0.0,0.0,8.999999999999999e-08
1759811056794122656,168737,1759811056788691264,base_link,-0.039258708716360134,-0.021015146359213022,0.031954223254413563,-0.9984969419741334,1.0,0.0,0.0,0.0,1.0,0.0,0.0,0.0,1.0,0.06918192654848099,0.023232141509652086,-0.42233073711395264,1.2184696791468346e-07,0.0,0.0,0.0,1.2184696791468346e-07,0.0,0.0,0.0,1.2184696791468346e-07,-1.8457220792770386,-0.9648224711418141,9.419072151184082,8.999999999999999e-08,0.0,0.0,0.0,8.999999999999999e-08,0.0,0.0,0.0,8.999999999999999e-08
1759811056799904352,168738,1759811056795691264,base_link,-0.039593664209455384,-0.0215239233581013,0.034131487301637814,-0.9984008050126801,1.0,0.0,0.0,0.0,1.0,0.0,0.0,0.0,1.0,0.052827008068561554,0.09170874208211893,-0.4338410794734955,1.2184696791468346e-07,0.0,0.0,0.0,1.2184696791468346e-07,0.0,0.0,0.0,1.2184696791468346e-07,0.9031400680541992,2.5298166275024427,9.950603485107422,8.999999999999999e-08,0.0,0.0,0.0,8.999999999999999e-08,0.0,0.0,0.0,8.999999999999999e-08
1759811056807821984,168739,1759811056800691264,base_link,-0.03950868233342275,-0.02179720154821241,0.03452210429363677,-0.998384789210246,1.0,0.0,0.0,0.0,1.0,0.0,0.0,0.0,1.0,-0.0012466340558603406,0.10605460405349731,-0.02845856733620168,1.2184696791468346e-07,0.0,0.0,0.0,1.2184696791468346e-07,0.0,0.0,0.0,1.2184696791468346e-07,0.9536760449409485,2.229998826980592,9.429156303405762,8.999999999999999e-08,0.0,0.0,0.0,8.999999999999999e-08,0.0,0.0,0.0,8.999999999999999e-08
1759811056814876928,168740,1759811056811691264,base_link,-0.03960726842190129,-0.022076077366641376,0.033186470664326576,-0.9984201082692981,1.0,0.0,0.0,0.0,1.0,0.0,0.0,0.0,1.0,-0.005190480500459671,0.05845295265316966,0.2503540813922882,1.2184696791468346e-07,0.0,0.0,0.0,1.2184696791468346e-07,0.0,0.0,0.0,1.2184696791468346e-07,-1.2494539022445679,0.48821806907653925,9.353795051574707,8.999999999999999e-08,0.0,0.0,0.0,8.999999999999999e-08,0.0,0.0,0.0,8.999999999999999e-08
1759811056833043456,168741,1759811056821691264,base_link,-0.03997498387009065,-0.021810810370469873,0.031807805102686694,-0.9984561438247749,1.0,0.0,0.0,0.0,1.0,0.0,0.0,0.0,1.0,0.05107776075601578,-0.06306091696023938,0.184188112616539,1.2184696791468346e-07,0.0,0.0,0.0,1.2184696791468346e-07,0.0,0.0,0.0,1.2184696791468346e-07,-0.59030681848526,0.7516690492630016,9.392486572265625,8.999999999999999e-08,0.0,0.0,0.0,8.999999999999999e-08,0.0,0.0,0.0,8.999999999999999e-08
1759811056839928160,168742,1759811056832691264,base_link,-0.040482564952152425,-0.021631943096656687,0.03213056566858311,-0.9984292541354249,1.0,0.0,0.0,0.0,1.0,0.0,0.0,0.0,1.0,0.09991968423128128,-0.02309684827923776,-0.11811352521181107,1.2184696791468346e-07,0.0,0.0,0.0,1.2184696791468346e-07,0.0,0.0,0.0,1.2184696791468346e-07,-1.0586680173873901,-1.324178099632262,9.376211166381836,8.999999999999999e-08,0.0,0.0,0.0,8.999999999999999e-08,0.0,0.0,0.0,8.999999999999999e-08
1759811056843782912,168743,1759811056837691264,base_link,-0.040399598880858735,-0.021663511086191346,0.033293102191059104,-0.9983938086358273,1.0,0.0,0.0,0.0,1.0,0.0,0.0,0.0,1.0,0.04571496695280075,0.009943838231265495,-0.40693947672843933,1.2184696791468346e-07,0.0,0.0,0.0,1.2184696791468346e-07,0.0,0.0,0.0,1.2184696791468346e-07,-1.3608689308166504,0.09263261407613874,9.71298885345459,8.999999999999999e-08,0.0,0.0,0.0,8.999999999999999e-08,0.0,0.0,0.0,8.999999999999999e-08
1759811056852872448,168744,1759811056848691264,base_link,-0.04059986489991431,-0.021816456731081315,0.035067863835004355,-0.9983216110843282,1.0,0.0,0.0,0.0,1.0,0.0,0.0,0.0,1.0,0.04077872633934021,0.015223646536469423,-0.30418655276298523,1.2184696791468346e-07,0.0,0.0,0.0,1.2184696791468346e-07,0.0,0.0,0.0,1.2184696791468346e-07,-0.1716173142194748,2.7972230911254896,9.551761627197266,8.999999999999999e-08,0.0,0.0,0.0,8.999999999999999e-08,0.0,0.0,0.0,8.999999999999999e-08
1759811056859071232,168745,1759811056853691264,base_link,-0.040450769106218004,-0.021756583181504544,0.03503376703455904,-0.9983301668945758,1.0,0.0,0.0,0.0,1.0,0.0,0.0,0.0,1.0,-0.0013068222906440496,-0.013373617082834242,0.00817553047090769,1.2184696791468346e-07,0.0,0.0,0.0,1.2184696791468346e-07,0.0,0.0,0.0,1.2184696791468346e-07,0.0067889392375946045,1.7982366085052501,9.825296401977539,8.999999999999999e-08,0.0,0.0,0.0,8.999999999999999e-08,0.0,0.0,0.0,8.999999999999999e-08
1759811056865934048,168746,1759811056859689216,base_link,-0.04063595511458529,-0.02165288810473308,0.034423059199636154,-0.998346098403313,1.0,0.0,0.0,0.0,1.0,0.0,0.0,0.0,1.0,-0.020619651302695274,-0.05008311197161671,0.26837781071662903,1.2184696791468346e-07,0.0,0.0,0.0,1.2184696791468346e-07,0.0,0.0,0.0,1.2184696791468346e-07,-0.1013881042599678,1.1166216135025036,9.656190872192383,8.999999999999999e-08,0.0,0.0,0.0,8.999999999999999e-08,0.0,0.0,0.0,8.999999999999999e-08
1759811056873334016,168747,1759811056869689216,base_link,-0.04065544012948748,-0.0211350113378335,0.03266317539321527,-0.998415556409659,1.0,0.0,0.0,0.0,1.0,0.0,0.0,0.0,1.0,0.021596619859337807,-0.08338283747434612,0.35757628083229065,1.2184696791468346e-07,0.0,0.0,0.0,1.2184696791468346e-07,0.0,0.0,0.0,1.2184696791468346e-07,-0.7721517086029053,1.1897592544555675,9.610223770141602,8.999999999999999e-08,0.0,0.0,0.0,8.999999999999999e-08,0.0,0.0,0.0,8.999999999999999e-08
1759811056878279424,168748,1759811056874689216,base_link,-0.04076269661495811,-0.020822958047092364,0.03222400523173179,-0.9984319936805782,1.0,0.0,0.0,0.0,1.0,0.0,0.0,0.0,1.0,0.029292577877640724,-0.11234635114669797,0.21953408420085907,1.2184696791468346e-07,0.0,0.0,0.0,1.2184696791468346e-07,0.0,0.0,0.0,1.2184696791468346e-07,-0.5699266195297241,0.3560940325260175,10.30005931854248,8.999999999999999e-08,0.0,0.0,0.0,8.999999999999999e-08,0.0,0.0,0.0,8.999999999999999e-08
1759811056885823136,168749,1759811056879689216,base_link,-0.04060289947300709,-0.020584277809797137,0.032394067765473225,-0.9984379363862181,1.0,0.0,0.0,0.0,1.0,0.0,0.0,0.0,1.0,0.0327056422829628,-0.0900193676352501,-0.13250315189361572,1.2184696791468346e-07,0.0,0.0,0.0,1.2184696791468346e-07,0.0,0.0,0.0,1.2184696791468346e-07,-0.8801853656768799,-0.4876377582550038,9.069988250732422,8.999999999999999e-08,0.0,0.0,0.0,8.999999999999999e-08,0.0,0.0,0.0,8.999999999999999e-08
1759811056893844544,168750,1759811056885689216,base_link,-0.04072560146136796,-0.020440886987173487,0.03330241664458,-0.998406073368744,1.0,0.0,0.0,0.0,1.0,0.0,0.0,0.0,1.0,-0.017805662006139755,-0.038153663277626086,-0.38395413756370544,1.2184696791468346e-07,0.0,0.0,0.0,1.2184696791468346e-07,0.0,0.0,0.0,1.2184696791468346e-07,-0.8332585096359253,-0.8811751604080188,9.647261619567871,8.999999999999999e-08,0.0,0.0,0.0,8.999999999999999e-08,0.0,0.0,0.0,8.999999999999999e-08
1759811056899769920,168751,1759811056890689216,base_link,-0.040550023617372144,-0.02048174242990423,0.03450372826768606,-0.9983715550998136,1.0,0.0,0.0,0.0,1.0,0.0,0.0,0.0,1.0,0.006711063906550407,-0.030399691313505225,-0.41640418767929077,1.2184696791468346e-07,0.0,0.0,0.0,1.2184696791468346e-07,0.0,0.0,0.0,1.2184696791468346e-07,-0.8468056917190552,1.1761029958724987,9.30704116821289,8.999999999999999e-08,0.0,0.0,0.0,8.999999999999999e-08,0.0,0.0,0.0,8.999999999999999e-08
1759811056906973984,168752,1759811056900689216,base_link,-0.0406133525499823,-0.02033008950788343,0.03563916436656951,-0.9983321899433043,1.0,0.0,0.0,0.0,1.0,0.0,0.0,0.0,1.0,-0.0039320397190749645,-0.04268248006701471,-0.08503728359937668,1.2184696791468346e-07,0.0,0.0,0.0,1.2184696791468346e-07,0.0,0.0,0.0,1.2184696791468346e-07,0.023817718029022217,2.317538976669313,9.698692321777344,8.999999999999999e-08,0.0,0.0,0.0,8.999999999999999e-08,0.0,0.0,0.0,8.999999999999999e-08
1759811056913496288,168753,1759811056910689216,base_link,-0.040460870520425955,-0.020152019072924902,0.035154307021300166,-0.9983591639263514,1.0,0.0,0.0,0.0,1.0,0.0,0.0,0.0,1.0,-0.03217639774084091,-0.058659013360738727,0.23453101515769958,1.2184696791468346e-07,0.0,0.0,0.0,1.2184696791468346e-07,0.0,0.0,0.0,1.2184696791468346e-07,-0.4244871437549591,1.316848397254945,9.271949768066406,8.999999999999999e-08,0.0,0.0,0.0,8.999999999999999e-08,0.0,0.0,0.0,8.999999999999999e-08
1759811056917906080,168754,1759811056911689216,base_link,-0.04045133084468332,-0.01988131381620648,0.03421139772641446,-0.9983977704395873,1.0,0.0,0.0,0.0,1.0,0.0,0.0,0.0,1.0,-0.03846951946616173,-0.11062988638877864,0.36844897270202637,1.2184696791468346e-07,0.0,0.0,0.0,1.2184696791468346e-07,0.0,0.0,0.0,1.2184696791468346e-07,-0.22064170241355896,0.8299618959426892,10.184365272521973,8.999999999999999e-08,0.0,0.0,0.0,8.999999999999999e-08,0.0,0.0,0.0,8.999999999999999e-08
1759811056926898944,168755,1759811056922689216,base_link,-0.04016141716175605,-0.01910373738840588,0.032714004492519426,-0.9984748148786652,1.0,0.0,0.0,0.0,1.0,0.0,0.0,0.0,1.0,-0.049845531582832336,-0.14165662229061124,0.27026134729385376,1.2184696791468346e-07,0.0,0.0,0.0,1.2184696791468346e-07,0.0,0.0,0.0,1.2184696791468346e-07,-0.24228669703006744,0.44747534394264343,9.755670547485352,8.999999999999999e-08,0.0,0.0,0.0,8.999999999999999e-08,0.0,0.0,0.0,8.999999999999999e-08
1759811056936774080,168756,1759811056932689216,base_link,-0.0401355258258802,-0.018664116782478906,0.03324471760896862,-0.9984666383900541,1.0,0.0,0.0,0.0,1.0,0.0,0.0,0.0,1.0,-0.007234077900648117,-0.10152293741703035,-0.1062052696943283,1.2184696791468346e-07,0.0,0.0,0.0,1.2184696791468346e-07,0.0,0.0,0.0,1.2184696791468346e-07,-0.5782198905944824,-0.8125524520874012,9.046561241149902,8.999999999999999e-08,0.0,0.0,0.0,8.999999999999999e-08,0.0,0.0,0.0,8.999999999999999e-08
1759811056947851232,168757,1759811056943689216,base_link,-0.040160852130568206,-0.01892625832641552,0.03548271526489709,-0.9983836933921847,1.0,0.0,0.0,0.0,1.0,0.0,0.0,0.0,1.0,-0.005798117257654667,0.022438047453761045,-0.4498831629753113,1.2184696791468346e-07,0.0,0.0,0.0,1.2184696791468346e-07,0.0,0.0,0.0,1.2184696791468346e-07,-0.4577599763870239,1.9496816396713268,8.934524536132812,8.999999999999999e-08,0.0,0.0,0.0,8.999999999999999e-08,0.0,0.0,0.0,8.999999999999999e-08
1759811056955919104,168758,1759811056952689216,base_link,-0.0400974369286275,-0.018959891511527216,0.03599467303375889,-0.998367298268114,1.0,0.0,0.0,0.0,1.0,0.0,0.0,0.0,1.0,-0.024401014670729637,0.050232231616973856,-0.1461648941040039,1.2184696791468346e-07,0.0,0.0,0.0,1.2184696791468346e-07,0.0,0.0,0.0,1.2184696791468346e-07,0.4038282036781311,1.9379287958145155,10.3846435546875,8.999999999999999e-08,0.0,0.0,0.0,8.999999999999999e-08,0.0,0.0,0.0,8.999999999999999e-08
1759811056963045632,168759,1759811056959687424,base_link,-0.039755590425800715,-0.019041823667943377,0.035193461443566804,-0.9984079278300785,1.0,0.0,0.0,0.0,1.0,0.0,0.0,0.0,1.0,-0.0710194781422615,0.008485401980578918,0.154245525598526,1.2184696791468346e-07,0.0,0.0,0.0,1.2184696791468346e-07,0.0,0.0,0.0,1.2184696791468346e-07,-0.37912216782569885,1.4409607648849498,9.347818374633789,8.999999999999999e-08,0.0,0.0,0.0,8.999999999999999e-08,0.0,0.0,0.0,8.999999999999999e-08
1759811056972931520,168760,1759811056968687424,base_link,-0.039681220994514224,-0.01898408380257247,0.03417245403839038,-0.9984474194271331,1.0,0.0,0.0,0.0,1.0,0.0,0.0,0.0,1.0,-0.05435029789805412,-0.0418072789907455,0.3366323709487915,1.2184696791468346e-07,0.0,0.0,0.0,1.2184696791468346e-07,0.0,0.0,0.0,1.2184696791468346e-07,-0.49762827157974243,0.026377089321614516,9.838763236999512,8.999999999999999e-08,0.0,0.0,0.0,8.999999999999999e-08,0.0,0.0,0.0,8.999999999999999e-08
1759811056979173088,168761,1759811056969687424,base_link,-0.03965200598450659,-0.01890752075952989,0.033512350097012776,-0.9984724546551486,1.0,0.0,0.0,0.0,1.0,0.0,0.0,0.0,1.0,-0.02332058735191822,-0.06035584583878515,0.17650075256824493,1.2184696791468346e-07,0.0,0.0,0.0,1.2184696791468346e-07,0.0,0.0,0.0,1.2184696791468346e-07,-0.9567456245422363,0.7679858207702648,8.77781867980957,8.999999999999999e-08,0.0,0.0,0.0,8.999999999999999e-08,0.0,0.0,0.0,8.999999999999999e-08
1759811056985867424,168762,1759811056980687424,base_link,-0.03969290423263035,-0.018708866857429854,0.03317091847722601,-0.9984859837935206,1.0,0.0,0.0,0.0,1.0,0.0,0.0,0.0,1.0,-0.00328321335837245,-0.028628785163164146,-0.051249835640192025,1.2184696791468346e-07,0.0,0.0,0.0,1.2184696791468346e-07,0.0,0.0,0.0,1.2184696791468346e-07,0.014490984380245209,-0.19432719051837807,9.302290916442871,8.999999999999999e-08,0.0,0.0,0.0,8.999999999999999e-08,0.0,0.0,0.0,8.999999999999999e-08
1759811056996703552,168763,1759811056990687424,base_link,-0.039485959913719317,-0.01898961030808346,0.034926882626735434,-0.9984290434011824,1.0,0.0,0.0,0.0,1.0,0.0,0.0,0.0,1.0,-0.02735898457467556,0.06126632913947101,-0.3486669063568115,1.2184696791468346e-07,0.0,0.0,0.0,1.2184696791468346e-07,0.0,0.0,0.0,1.2184696791468346e-07,-0.07374711334705353,0.2227045744657529,10.172592163085938,8.999999999999999e-08,0.0,0.0,0.0,8.999999999999999e-08,0.0,0.0,0.0,8.999999999999999e-08
1759811057003690208,168764,1759811057000687424,base_link,-0.03934051245659724,-0.01936135999992872,0.03570828519812738,-0.9983999620757099,1.0,0.0,0.0,0.0,1.0,0.0,0.0,0.0,1.0,-0.04971699044108391,0.12055208534002301,-0.26363539695739746,1.2184696791468346e-07,0.0,0.0,0.0,1.2184696791468346e-07,0.0,0.0,0.0,1.2184696791468346e-07,-0.014490924775600433,2.1570007801055917,8.452963829040527,8.999999999999999e-08,0.0,0.0,0.0,8.999999999999999e-08,0.0,0.0,0.0,8.999999999999999e-08
1759811057009682432,168765,1759811057001687424,base_link,-0.03920162805404172,-0.0196400138888585,0.03595282121318759,-0.9983911955312196,1.0,0.0,0.0,0.0,1.0,0.0,0.0,0.0,1.0,-0.05063702538609505,0.1156245321035385,-0.15065625309944156,1.2184696791468346e-07,0.0,0.0,0.0,1.2184696791468346e-07,0.0,0.0,0.0,1.2184696791468346e-07,0.35866737365722656,2.182830333709718,9.970535278320312,8.999999999999999e-08,0.0,0.0,0.0,8.999999999999999e-08,0.0,0.0,0.0,8.999999999999999e-08
1759811057012915584,168766,1759811057007687424,base_link,-0.0391829826833872,-0.019950420818329675,0.035365968494521914,-0.9984067055714716,1.0,0.0,0.0,0.0,1.0,0.0,0.0,0.0,1.0,-0.06146702170372009,0.09979267418384555,0.17640694975852966,1.2184696791468346e-07,0.0,0.0,0.0,1.2184696791468346e-07,0.0,0.0,0.0,1.2184696791468346e-07,0.3881431221961975,1.4441522359848034,9.624176025390625,8.999999999999999e-08,0.0,0.0,0.0,8.999999999999999e-08,0.0,0.0,0.0,8.999999999999999e-08
1759811057018753120,168767,1759811057012687424,base_link,-0.03897792377740253,-0.020089356587356822,0.03447957812348927,-0.9984429940080395,1.0,0.0,0.0,0.0,1.0,0.0,0.0,0.0,1.0,-0.03910089284181595,0.06553812325000767,0.379867285490036,1.2184696791468346e-07,0.0,0.0,0.0,1.2184696791468346e-07,0.0,0.0,0.0,1.2184696791468346e-07,-0.9427733421325684,0.8891991376876843,9.827217102050781,8.999999999999999e-08,0.0,0.0,0.0,8.999999999999999e-08,0.0,0.0,0.0,8.999999999999999e-08
1759811057026914880,168768,1759811057022687424,base_link,-0.038898727873417034,-0.020069612764462993,0.032681382831772014,-0.9985069307772305,1.0,0.0,0.0,0.0,1.0,0.0,0.0,0.0,1.0,-0.026791343465447426,0.008137456141412302,0.35284939408302307,1.2184696791468346e-07,0.0,0.0,0.0,1.2184696791468346e-07,0.0,0.0,0.0,1.2184696791468346e-07,-0.8198705911636353,0.8171508312225354,9.839799880981445,8.999999999999999e-08,0.0,0.0,0.0,8.999999999999999e-08,0.0,0.0,0.0,8.999999999999999e-08
1759811057034376512,168769,1759811057028687424,base_link,-0.03879667454810397,-0.01995547909869549,0.03234614679871636,-0.998524126691423,1.0,0.0,0.0,0.0,1.0,0.0,0.0,0.0,1.0,-0.020879974588751793,-0.02793443016707895,0.1773695945739746,1.2184696791468346e-07,0.0,0.0,0.0,1.2184696791468346e-07,0.0,0.0,0.0,1.2184696791468346e-07,-0.5828908681869507,0.039304144680501224,9.759958267211914,8.999999999999999e-08,0.0,0.0,0.0,8.999999999999999e-08,0.0,0.0,0.0,8.999999999999999e-08
1759811057043794784,168770,1759811057038687424,base_link,-0.03868514476732103,-0.02020152581485701,0.033740322400608196,-0.9984773858364244,1.0,0.0,0.0,0.0,1.0,0.0,0.0,0.0,1.0,-0.03942520543932915,0.04282636195421215,-0.3302402198314667,1.2184696791468346e-07,0.0,0.0,0.0,1.2184696791468346e-07,0.0,0.0,0.0,1.2184696791468346e-07,-0.6656271815299988,0.20522147417068598,9.563263893127441,8.999999999999999e-08,0.0,0.0,0.0,8.999999999999999e-08,0.0,0.0,0.0,8.999999999999999e-08
1759811057048868032,168771,1759811057043687424,base_link,-0.03858654484940782,-0.020398744089929643,0.03476491228790804,-0.9984419824836752,1.0,0.0,0.0,0.0,1.0,0.0,0.0,0.0,1.0,-0.04531675577163696,0.07488111406564707,-0.40359950065612793,1.2184696791468346e-07,0.0,0.0,0.0,1.2184696791468346e-07,0.0,0.0,0.0,1.2184696791468346e-07,-0.13675379753112793,1.3373452425003063,9.368807792663574,8.999999999999999e-08,0.0,0.0,0.0,8.999999999999999e-08,0.0,0.0,0.0,8.999999999999999e-08
1759811057056757472,168772,1759811057049687424,base_link,-0.0382727767087679,-0.020709372290355504,0.035400107441815744,-0.9984253344785134,1.0,0.0,0.0,0.0,1.0,0.0,0.0,0.0,1.0,-0.04329163208603859,0.08913948386907575,-0.18278339505195618,1.2184696791468346e-07,0.0,0.0,0.0,1.2184696791468346e-07,0.0,0.0,0.0,1.2184696791468346e-07,0.1878579556941986,2.465499877929689,9.761472702026367,8.999999999999999e-08,0.0,0.0,0.0,8.999999999999999e-08,0.0,0.0,0.0,8.999999999999999e-08
1759811057063843008,168773,1759811057059685632,base_link,-0.03816553076000939,-0.020990874384282304,0.03452463310454744,-0.9984542472165919,1.0,0.0,0.0,0.0,1.0,0.0,0.0,0.0,1.0,-0.04941333085298538,0.05618688836693766,0.16887107491493225,1.2184696791468346e-07,0.0,0.0,0.0,1.2184696791468346e-07,0.0,0.0,0.0,1.2184696791468346e-07,-0.502225399017334,0.6870195865631116,9.567131042480469,8.999999999999999e-08,0.0,0.0,0.0,8.999999999999999e-08,0.0,0.0,0.0,8.999999999999999e-08
1759811057069684320,168774,1759811057064685632,base_link,-0.03798047185073215,-0.020973644225775447,0.03353051538872095,-0.998495593274981,1.0,0.0,0.0,0.0,1.0,0.0,0.0,0.0,1.0,-0.05540526658296585,0.027015915140509647,0.33362090587615967,1.2184696791468346e-07,0.0,0.0,0.0,1.2184696791468346e-07,0.0,0.0,0.0,1.2184696791468346e-07,-0.9770570993423462,0.7879136204719556,10.383650779724121,8.999999999999999e-08,0.0,0.0,0.0,8.999999999999999e-08,0.0,0.0,0.0,8.999999999999999e-08
1759811057078824256,168775,1759811057075685632,base_link,-0.03786712975546325,-0.020407068092510545,0.03200817122050747,-0.9985615109460522,1.0,0.0,0.0,0.0,1.0,0.0,0.0,0.0,1.0,-0.03342980891466141,-0.08609030395746227,0.30728310346603394,1.2184696791468346e-07,0.0,0.0,0.0,1.2184696791468346e-07,0.0,0.0,0.0,1.2184696791468346e-07,-0.5947683453559875,0.0941332131624234,9.977343559265137,8.999999999999999e-08,0.0,0.0,0.0,8.999999999999999e-08,0.0,0.0,0.0,8.999999999999999e-08
1759811057087766880,168776,1759811057080685632,base_link,-0.037882681942563765,-0.02008908592556404,0.03204593479677325,-0.9985662313930853,1.0,0.0,0.0,0.0,1.0,0.0,0.0,0.0,1.0,-0.008917351253330708,-0.11976975947618483,0.11331798136234285,1.2184696791468346e-07,0.0,0.0,0.0,1.2184696791468346e-07,0.0,0.0,0.0,1.2184696791468346e-07,-0.9473007321357727,-0.6653916835784901,9.224265098571777,8.999999999999999e-08,0.0,0.0,0.0,8.999999999999999e-08,0.0,0.0,0.0,8.999999999999999e-08
1759811057095721984,168777,1759811057091685632,base_link,-0.037638531176040727,-0.02003733420540422,0.033961972676926994,-0.9985131685108102,1.0,0.0,0.0,0.0,1.0,0.0,0.0,0.0,1.0,-0.0470295287668705,-0.019224395975470595,-0.4190114736557007,1.2184696791468346e-07,0.0,0.0,0.0,1.2184696791468346e-07,0.0,0.0,0.0,1.2184696791468346e-07,-1.238034725189209,-0.8381253480911243,9.821243286132812,8.999999999999999e-08,0.0,0.0,0.0,8.999999999999999e-08,0.0,0.0,0.0,8.999999999999999e-08
1759811057101199904,168778,1759811057096685632,base_link,-0.0375835782710276,-0.02000677115478874,0.035112160172789314,-0.9984760792841206,1.0,0.0,0.0,0.0,1.0,0.0,0.0,0.0,1.0,-0.042552389204502106,0.011399194598197887,-0.41625282168388367,1.2184696791468346e-07,0.0,0.0,0.0,1.2184696791468346e-07,0.0,0.0,0.0,1.2184696791468346e-07,-1.2909877300262451,0.9405270814895641,9.04769515991211,8.999999999999999e-08,0.0,0.0,0.0,8.999999999999999e-08,0.0,0.0,0.0,8.999999999999999e-08
1759811057109943040,168779,1759811057105685632,base_link,-0.03730962046298426,-0.020097253194552044,0.03554905440445321,-0.9984690829072678,1.0,0.0,0.0,0.0,1.0,0.0,0.0,0.0,1.0,-0.05263881757855415,-0.013249972835183157,-0.11903634667396545,1.2184696791468346e-07,0.0,0.0,0.0,1.2184696791468346e-07,0.0,0.0,0.0,1.2184696791468346e-07,0.14854034781455994,1.8473567962646498,10.21122932434082,8.999999999999999e-08,0.0,0.0,0.0,8.999999999999999e-08,0.0,0.0,0.0,8.999999999999999e-08
1759811057117999200,168780,1759811057107685632,base_link,-0.03717019210266514,-0.019999394797754828,0.035308058724667905,-0.9984847615349138,1.0,0.0,0.0,0.0,1.0,0.0,0.0,0.0,1.0,-0.05921938642859459,-0.04855601489543912,0.25156158208847046,1.2184696791468346e-07,0.0,0.0,0.0,1.2184696791468346e-07,0.0,0.0,0.0,1.2184696791468346e-07,-0.1895412802696228,1.5452202558517467,9.13648796081543,8.999999999999999e-08,0.0,0.0,0.0,8.999999999999999e-08,0.0,0.0,0.0,8.999999999999999e-08
1759811057120878400,168781,1759811057116685632,base_link,-0.03698987010403381,-0.019841066868601112,0.03450377041453453,-0.9985227358454221,1.0,0.0,0.0,0.0,1.0,0.0,0.0,0.0,1.0,-0.06716962158679962,-0.0836848989129066,0.30622127652168274,1.2184696791468346e-07,0.0,0.0,0.0,1.2184696791468346e-07,0.0,0.0,0.0,1.2184696791468346e-07,-0.7293425798416138,0.6573104262352002,10.211849212646484,8.999999999999999e-08,0.0,0.0,0.0,8.999999999999999e-08,0.0,0.0,0.0,8.999999999999999e-08
1759811057129109856,168782,1759811057123685632,base_link,-0.03678614738485583,-0.01898395341075989,0.032799225420208446,-0.9986043742909877,1.0,0.0,0.0,0.0,1.0,0.0,0.0,0.0,1.0,-0.04089201241731644,-0.15260843932628626,0.3558272421360016,1.2184696791468346e-07,0.0,0.0,0.0,1.2184696791468346e-07,0.0,0.0,0.0,1.2184696791468346e-07,-0.485910028219223,0.11731174588203552,9.994396209716797,8.999999999999999e-08,0.0,0.0,0.0,8.999999999999999e-08,0.0,0.0,0.0,8.999999999999999e-08
1759811057137108640,168783,1759811057133685632,base_link,-0.03664043321720802,-0.01821670361938897,0.03287698635571106,-0.9986214437646347,1.0,0.0,0.0,0.0,1.0,0.0,0.0,0.0,1.0,-0.01970640756189823,-0.15641435980796814,-0.009577765129506569,1.2184696791468346e-07,0.0,0.0,0.0,1.2184696791468346e-07,0.0,0.0,0.0,1.2184696791468346e-07,-0.6502891182899475,-0.1877819001674641,9.082347869873047,8.999999999999999e-08,0.0,0.0,0.0,8.999999999999999e-08,0.0,0.0,0.0,8.999999999999999e-08
1759811057142922944,168784,1759811057139685632,base_link,-0.03658378456008684,-0.01800791142458854,0.03382103361550657,-0.9985957763338915,1.0,0.0,0.0,0.0,1.0,0.0,0.0,0.0,1.0,-0.013385501690208912,-0.10903003066778187,-0.3121306300163269,1.2184696791468346e-07,0.0,0.0,0.0,1.2184696791468346e-07,0.0,0.0,0.0,1.2184696791468346e-07,-1.118316650390625,-0.8604803085327136,9.56882381439209,8.999999999999999e-08,0.0,0.0,0.0,8.999999999999999e-08,0.0,0.0,0.0,8.999999999999999e-08
1759811057154053056,168785,1759811057144685632,base_link,-0.036489758892326085,-0.017974237409717354,0.035208128546848586,-0.9985519014645916,1.0,0.0,0.0,0.0,1.0,0.0,0.0,0.0,1.0,0.0106288967654109,-0.028433574363589346,-0.4783172011375427,1.2184696791468346e-07,0.0,0.0,0.0,1.2184696791468346e-07,0.0,0.0,0.0,1.2184696791468346e-07,-0.9080471396446228,0.9413946866989147,9.248795509338379,8.999999999999999e-08,0.0,0.0,0.0,8.999999999999999e-08,0.0,0.0,0.0,8.999999999999999e-08
1759811057158010112,168786,1759811057154685632,base_link,-0.03643915699087721,-0.017887092873520506,0.036403961079648224,-0.998512409867537,1.0,0.0,0.0,0.0,1.0,0.0,0.0,0.0,1.0,-0.012528021819889545,-0.01541052758693698,-0.24111370742321014,1.2184696791468346e-07,0.0,0.0,0.0,1.2184696791468346e-07,0.0,0.0,0.0,1.2184696791468346e-07,0.6554787755012512,1.639387130737306,10.206706047058105,8.999999999999999e-08,0.0,0.0,0.0,8.999999999999999e-08,0.0,0.0,0.0,8.999999999999999e-08
1759811057166869888,168787,1759811057160689216,base_link,-0.036275022674796605,-0.01787043301455756,0.03594974449324627,-0.9985351270188844,1.0,0.0,0.0,0.0,1.0,0.0,0.0,0.0,1.0,-0.05060065910220146,-0.022755876183509792,0.27588701248168945,1.2184696791468346e-07,0.0,0.0,0.0,1.2184696791468346e-07,0.0,0.0,0.0,1.2184696791468346e-07,0.9759083390235901,2.440762758255006,10.258099555969238,8.999999999999999e-08,0.0,0.0,0.0,8.999999999999999e-08,0.0,0.0,0.0,8.999999999999999e-08
1759811057172938368,168788,1759811057169689216,base_link,-0.036290296297570246,-0.01763872478796835,0.034755007778508006,-0.9985810249369127,1.0,0.0,0.0,0.0,1.0,0.0,0.0,0.0,1.0,-0.03649787977337837,-0.07278145104646677,0.3971595764160156,1.2184696791468346e-07,0.0,0.0,0.0,1.2184696791468346e-07,0.0,0.0,0.0,1.2184696791468346e-07,-0.08796274662017822,1.6921550035476696,9.267428398132324,8.999999999999999e-08,0.0,0.0,0.0,8.999999999999999e-08,0.0,0.0,0.0,8.999999999999999e-08
1759811057178025184,168789,1759811057170689216,base_link,-0.03603927361910641,-0.01735959806408184,0.033906928892771776,-0.9986241833097879,1.0,0.0,0.0,0.0,1.0,0.0,0.0,0.0,1.0,-0.029731132090091705,-0.11908002197742458,0.34971654415130615,1.2184696791468346e-07,0.0,0.0,0.0,1.2184696791468346e-07,0.0,0.0,0.0,1.2184696791468346e-07,-0.9973993897438049,0.24552248418331274,10.337794303894043,8.999999999999999e-08,0.0,0.0,0.0,8.999999999999999e-08,0.0,0.0,0.0,8.999999999999999e-08
1759811057187024224,168790,1759811057181689216,base_link,-0.03608593544876403,-0.016810714387568405,0.03290248519906014,-0.9986654872213285,1.0,0.0,0.0,0.0,1.0,0.0,0.0,0.0,1.0,0.002870171330869198,-0.07710493355989455,0.06719870120286943,1.2184696791468346e-07,0.0,0.0,0.0,1.2184696791468346e-07,0.0,0.0,0.0,1.2184696791468346e-07,-0.3333898186683655,-0.17740692198276414,8.661049842834473,8.999999999999999e-08,0.0,0.0,0.0,8.999999999999999e-08,0.0,0.0,0.0,8.999999999999999e-08
1759811057196826752,168791,1759811057186689216,base_link,-0.03610045701370956,-0.016592207344186215,0.03349456412694119,-0.9986488813630152,1.0,0.0,0.0,0.0,1.0,0.0,0.0,0.0,1.0,0.028682591393589973,-0.04050807282328609,-0.25728070735931396,1.2184696791468346e-07,0.0,0.0,0.0,1.2184696791468346e-07,0.0,0.0,0.0,1.2184696791468346e-07,-0.8485276699066162,-0.6450859308242786,10.131035804748535,8.999999999999999e-08,0.0,0.0,0.0,8.999999999999999e-08,0.0,0.0,0.0,8.999999999999999e-08
1759811057204098528,168792,1759811057197689216,base_link,-0.036129800439896255,-0.016843551392369947,0.03584833917572911,-0.9985619324145373,1.0,0.0,0.0,0.0,1.0,0.0,0.0,0.0,1.0,0.010257690213620663,0.04271544143557543,-0.47158724069595337,1.2184696791468346e-07,0.0,0.0,0.0,1.2184696791468346e-07,0.0,0.0,0.0,1.2184696791468346e-07,-0.6403818130493164,-0.7312362194061267,10.283143997192383,8.999999999999999e-08,0.0,0.0,0.0,8.999999999999999e-08,0.0,0.0,0.0,8.999999999999999e-08
1759811057210756640,168793,1759811057206689216,base_link,-0.03605906683283834,-0.01714791024907981,0.036486442462184,-0.9985362228369457,1.0,0.0,0.0,0.0,1.0,0.0,0.0,0.0,1.0,0.008507609367370605,0.09154166281223294,-0.19280514121055603,1.2184696791468346e-07,0.0,0.0,0.0,1.2184696791468346e-07,0.0,0.0,0.0,1.2184696791468346e-07,1.011169672012329,2.0113687515258802,9.803596496582031,8.999999999999999e-08,0.0,0.0,0.0,8.999999999999999e-08,0.0,0.0,0.0,8.999999999999999e-08
1759811057217816928,168794,1759811057213689216,base_link,-0.035984113272573275,-0.017501227938691143,0.03566601190907098,-0.9985624381767194,1.0,0.0,0.0,0.0,1.0,0.0,0.0,0.0,1.0,-0.03691425547003746,0.06269803643226626,0.2337958812713623,1.2184696791468346e-07,0.0,0.0,0.0,1.2184696791468346e-07,0.0,0.0,0.0,1.2184696791468346e-07,-0.30357784032821655,1.221728801727296,9.805248260498047,8.999999999999999e-08,0.0,0.0,0.0,8.999999999999999e-08,0.0,0.0,0.0,8.999999999999999e-08
1759811057224190432,168795,1759811057218689216,base_link,-0.03597249391327442,-0.01757355456491387,0.03457221689651624,-0.9986000331655911,1.0,0.0,0.0,0.0,1.0,0.0,0.0,0.0,1.0,-0.02732604183256626,0.03912076726555829,0.3884398937225342,1.2184696791468346e-07,0.0,0.0,0.0,1.2184696791468346e-07,0.0,0.0,0.0,1.2184696791468346e-07,-0.5657830238342285,-0.11076255142688628,10.137205123901367,8.999999999999999e-08,0.0,0.0,0.0,8.999999999999999e-08,0.0,0.0,0.0,8.999999999999999e-08
1759811057235472192,168796,1759811057229689216,base_link,-0.03600906091416918,-0.017351399184957456,0.03302155004610342,-0.9986550769497463,1.0,0.0,0.0,0.0,1.0,0.0,0.0,0.0,1.0,0.0030264481902122498,-0.027377553284168205,0.31349048018455505,1.2184696791468346e-07,0.0,0.0,0.0,1.2184696791468346e-07,0.0,0.0,0.0,1.2184696791468346e-07,-0.1299540251493454,0.34777566790580866,9.73271369934082,8.999999999999999e-08,0.0,0.0,0.0,8.999999999999999e-08,0.0,0.0,0.0,8.999999999999999e-08
1759811057242181600,168797,1759811057234689216,base_link,-0.036184362828016146,-0.017339210843203712,0.03295769757060941,-0.9986510729991378,1.0,0.0,0.0,0.0,1.0,0.0,0.0,0.0,1.0,0.042071904987096786,-0.017464004456996907,0.07691974937915802,1.2184696791468346e-07,0.0,0.0,0.0,1.2184696791468346e-07,0.0,0.0,0.0,1.2184696791468346e-07,-0.4394303262233734,-1.29814052581787,9.236882209777832,8.999999999999999e-08,0.0,0.0,0.0,8.999999999999999e-08,0.0,0.0,0.0,8.999999999999999e-08
1759811057247797152,168798,1759811057244689216,base_link,-0.03637928212421141,-0.01777214261256311,0.03520125861054131,-0.9985597829252632,1.0,0.0,0.0,0.0,1.0,0.0,0.0,0.0,1.0,0.03855340555310249,0.06681203097105021,-0.43897563219070435,1.2184696791468346e-07,0.0,0.0,0.0,1.2184696791468346e-07,0.0,0.0,0.0,1.2184696791468346e-07,-0.9444733262062073,-1.116472005844115,9.4510498046875,8.999999999999999e-08,0.0,0.0,0.0,8.999999999999999e-08,0.0,0.0,0.0,8.999999999999999e-08
1759811057257013856,168799,1759811057250689216,base_link,-0.036398161278166266,-0.018182529110691716,0.03649487183188622,-0.9985052870501386,1.0,0.0,0.0,0.0,1.0,0.0,0.0,0.0,1.0,0.010976453311741352,0.1471233814954757,-0.49296095967292786,1.2184696791468346e-07,0.0,0.0,0.0,1.2184696791468346e-07,0.0,0.0,0.0,1.2184696791468346e-07,0.22249135375022888,2.3893554210662855,9.752535820007324,8.999999999999999e-08,0.0,0.0,0.0,8.999999999999999e-08,0.0,0.0,0.0,8.999999999999999e-08
1759811057262856224,168800,1759811057255688192,base_link,-0.036496892246436555,-0.018725394348946697,0.037086192116494034,-0.9984698836973894,1.0,0.0,0.0,0.0,1.0,0.0,0.0,0.0,1.0,-0.0005872022011317313,0.14393332600593564,-0.16266010701656344,1.2184696791468346e-07,0.0,0.0,0.0,1.2184696791468346e-07,0.0,0.0,0.0,1.2184696791468346e-07,0.9735986590385437,2.7699165344238295,9.695961952209473,8.999999999999999e-08,0.0,0.0,0.0,8.999999999999999e-08,0.0,0.0,0.0,8.999999999999999e-08
1759811057270229152,168801,1759811057265688192,base_link,-0.03634265848848897,-0.019319614863567695,0.03627140924108146,-0.9984940759884348,1.0,0.0,0.0,0.0,1.0,0.0,0.0,0.0,1.0,-0.03458159789443016,0.11279524117708209,0.20926669239997864,1.2184696791468346e-07,0.0,0.0,0.0,1.2184696791468346e-07,0.0,0.0,0.0,1.2184696791468346e-07,-0.5177571177482605,0.9446030855178845,10.103551864624023,8.999999999999999e-08,0.0,0.0,0.0,8.999999999999999e-08,0.0,0.0,0.0,8.999999999999999e-08
1759811057276908992,168802,1759811057271688192,base_link,-0.036508510288646386,-0.01933812391550906,0.035449208520330934,-0.9985171724614187,1.0,0.0,0.0,0.0,1.0,0.0,0.0,0.0,1.0,0.02803257293999195,0.0500513538718224,0.3205336630344391,1.2184696791468346e-07,0.0,0.0,0.0,1.2184696791468346e-07,0.0,0.0,0.0,1.2184696791468346e-07,-0.7925914525985718,0.3000391721725476,9.793671607971191,8.999999999999999e-08,0.0,0.0,0.0,8.999999999999999e-08,0.0,0.0,0.0,8.999999999999999e-08
1759811057288251136,168803,1759811057281688192,base_link,-0.03687791885476577,-0.019153971822019313,0.034107842919623224,-0.9985539245133201,1.0,0.0,0.0,0.0,1.0,0.0,0.0,0.0,1.0,0.0799858495593071,-0.035074986517429324,0.24238689243793488,1.2184696791468346e-07,0.0,0.0,0.0,1.2184696791468346e-07,0.0,0.0,0.0,1.2184696791468346e-07,-0.5088666677474976,-0.17087563872337233,8.935766220092773,8.999999999999999e-08,0.0,0.0,0.0,8.999999999999999e-08,0.0,0.0,0.0,8.999999999999999e-08
1759811057293018112,168804,1759811057287688192,base_link,-0.03707964420845103,-0.019215300754958725,0.034302729947137595,-0.9985385830604623,1.0,0.0,0.0,0.0,1.0,0.0,0.0,0.0,1.0,0.07400085031986237,-0.002083758125081664,-0.04452691599726677,1.2184696791468346e-07,0.0,0.0,0.0,1.2184696791468346e-07,0.0,0.0,0.0,1.2184696791468346e-07,-0.785110354423523,-1.4566375017166127,9.16451644897461,8.999999999999999e-08,0.0,0.0,0.0,8.999999999999999e-08,0.0,0.0,0.0,8.999999999999999e-08
1759811057299885536,168805,1759811057292688192,base_link,-0.03741252594489065,-0.019232964894296347,0.03500152469544818,-0.9985015781274696,1.0,0.0,0.0,0.0,1.0,0.0,0.0,0.0,1.0,0.06082402542233467,0.04205961525440212,-0.3558424115180969,1.2184696791468346e-07,0.0,0.0,0.0,1.2184696791468346e-07,0.0,0.0,0.0,1.2184696791468346e-07,-1.0944228172302246,-0.8790633678436266,10.520833015441895,8.999999999999999e-08,0.0,0.0,0.0,8.999999999999999e-08,0.0,0.0,0.0,8.999999999999999e-08
1759811057305823072,168806,1759811057297688192,base_link,-0.0373332180883388,-0.01954312157685449,0.03633176352814902,-0.9984510019092566,1.0,0.0,0.0,0.0,1.0,0.0,0.0,0.0,1.0,0.046163685619831085,0.07698784023523325,-0.4606744945049286,1.2184696791468346e-07,0.0,0.0,0.0,1.2184696791468346e-07,0.0,0.0,0.0,1.2184696791468346e-07,-1.1312315464019775,0.6211493015289318,9.148029327392578,8.999999999999999e-08,0.0,0.0,0.0,8.999999999999999e-08,0.0,0.0,0.0,8.999999999999999e-08
1759811057317990112,168807,1759811057308688192,base_link,-0.03762248508055922,-0.020090142889499354,0.03775999378363773,-0.9983762755468468,1.0,0.0,0.0,0.0,1.0,0.0,0.0,0.0,1.0,0.044479791074991226,0.09773349016904828,-0.2278072088956833,1.2184696791468346e-07,0.0,0.0,0.0,1.2184696791468346e-07,0.0,0.0,0.0,1.2184696791468346e-07,0.7279313206672668,2.04296112060547,10.368965148925781,8.999999999999999e-08,0.0,0.0,0.0,8.999999999999999e-08,0.0,0.0,0.0,8.999999999999999e-08
1759811057322032352,168808,1759811057317688192,base_link,-0.037676861759127864,-0.020242891629581435,0.037561861448788,-0.9983785936235149,1.0,0.0,0.0,0.0,1.0,0.0,0.0,0.0,1.0,-0.005300577729940414,0.05970109999179842,0.15661422908306122,1.2184696791468346e-07,0.0,0.0,0.0,1.2184696791468346e-07,0.0,0.0,0.0,1.2184696791468346e-07,0.32927918434143066,1.5628488063812267,9.72101879119873,8.999999999999999e-08,0.0,0.0,0.0,8.999999999999999e-08,0.0,0.0,0.0,8.999999999999999e-08
1759811057329789760,168809,1759811057324688192,base_link,-0.037903151481505394,-0.020104636137031038,0.03565973202864281,-0.9984426146864029,1.0,0.0,0.0,0.0,1.0,0.0,0.0,0.0,1.0,0.037850551307201385,-0.022033493965864133,0.3855368494987488,1.2184696791468346e-07,0.0,0.0,0.0,1.2184696791468346e-07,0.0,0.0,0.0,1.2184696791468346e-07,-1.2270410060882568,0.6169799566268933,9.648883819580078,8.999999999999999e-08,0.0,0.0,0.0,8.999999999999999e-08,0.0,0.0,0.0,8.999999999999999e-08
1759811057332913216,168810,1759811057329688192,base_link,-0.03811962296381341,-0.01975549164396679,0.03475972822554123,-0.9984730447110278,1.0,0.0,0.0,0.0,1.0,0.0,0.0,0.0,1.0,0.06548319011926651,-0.07234945148229595,0.38627901673316956,1.2184696791468346e-07,0.0,0.0,0.0,1.2184696791468346e-07,0.0,0.0,0.0,1.2184696791468346e-07,-1.173404335975647,0.5844319462776196,10.38573932647705,8.999999999999999e-08,0.0,0.0,0.0,8.999999999999999e-08,0.0,0.0,0.0,8.999999999999999e-08
1759811057339807072,168811,1759811057334688192,base_link,-0.038246276877766675,-0.019504941800459686,0.0342013667764689,-0.9984924322613428,1.0,0.0,0.0,0.0,1.0,0.0,0.0,0.0,1.0,0.0600423701107502,-0.10168167948722837,0.24892325699329376,1.2184696791468346e-07,0.0,0.0,0.0,1.2184696791468346e-07,0.0,0.0,0.0,1.2184696791468346e-07,-0.7267635464668274,-0.6271730661392201,9.472519874572754,8.999999999999999e-08,0.0,0.0,0.0,8.999999999999999e-08,0.0,0.0,0.0,8.999999999999999e-08
1759811057350635968,168812,1759811057345688192,base_link,-0.03855396270133087,-0.019214873359573045,0.035311767647336914,-0.9984475880145272,1.0,0.0,0.0,0.0,1.0,0.0,0.0,0.0,1.0,0.0648462250828743,-0.05838350579142573,-0.20312350988388062,1.2184696791468346e-07,0.0,0.0,0.0,1.2184696791468346e-07,0.0,0.0,0.0,1.2184696791468346e-07,-1.1327447891235352,-0.8000477552413928,10.131368637084961,8.999999999999999e-08,0.0,0.0,0.0,8.999999999999999e-08,0.0,0.0,0.0,8.999999999999999e-08
1759811057368164448,168813,1759811057361686912,base_link,-0.03907677394222876,-0.019425001082635663,0.03770908039063653,-0.9983354773974882,1.0,0.0,0.0,0.0,1.0,0.0,0.0,0.0,1.0,0.08556994795799255,0.029094181954860656,-0.24926671385765076,1.2184696791468346e-07,0.0,0.0,0.0,1.2184696791468346e-07,0.0,0.0,0.0,1.2184696791468346e-07,0.8225968480110168,1.7728365659713758,10.86298942565918,8.999999999999999e-08,0.0,0.0,0.0,8.999999999999999e-08,0.0,0.0,0.0,8.999999999999999e-08
1759811057377047360,168814,1759811057371686912,base_link,-0.03928830963344945,-0.01899607721515185,0.03683575554264233,-0.9983680569113872,1.0,0.0,0.0,0.0,1.0,0.0,0.0,0.0,1.0,0.05506322160363197,-0.0754851549863815,0.24034717679023743,1.2184696791468346e-07,0.0,0.0,0.0,1.2184696791468346e-07,0.0,0.0,0.0,1.2184696791468346e-07,-0.8503962755203247,1.2550933361053478,9.60325813293457,8.999999999999999e-08,0.0,0.0,0.0,8.999999999999999e-08,0.0,0.0,0.0,8.999999999999999e-08
1759811057383132640,168815,1759811057377686912,base_link,-0.0395361989571443,-0.018860872759306934,0.03598114389538691,-0.9983920384681898,1.0,0.0,0.0,0.0,1.0,0.0,0.0,0.0,1.0,0.0692346915602684,-0.07511193305253978,0.34255895018577576,1.2184696791468346e-07,0.0,0.0,0.0,1.2184696791468346e-07,0.0,0.0,0.0,1.2184696791468346e-07,-1.141452431678772,1.1008899211883556,9.436460494995117,8.999999999999999e-08,0.0,0.0,0.0,8.999999999999999e-08,0.0,0.0,0.0,8.999999999999999e-08
1759811057397065696,168816,1759811057387686912,base_link,-0.04002995323871648,-0.018148666093546734,0.03446529034184409,-0.998438990057431,1.0,0.0,0.0,0.0,1.0,0.0,0.0,0.0,1.0,0.08465786278247833,-0.10735731571912763,0.25528040528297424,1.2184696791468346e-07,0.0,0.0,0.0,1.2184696791468346e-07,0.0,0.0,0.0,1.2184696791468346e-07,-0.37783047556877136,-0.462484151124953,9.977338790893555,8.999999999999999e-08,0.0,0.0,0.0,8.999999999999999e-08,0.0,0.0,0.0,8.999999999999999e-08
1759811057402630400,168817,1759811057398686912,base_link,-0.04044091793892309,-0.01784256802079129,0.03559786045502884,-0.9983882452518238,1.0,0.0,0.0,0.0,1.0,0.0,0.0,0.0,1.0,0.10160358995199203,-0.06529632955789569,-0.20020824670791626,1.2184696791468346e-07,0.0,0.0,0.0,1.2184696791468346e-07,0.0,0.0,0.0,1.2184696791468346e-07,-1.395808219909668,-0.6654922366142261,9.825966835021973,8.999999999999999e-08,0.0,0.0,0.0,8.999999999999999e-08,0.0,0.0,0.0,8.999999999999999e-08
1759811057413953568,168818,1759811057408686912,base_link,-0.040767583673751856,-0.01794387192245427,0.0379580839716389,-0.9982861655847305,1.0,0.0,0.0,0.0,1.0,0.0,0.0,0.0,1.0,0.08028446137905121,0.00801607500761742,-0.433366060256958,1.2184696791468346e-07,0.0,0.0,0.0,1.2184696791468346e-07,0.0,0.0,0.0,1.2184696791468346e-07,0.7294530868530273,2.2230629920959486,9.477907180786133,8.999999999999999e-08,0.0,0.0,0.0,8.999999999999999e-08,0.0,0.0,0.0,8.999999999999999e-08
1759811057423149280,168819,1759811057419686912,base_link,-0.040959777254228585,-0.018043977273112723,0.0380014530787566,-0.998274828082481,1.0,0.0,0.0,0.0,1.0,0.0,0.0,0.0,1.0,0.02438177913427353,0.012867672368884085,-0.012855917215347292,1.2184696791468346e-07,0.0,0.0,0.0,1.2184696791468346e-07,0.0,0.0,0.0,1.2184696791468346e-07,-0.04737018793821335,1.4707835912704479,9.346961975097656,8.999999999999999e-08,0.0,0.0,0.0,8.999999999999999e-08,0.0,0.0,0.0,8.999999999999999e-08
1759811057437556736,168820,1759811057424686912,base_link,-0.04108232975298614,-0.01792678796082818,0.0371253886856092,-0.9983048366386208,1.0,0.0,0.0,0.0,1.0,0.0,0.0,0.0,1.0,0.019927948713302612,-0.009064779616892303,0.2879803776741028,1.2184696791468346e-07,0.0,0.0,0.0,1.2184696791468346e-07,0.0,0.0,0.0,1.2184696791468346e-07,-0.32181981205940247,1.3168842792510997,9.835330963134766,8.999999999999999e-08,0.0,0.0,0.0,8.999999999999999e-08,0.0,0.0,0.0,8.999999999999999e-08
1759811057439891936,168821,1759811057435686912,base_link,-0.041310062346380655,-0.017623317480659585,0.03512071598303702,-0.9983734517079965,1.0,0.0,0.0,0.0,1.0,0.0,0.0,0.0,1.0,0.036664191633462906,-0.04839943349361415,0.3933373689651489,1.2184696791468346e-07,0.0,0.0,0.0,1.2184696791468346e-07,0.0,0.0,0.0,1.2184696791468346e-07,-0.4348234534263611,0.4943463802337658,9.352168083190918,8.999999999999999e-08,0.0,0.0,0.0,8.999999999999999e-08,0.0,0.0,0.0,8.999999999999999e-08
1759811057447135552,168822,1759811057440686912,base_link,-0.041656866372263526,-0.01744283018735676,0.03470569596575026,-0.9983766970153318,1.0,0.0,0.0,0.0,1.0,0.0,0.0,0.0,1.0,0.0607336051762104,-0.05513079836964606,0.14026211202144623,1.2184696791468346e-07,0.0,0.0,0.0,1.2184696791468346e-07,0.0,0.0,0.0,1.2184696791468346e-07,-0.5973508358001709,-1.0222084522247303,9.556532859802246,8.999999999999999e-08,0.0,0.0,0.0,8.999999999999999e-08,0.0,0.0,0.0,8.999999999999999e-08
1759811057453110240,168823,1759811057445686912,base_link,-0.04192725157635107,-0.017482413980642587,0.03507287930997716,-0.9983518303747104,1.0,0.0,0.0,0.0,1.0,0.0,0.0,0.0,1.0,0.11333519965410233,-0.030183769762516046,-0.21170878410339355,1.2184696791468346e-07,0.0,0.0,0.0,1.2184696791468346e-07,0.0,0.0,0.0,1.2184696791468346e-07,-0.9599653482437134,-0.484342724084853,8.893774032592773,8.999999999999999e-08,0.0,0.0,0.0,8.999999999999999e-08,0.0,0.0,0.0,8.999999999999999e-08
1759811057457866432,168824,1759811057451686912,base_link,-0.042057314116677666,-0.01742517592618676,0.036172448440777834,-0.9983081240928047,1.0,0.0,0.0,0.0,1.0,0.0,0.0,0.0,1.0,0.07482849061489105,0.02066545933485026,-0.43404194712638855,1.2184696791468346e-07,0.0,0.0,0.0,1.2184696791468346e-07,0.0,0.0,0.0,1.2184696791468346e-07,-0.7699669003486633,-0.253058850765227,10.404976844787598,8.999999999999999e-08,0.0,0.0,0.0,8.999999999999999e-08,0.0,0.0,0.0,8.999999999999999e-08
1759811057468123296,168825,1759811057461685120,base_link,-0.042360738498730705,-0.0178704692345055,0.038116050359857746,-0.9982151059981411,1.0,0.0,0.0,0.0,1.0,0.0,0.0,0.0,1.0,0.06288411468267441,0.07854376733303066,-0.3037705421447754,1.2184696791468346e-07,0.0,0.0,0.0,1.2184696791468346e-07,0.0,0.0,0.0,1.2184696791468346e-07,0.16358068585395813,1.9920749664306652,9.137228965759277,8.999999999999999e-08,0.0,0.0,0.0,8.999999999999999e-08,0.0,0.0,0.0,8.999999999999999e-08
1759811057478902272,168826,1759811057472685120,base_link,-0.0424412956142142,-0.018186034543107705,0.03792398717119357,-0.9982132936836551,1.0,0.0,0.0,0.0,1.0,0.0,0.0,0.0,1.0,-0.005414204206317663,0.06527499854564668,0.1078648343682289,1.2184696791468346e-07,0.0,0.0,0.0,1.2184696791468346e-07,0.0,0.0,0.0,1.2184696791468346e-07,0.2734323740005493,2.118008136749269,9.536850929260254,8.999999999999999e-08,0.0,0.0,0.0,8.999999999999999e-08,0.0,0.0,0.0,8.999999999999999e-08
1759811057490136832,168827,1759811057477685120,base_link,-0.04249032293574449,-0.018173880445668377,0.03695283948780558,-0.9982478540994341,1.0,0.0,0.0,0.0,1.0,0.0,0.0,0.0,1.0,-0.001497321529313922,0.036909103393554736,0.37028446793556213,1.2184696791468346e-07,0.0,0.0,0.0,1.2184696791468346e-07,0.0,0.0,0.0,1.2184696791468346e-07,-0.17375504970550537,1.5219222307205214,10.002930641174316,8.999999999999999e-08,0.0,0.0,0.0,8.999999999999999e-08,0.0,0.0,0.0,8.999999999999999e-08
1759811057493247648,168828,1759811057482685120,base_link,-0.042582762828330026,-0.018167973301431772,0.03593566744584364,-0.9982811501097577,1.0,0.0,0.0,0.0,1.0,0.0,0.0,0.0,1.0,0.049874018877744675,-0.0023579071275889422,0.36667415499687195,1.2184696791468346e-07,0.0,0.0,0.0,1.2184696791468346e-07,0.0,0.0,0.0,1.2184696791468346e-07,-0.6525386571884155,0.628591835498811,10.184026718139648,8.999999999999999e-08,0.0,0.0,0.0,8.999999999999999e-08,0.0,0.0,0.0,8.999999999999999e-08
1759811057499127808,168829,1759811057493685120,base_link,-0.042850883956399126,-0.01799261738693515,0.034654571838506516,-0.9983181550427502,1.0,0.0,0.0,0.0,1.0,0.0,0.0,0.0,1.0,0.0548878014087677,-0.005696496926248054,0.16327641904354095,1.2184696791468346e-07,0.0,0.0,0.0,1.2184696791468346e-07,0.0,0.0,0.0,1.2184696791468346e-07,-0.35791015625,-0.6910038590431202,9.512833595275879,8.999999999999999e-08,0.0,0.0,0.0,8.999999999999999e-08,0.0,0.0,0.0,8.999999999999999e-08
1759811057508159968,168830,1759811057504685120,base_link,-0.043317562839070095,-0.018204787256517023,0.035555840047063476,-0.9982625212027159,1.0,0.0,0.0,0.0,1.0,0.0,0.0,0.0,1.0,0.08352570980787277,0.01587975956499574,-0.19033071398735046,1.2184696791468346e-07,0.0,0.0,0.0,1.2184696791468346e-07,0.0,0.0,0.0,1.2184696791468346e-07,-0.9619348645210266,0.3404545485973369,9.235989570617676,8.999999999999999e-08,0.0,0.0,0.0,8.999999999999999e-08,0.0,0.0,0.0,8.999999999999999e-08
1759811057523979968,168831,1759811057509685120,base_link,-0.04325951345778044,-0.018309493199108243,0.03661966865032697,-0.9982246311859045,1.0,0.0,0.0,0.0,1.0,0.0,0.0,0.0,1.0,0.04068175330758095,0.04693847149610515,-0.36335837841033936,1.2184696791468346e-07,0.0,0.0,0.0,1.2184696791468346e-07,0.0,0.0,0.0,1.2184696791468346e-07,-0.4144611060619354,1.2229441404342665,10.891215324401855,8.999999999999999e-08,0.0,0.0,0.0,8.999999999999999e-08,0.0,0.0,0.0,8.999999999999999e-08
1759811057523987200,168832,1759811057514685120,base_link,-0.043420835788811944,-0.01880068310836633,0.03722839558336981,-0.9981859825258201,1.0,0.0,0.0,0.0,1.0,0.0,0.0,0.0,1.0,0.0020523592829704285,0.09956347197294232,-0.20996315777301788,1.2184696791468346e-07,0.0,0.0,0.0,1.2184696791468346e-07,0.0,0.0,0.0,1.2184696791468346e-07,0.29889968037605286,2.1291027069091806,9.04907512664795,8.999999999999999e-08,0.0,0.0,0.0,8.999999999999999e-08,0.0,0.0,0.0,8.999999999999999e-08
1759811057530681472,168833,1759811057519685120,base_link,-0.043447898016822986,-0.018926503304972492,0.0372801940601897,-0.9981805455823621,1.0,0.0,0.0,0.0,1.0,0.0,0.0,0.0,1.0,-0.003421700093895197,0.09798911958932878,0.059976994991302476,1.2184696791468346e-07,0.0,0.0,0.0,1.2184696791468346e-07,0.0,0.0,0.0,1.2184696791468346e-07,0.26894161105155945,2.539775371551515,9.749369621276855,8.999999999999999e-08,0.0,0.0,0.0,8.999999999999999e-08,0.0,0.0,0.0,8.999999999999999e-08
1759811057535051968,168834,1759811057525685120,base_link,-0.04323950687562792,-0.019140210217435998,0.03663113259312192,-0.9982095426141376,1.0,0.0,0.0,0.0,1.0,0.0,0.0,0.0,1.0,-0.0007096638437360525,0.05295410379767423,0.37382662296295166,1.2184696791468346e-07,0.0,0.0,0.0,1.2184696791468346e-07,0.0,0.0,0.0,1.2184696791468346e-07,-0.014877360314130783,1.3285816907882704,10.171686172485352,8.999999999999999e-08,0.0,0.0,0.0,8.999999999999999e-08,0.0,0.0,0.0,8.999999999999999e-08
1759811057539764736,168835,1759811057535685120,base_link,-0.04347626416295984,-0.01902482531710333,0.034117536694780695,-0.9982905067101271,1.0,0.0,0.0,0.0,1.0,0.0,0.0,0.0,1.0,0.006669248454272747,-0.0032759550958871243,0.4893094599246979,1.2184696791468346e-07,0.0,0.0,0.0,1.2184696791468346e-07,0.0,0.0,0.0,1.2184696791468346e-07,-0.8193707466125488,0.4565847516059888,10.251165390014648,8.999999999999999e-08,0.0,0.0,0.0,8.999999999999999e-08,0.0,0.0,0.0,8.999999999999999e-08
1759811057549633184,168836,1759811057541685120,base_link,-0.04364623318338116,-0.018977092694075725,0.03319608014578701,-0.998315078322809,1.0,0.0,0.0,0.0,1.0,0.0,0.0,0.0,1.0,0.022113053128123283,-0.050946418195962864,0.34132105112075806,1.2184696791468346e-07,0.0,0.0,0.0,1.2184696791468346e-07,0.0,0.0,0.0,1.2184696791468346e-07,-0.3481387495994568,-0.3232825994491565,10.019442558288574,8.999999999999999e-08,0.0,0.0,0.0,8.999999999999999e-08,0.0,0.0,0.0,8.999999999999999e-08
1759811057560350272,168837,1759811057546685120,base_link,-0.043835675364903536,-0.018801437800372477,0.03293949013205272,-0.9983186186580838,1.0,0.0,0.0,0.0,1.0,0.0,0.0,0.0,1.0,0.07547290623188019,-0.021447949111461667,-0.21940159797668457,1.2184696791468346e-07,0.0,0.0,0.0,1.2184696791468346e-07,0.0,0.0,0.0,1.2184696791468346e-07,-1.1709375381469727,-0.2834333181381215,8.729262351989746,8.999999999999999e-08,0.0,0.0,0.0,8.999999999999999e-08,0.0,0.0,0.0,8.999999999999999e-08
1759811057563094528,168838,1759811057556685120,base_link,-0.04416252417510552,-0.018983480575803156,0.03475083524050543,-0.9982393404360349,1.0,0.0,0.0,0.0,1.0,0.0,0.0,0.0,1.0,0.03734457865357399,0.049309045076370184,-0.45464614033699036,1.2184696791468346e-07,0.0,0.0,0.0,1.2184696791468346e-07,0.0,0.0,0.0,1.2184696791468346e-07,-0.5359621047973633,0.3543348610401165,9.467954635620117,8.999999999999999e-08,0.0,0.0,0.0,8.999999999999999e-08,0.0,0.0,0.0,8.999999999999999e-08
1759811057570075264,168839,1759811057566679232,base_link,-0.04414144021413795,-0.019219134142539694,0.035945614102092203,-0.998193484664855,1.0,0.0,0.0,0.0,1.0,0.0,0.0,0.0,1.0,0.0568695031106472,0.10631228983402247,-0.42345714569091797,1.2184696791468346e-07,0.0,0.0,0.0,1.2184696791468346e-07,0.0,0.0,0.0,1.2184696791468346e-07,-0.13996760547161102,2.2589917182922377,9.284122467041016,8.999999999999999e-08,0.0,0.0,0.0,8.999999999999999e-08,0.0,0.0,0.0,8.999999999999999e-08
1759811057581490464,168840,1759811057567679232,base_link,-0.04428150077718472,-0.019644199597751235,0.036743327503857934,-0.9981499469703433,1.0,0.0,0.0,0.0,1.0,0.0,0.0,0.0,1.0,0.01775471493601799,0.10241979360580443,-0.09830281883478166,1.2184696791468346e-07,0.0,0.0,0.0,1.2184696791468346e-07,0.0,0.0,0.0,1.2184696791468346e-07,0.41076403856277466,1.4995689392089855,9.770108222961426,8.999999999999999e-08,0.0,0.0,0.0,8.999999999999999e-08,0.0,0.0,0.0,8.999999999999999e-08
1759811057585470496,168841,1759811057578679232,base_link,-0.04415016592886871,-0.019974114591182385,0.03621581754789554,-0.998168491583688,1.0,0.0,0.0,0.0,1.0,0.0,0.0,0.0,1.0,-0.023794474080204964,0.06787826865911485,0.16007807850837708,1.2184696791468346e-07,0.0,0.0,0.0,1.2184696791468346e-07,0.0,0.0,0.0,1.2184696791468346e-07,-0.39048177003860474,1.390466332435609,9.742161750793457,8.999999999999999e-08,0.0,0.0,0.0,8.999999999999999e-08,0.0,0.0,0.0,8.999999999999999e-08
1759811057595617248,168842,1759811057588679232,base_link,-0.04462631468156447,-0.019890679636199008,0.03433868120891736,-0.9982152745855352,1.0,0.0,0.0,0.0,1.0,0.0,0.0,0.0,1.0,0.05580677464604378,-0.013651987537741616,0.3642588257789612,1.2184696791468346e-07,0.0,0.0,0.0,1.2184696791468346e-07,0.0,0.0,0.0,1.2184696791468346e-07,-0.9049975275993347,0.723486125469209,9.646893501281738,8.999999999999999e-08,0.0,0.0,0.0,8.999999999999999e-08,0.0,0.0,0.0,8.999999999999999e-08
1759811057600697120,168843,1759811057594679232,base_link,-0.044707610683985925,-0.0196117096459054,0.033683382008269966,-0.9982395511702774,1.0,0.0,0.0,0.0,1.0,0.0,0.0,0.0,1.0,0.05654199421405792,-0.0696456506848335,0.27611276507377625,1.2184696791468346e-07,0.0,0.0,0.0,1.2184696791468346e-07,0.0,0.0,0.0,1.2184696791468346e-07,-0.4575175642967224,0.0926667004823698,10.86127758026123,8.999999999999999e-08,0.0,0.0,0.0,8.999999999999999e-08,0.0,0.0,0.0,8.999999999999999e-08
1759811057608944384,168844,1759811057604679232,base_link,-0.04537950257205644,-0.019578979983858658,0.03398839875094333,-0.9981994695173435,1.0,0.0,0.0,0.0,1.0,0.0,0.0,0.0,1.0,0.11134430766105652,-0.018340412527322776,-0.05972203612327576,1.2184696791468346e-07,0.0,0.0,0.0,1.2184696791468346e-07,0.0,0.0,0.0,1.2184696791468346e-07,-0.9888542890548706,-0.4565300643444049,9.796503067016602,8.999999999999999e-08,0.0,0.0,0.0,8.999999999999999e-08,0.0,0.0,0.0,8.999999999999999e-08
1759811057618556576,168845,1759811057613679232,base_link,-0.04555034613958436,-0.019903477790167143,0.03483588758080041,-0.9981560582633774,1.0,0.0,0.0,0.0,1.0,0.0,0.0,0.0,1.0,0.07862553000450134,0.058775722980499226,-0.3429105579853058,1.2184696791468346e-07,0.0,0.0,0.0,1.2184696791468346e-07,0.0,0.0,0.0,1.2184696791468346e-07,-0.9403504729270935,-0.1155500486493099,9.548871040344238,8.999999999999999e-08,0.0,0.0,0.0,8.999999999999999e-08,0.0,0.0,0.0,8.999999999999999e-08
1759811057623905696,168846,1759811057615679232,base_link,-0.04585426443001839,-0.020138075051512876,0.03574891476009188,-0.9981051870172247,1.0,0.0,0.0,0.0,1.0,0.0,0.0,0.0,1.0,0.07831253856420517,0.10977097600698467,-0.31807079911231995,1.2184696791468346e-07,0.0,0.0,0.0,1.2184696791468346e-07,0.0,0.0,0.0,1.2184696791468346e-07,-0.5686248540878296,1.6699374914169323,8.746779441833496,8.999999999999999e-08,0.0,0.0,0.0,8.999999999999999e-08,0.0,0.0,0.0,8.999999999999999e-08
1759811057632168320,168847,1759811057625679232,base_link,-0.04612274644047786,-0.020580009782840903,0.0363752169289638,-0.9980611857073793,1.0,0.0,0.0,0.0,1.0,0.0,0.0,0.0,1.0,0.06992930173873901,0.08292672038078307,-0.121898390352726,1.2184696791468346e-07,0.0,0.0,0.0,1.2184696791468346e-07,0.0,0.0,0.0,1.2184696791468346e-07,0.9510517716407776,1.5049011707305922,10.259374618530273,8.999999999999999e-08,0.0,0.0,0.0,8.999999999999999e-08,0.0,0.0,0.0,8.999999999999999e-08
1759811057645158688,168848,1759811057631679232,base_link,-0.04626436116856348,-0.020727743706494696,0.0357388416632978,-0.9980745462583573,1.0,0.0,0.0,0.0,1.0,0.0,0.0,0.0,1.0,0.052841927856206894,0.06319901347160342,0.25119468569755554,1.2184696791468346e-07,0.0,0.0,0.0,1.2184696791468346e-07,0.0,0.0,0.0,1.2184696791468346e-07,-0.1941051334142685,2.1397917270660414,9.161707878112793,8.999999999999999e-08,0.0,0.0,0.0,8.999999999999999e-08,0.0,0.0,0.0,8.999999999999999e-08
1759811057645204384,168849,1759811057636679232,base_link,-0.04656074044147012,-0.020754341002083104,0.03466224256493551,-0.9980981484935234,1.0,0.0,0.0,0.0,1.0,0.0,0.0,0.0,1.0,0.10180867463350296,0.015521451830864005,0.42416104674339294,1.2184696791468346e-07,0.0,0.0,0.0,1.2184696791468346e-07,0.0,0.0,0.0,1.2184696791468346e-07,-0.9824724197387695,1.253817915916444,9.80489444732666,8.999999999999999e-08,0.0,0.0,0.0,8.999999999999999e-08,0.0,0.0,0.0,8.999999999999999e-08
1759811057651582048,168850,1759811057646679232,base_link,-0.04726341665111079,-0.02042419551807416,0.03267012962321957,-0.998139115230276,1.0,0.0,0.0,0.0,1.0,0.0,0.0,0.0,1.0,0.12213166803121567,-0.044601093977689694,0.3946966826915741,1.2184696791468346e-07,0.0,0.0,0.0,1.2184696791468346e-07,0.0,0.0,0.0,1.2184696791468346e-07,-1.291759729385376,-0.12245771288871644,9.805013656616211,8.999999999999999e-08,0.0,0.0,0.0,8.999999999999999e-08,0.0,0.0,0.0,8.999999999999999e-08
1759811057657768160,168851,1759811057652679232,base_link,-0.04763721178219785,-0.02039950273320284,0.032553087824904854,-0.998125670385601,1.0,0.0,0.0,0.0,1.0,0.0,0.0,0.0,1.0,0.14486949145793915,-0.03376478329300879,0.12889975309371948,1.2184696791468346e-07,0.0,0.0,0.0,1.2184696791468346e-07,0.0,0.0,0.0,1.2184696791468346e-07,-1.0286539793014526,-0.7205899357795704,8.936541557312012,8.999999999999999e-08,0.0,0.0,0.0,8.999999999999999e-08,0.0,0.0,0.0,8.999999999999999e-08
1759811057664197984,168852,1759811057657677184,base_link,-0.04812483238022267,-0.020315680554048764,0.033010886893430194,-0.9980890026273965,1.0,0.0,0.0,0.0,1.0,0.0,0.0,0.0,1.0,0.15098068118095398,-0.01458591688424351,-0.18510141968727112,1.2184696791468346e-07,0.0,0.0,0.0,1.2184696791468346e-07,0.0,0.0,0.0,1.2184696791468346e-07,-1.010083794593811,-0.06967214494943495,10.081242561340332,8.999999999999999e-08,0.0,0.0,0.0,8.999999999999999e-08,0.0,0.0,0.0,8.999999999999999e-08
1759811057671875648,168853,1759811057662677184,base_link,-0.04822656433581584,-0.02040649120752155,0.034142656216493206,-0.9980441162337323,1.0,0.0,0.0,0.0,1.0,0.0,0.0,0.0,1.0,0.11101189255714417,0.014942531473934602,-0.394744336605072,1.2184696791468346e-07,0.0,0.0,0.0,1.2184696791468346e-07,0.0,0.0,0.0,1.2184696791468346e-07,-0.9793974757194519,0.006881703156979107,9.924505233764648,8.999999999999999e-08,0.0,0.0,0.0,8.999999999999999e-08,0.0,0.0,0.0,8.999999999999999e-08
1759811057677691360,168854,1759811057668677184,base_link,-0.04860218626936804,-0.020582813865355893,0.03516062904857685,-0.9979869229603031,1.0,0.0,0.0,0.0,1.0,0.0,0.0,0.0,1.0,0.1219959408044815,0.05079491436481472,-0.34300681948661804,1.2184696791468346e-07,0.0,0.0,0.0,1.2184696791468346e-07,0.0,0.0,0.0,1.2184696791468346e-07,-0.3351615071296692,1.6325699090957653,9.105781555175781,8.999999999999999e-08,0.0,0.0,0.0,8.999999999999999e-08,0.0,0.0,0.0,8.999999999999999e-08
1759811057683233504,168855,1759811057678677184,base_link,-0.049150815747701394,-0.020715904393330185,0.03565640242761047,-0.9979397606368194,1.0,0.0,0.0,0.0,1.0,0.0,0.0,0.0,1.0,0.09827077388763428,0.029910465702414502,-0.09480679035186768,1.2184696791468346e-07,0.0,0.0,0.0,1.2184696791468346e-07,0.0,0.0,0.0,1.2184696791468346e-07,0.2598540186882019,2.2563717365264906,9.949750900268555,8.999999999999999e-08,0.0,0.0,0.0,8.999999999999999e-08,0.0,0.0,0.0,8.999999999999999e-08
1759811057692443136,168856,1759811057683677184,base_link,-0.04946525231101692,-0.02084539531702384,0.034797365361261434,-0.9979518989291906,1.0,0.0,0.0,0.0,1.0,0.0,0.0,0.0,1.0,0.09309837222099304,0.0030127489008009837,0.32769012451171875,1.2184696791468346e-07,0.0,0.0,0.0,1.2184696791468346e-07,0.0,0.0,0.0,1.2184696791468346e-07,-0.4602685570716858,1.6964492797851574,9.140904426574707,8.999999999999999e-08,0.0,0.0,0.0,8.999999999999999e-08,0.0,0.0,0.0,8.999999999999999e-08
1759811057697023264,168857,1759811057693677184,base_link,-0.04973829276656065,-0.02060752640656245,0.03389479060040066,-0.9979742789057499,1.0,0.0,0.0,0.0,1.0,0.0,0.0,0.0,1.0,0.12130963057279587,-0.005506797228008461,0.3899131417274475,1.2184696791468346e-07,0.0,0.0,0.0,1.2184696791468346e-07,0.0,0.0,0.0,1.2184696791468346e-07,-0.876971423625946,0.7472348809242262,10.487142562866211,8.999999999999999e-08,0.0,0.0,0.0,8.999999999999999e-08,0.0,0.0,0.0,8.999999999999999e-08
1759811057704583040,168858,1759811057699677184,base_link,-0.05033769339228144,-0.020292353590487002,0.03238209806049614,-0.9980009578608572,1.0,0.0,0.0,0.0,1.0,0.0,0.0,0.0,1.0,0.12199573218822479,-0.052222725003957714,0.26417890191078186,1.2184696791468346e-07,0.0,0.0,0.0,1.2184696791468346e-07,0.0,0.0,0.0,1.2184696791468346e-07,-0.6712696552276611,0.5481402873992931,8.6732816696167,8.999999999999999e-08,0.0,0.0,0.0,8.999999999999999e-08,0.0,0.0,0.0,8.999999999999999e-08
1759811057712345088,168859,1759811057705677184,base_link,-0.050573188908336064,-0.020227774081856185,0.032465295939456636,-0.9979876394567277,1.0,0.0,0.0,0.0,1.0,0.0,0.0,0.0,1.0,0.12133242189884186,-0.0396549180150032,0.03719786182045937,1.2184696791468346e-07,0.0,0.0,0.0,1.2184696791468346e-07,0.0,0.0,0.0,1.2184696791468346e-07,-0.7607473731040955,-0.6689496040344226,9.934209823608398,8.999999999999999e-08,0.0,0.0,0.0,8.999999999999999e-08,0.0,0.0,0.0,8.999999999999999e-08
1759811057722251584,168860,1759811057710677184,base_link,-0.05111342852963772,-0.02020834833595971,0.03324244167914901,-0.9979349137492407,1.0,0.0,0.0,0.0,1.0,0.0,0.0,0.0,1.0,0.1021275743842125,-0.021846322342753455,-0.35807591676712036,1.2184696791468346e-07,0.0,0.0,0.0,1.2184696791468346e-07,0.0,0.0,0.0,1.2184696791468346e-07,-1.1562585830688477,-0.49198871850967285,9.865715026855469,8.999999999999999e-08,0.0,0.0,0.0,8.999999999999999e-08,0.0,0.0,0.0,8.999999999999999e-08
1759811057723878656,168861,1759811057719677184,base_link,-0.05123555560864312,-0.020237581126669065,0.03455746549953742,-0.9978833681535119,1.0,0.0,0.0,0.0,1.0,0.0,0.0,0.0,1.0,0.12648683786392212,0.01508670859038824,-0.4666071832180023,1.2184696791468346e-07,0.0,0.0,0.0,1.2184696791468346e-07,0.0,0.0,0.0,1.2184696791468346e-07,-1.1322650909423828,1.230974555015565,9.506611824035645,8.999999999999999e-08,0.0,0.0,0.0,8.999999999999999e-08,0.0,0.0,0.0,8.999999999999999e-08
1759811057731681696,168862,1759811057726677184,base_link,-0.05189098915237012,-0.02057226661651604,0.03622028511383773,-0.9977836908567836,1.0,0.0,0.0,0.0,1.0,0.0,0.0,0.0,1.0,0.11216555535793304,0.04180519655346867,-0.2888811230659485,1.2184696791468346e-07,0.0,0.0,0.0,1.2184696791468346e-07,0.0,0.0,0.0,1.2184696791468346e-07,0.6548709273338318,2.6205682754516615,10.575315475463867,8.999999999999999e-08,0.0,0.0,0.0,8.999999999999999e-08,0.0,0.0,0.0,8.999999999999999e-08
1759811057735916992,168863,1759811057731677184,base_link,-0.05168356080324572,-0.020612572174582615,0.03624970361409831,-0.9977925416949709,1.0,0.0,0.0,0.0,1.0,0.0,0.0,0.0,1.0,0.019633598625659943,0.0297634620219469,-0.06855933368206024,1.2184696791468346e-07,0.0,0.0,0.0,1.2184696791468346e-07,0.0,0.0,0.0,1.2184696791468346e-07,0.1548738330602646,1.622729063034059,10.04414176940918,8.999999999999999e-08,0.0,0.0,0.0,8.999999999999999e-08,0.0,0.0,0.0,8.999999999999999e-08
1759811057744011168,168864,1759811057736677184,base_link,-0.05187034246495585,-0.020530746702376746,0.03565353644191175,-0.9978060708333429,1.0,0.0,0.0,0.0,1.0,0.0,0.0,0.0,1.0,0.00728779099881649,-0.024842245504260035,0.23647208511829376,1.2184696791468346e-07,0.0,0.0,0.0,1.2184696791468346e-07,0.0,0.0,0.0,1.2184696791468346e-07,-0.682438850402832,1.4172714948654186,9.300174713134766,8.999999999999999e-08,0.0,0.0,0.0,8.999999999999999e-08,0.0,0.0,0.0,8.999999999999999e-08
1759811057752639680,168865,1759811057742677184,base_link,-0.052086150134399815,-0.020475971604380777,0.03499339035368562,-0.9978192627969268,1.0,0.0,0.0,0.0,1.0,0.0,0.0,0.0,1.0,0.05730801448225975,-0.040488444268703426,0.29453665018081665,1.2184696791468346e-07,0.0,0.0,0.0,1.2184696791468346e-07,0.0,0.0,0.0,1.2184696791468346e-07,-1.0838733911514282,1.407550334930421,9.193466186523438,8.999999999999999e-08,0.0,0.0,0.0,8.999999999999999e-08,0.0,0.0,0.0,8.999999999999999e-08
1759811057762573472,168866,1759811057752677184,base_link,-0.05242805590623232,-0.020086914045776713,0.03370146300628118,-0.9978537810658572,1.0,0.0,0.0,0.0,1.0,0.0,0.0,0.0,1.0,0.09072650969028473,-0.049895424395799616,0.1784685254096985,1.2184696791468346e-07,0.0,0.0,0.0,1.2184696791468346e-07,0.0,0.0,0.0,1.2184696791468346e-07,-0.1449958235025406,0.02304586395621411,9.097997665405273,8.999999999999999e-08,0.0,0.0,0.0,8.999999999999999e-08,0.0,0.0,0.0,8.999999999999999e-08
1759811057768077120,168867,1759811057763676416,base_link,-0.05292706800715622,-0.01986883176360217,0.034844443391048086,-0.9977925416949709,1.0,0.0,0.0,0.0,1.0,0.0,0.0,0.0,1.0,0.10602779686450958,-0.04559689015150074,-0.2702641189098358,1.2184696791468346e-07,0.0,0.0,0.0,1.2184696791468346e-07,0.0,0.0,0.0,1.2184696791468346e-07,-1.237987995147705,-0.11182290315627928,10.114005088806152,8.999999999999999e-08,0.0,0.0,0.0,8.999999999999999e-08,0.0,0.0,0.0,8.999999999999999e-08
1759811057774164032,168868,1759811057768676416,base_link,-0.05310409662470312,-0.01987195985001509,0.03615095354803728,-0.9977365285332999,1.0,0.0,0.0,0.0,1.0,0.0,0.0,0.0,1.0,0.08006879687309265,-0.022590316832065638,-0.4626638889312744,1.2184696791468346e-07,0.0,0.0,0.0,1.2184696791468346e-07,0.0,0.0,0.0,1.2184696791468346e-07,-0.864376425743103,1.2794871330261242,9.276987075805664,8.999999999999999e-08,0.0,0.0,0.0,8.999999999999999e-08,0.0,0.0,0.0,8.999999999999999e-08
1759811057784532928,168869,1759811057779676416,base_link,-0.053284423233146,-0.020123680585657385,0.03804039676678067,-0.9976516447803989,1.0,0.0,0.0,0.0,1.0,0.0,0.0,0.0,1.0,0.05174832418560982,0.03586641326546664,-0.3709309697151184,1.2184696791468346e-07,0.0,0.0,0.0,1.2184696791468346e-07,0.0,0.0,0.0,1.2184696791468346e-07,0.6296932101249695,2.5891263484954847,9.98691177368164,8.999999999999999e-08,0.0,0.0,0.0,8.999999999999999e-08,0.0,0.0,0.0,8.999999999999999e-08
1759811057789882976,168870,1759811057784676416,base_link,-0.05322846143794664,-0.02001868356639364,0.0380485732553918,-0.9976564495211292,1.0,0.0,0.0,0.0,1.0,0.0,0.0,0.0,1.0,-0.00493200309574604,-4.080648068339402e-05,-0.06282075494527817,1.2184696791468346e-07,0.0,0.0,0.0,1.2184696791468346e-07,0.0,0.0,0.0,1.2184696791468346e-07,0.13813935220241547,1.5045428276062023,9.613880157470703,8.999999999999999e-08,0.0,0.0,0.0,8.999999999999999e-08,0.0,0.0,0.0,8.999999999999999e-08
1759811057801025376,168871,1759811057794676416,base_link,-0.05315890991828055,-0.019844262785098352,0.036519232710325485,-0.9977207656119568,1.0,0.0,0.0,0.0,1.0,0.0,0.0,0.0,1.0,-0.015560468658804893,-0.04198342561721798,0.3023666739463806,1.2184696791468346e-07,0.0,0.0,0.0,1.2184696791468346e-07,0.0,0.0,0.0,1.2184696791468346e-07,-0.7822092175483704,1.850018858909608,9.552558898925781,8.999999999999999e-08,0.0,0.0,0.0,8.999999999999999e-08,0.0,0.0,0.0,8.999999999999999e-08
1759811057806068992,168872,1759811057800676416,base_link,-0.053324095271395894,-0.01955405407423151,0.0356499118129398,-0.9977491725878531,1.0,0.0,0.0,0.0,1.0,0.0,0.0,0.0,1.0,0.014742384664714336,-0.08382448554038997,0.36168062686920166,1.2184696791468346e-07,0.0,0.0,0.0,1.2184696791468346e-07,0.0,0.0,0.0,1.2184696791468346e-07,-0.06882444769144058,0.861206650733949,10.351710319519043,8.999999999999999e-08,0.0,0.0,0.0,8.999999999999999e-08,0.0,0.0,0.0,8.999999999999999e-08
1759811057812286176,168873,1759811057805676416,base_link,-0.05336380287104922,-0.019351728127954965,0.0349360284928623,-0.9977762308645972,1.0,0.0,0.0,0.0,1.0,0.0,0.0,0.0,1.0,0.023247040808200836,-0.08528172224760053,0.23345455527305603,1.2184696791468346e-07,0.0,0.0,0.0,1.2184696791468346e-07,0.0,0.0,0.0,1.2184696791468346e-07,-0.5519239902496338,0.23283091187477223,9.1395263671875,8.999999999999999e-08,0.0,0.0,0.0,8.999999999999999e-08,0.0,0.0,0.0,8.999999999999999e-08
1759811057818933856,168874,1759811057814676416,base_link,-0.05330875381853793,-0.019149860528655974,0.03500788886957336,-0.9977805719899938,1.0,0.0,0.0,0.0,1.0,0.0,0.0,0.0,1.0,0.03630278632044792,-0.0649140402674675,-0.029329912737011903,1.2184696791468346e-07,0.0,0.0,0.0,1.2184696791468346e-07,0.0,0.0,0.0,1.2184696791468346e-07,-0.9214091897010803,-0.42406365275382873,9.763121604919434,8.999999999999999e-08,0.0,0.0,0.0,8.999999999999999e-08,0.0,0.0,0.0,8.999999999999999e-08
1759811057826840064,168875,1759811057816676416,base_link,-0.05350502510660808,-0.018942104224366603,0.03553594673456631,-0.9977553260277358,1.0,0.0,0.0,0.0,1.0,0.0,0.0,0.0,1.0,0.022868601605296135,-0.051356259733438527,-0.26003649830818176,1.2184696791468346e-07,0.0,0.0,0.0,1.2184696791468346e-07,0.0,0.0,0.0,1.2184696791468346e-07,-0.6630560755729675,-0.13349750638007996,9.931760787963867,8.999999999999999e-08,0.0,0.0,0.0,8.999999999999999e-08,0.0,0.0,0.0,8.999999999999999e-08
1759811057833047872,168876,1759811057821676416,base_link,-0.05340718910032414,-0.019050661335240502,0.03640682706534697,-0.997727129786082,1.0,0.0,0.0,0.0,1.0,0.0,0.0,0.0,1.0,0.015410056337714195,-0.017591971904039425,-0.347461998462677,1.2184696791468346e-07,0.0,0.0,0.0,1.2184696791468346e-07,0.0,0.0,0.0,1.2184696791468346e-07,-0.5778802633285522,1.3692313432693493,8.812788009643555,8.999999999999999e-08,0.0,0.0,0.0,8.999999999999999e-08,0.0,0.0,0.0,8.999999999999999e-08
1759811057837150112,168877,1759811057832676416,base_link,-0.053343830533211116,-0.01922236364480684,0.03769483475583988,-0.9976794195535676,1.0,0.0,0.0,0.0,1.0,0.0,0.0,0.0,1.0,-0.023260224610567093,0.03570797294378278,-0.2174699455499649,1.2184696791468346e-07,0.0,0.0,0.0,1.2184696791468346e-07,0.0,0.0,0.0,1.2184696791468346e-07,0.30240944027900696,2.678508043289186,9.976842880249023,8.999999999999999e-08,0.0,0.0,0.0,8.999999999999999e-08,0.0,0.0,0.0,8.999999999999999e-08
1759811057848088224,168878,1759811057842676416,base_link,-0.05312758559021385,-0.019192766020440066,0.03652551259075364,-0.997734969099905,1.0,0.0,0.0,0.0,1.0,0.0,0.0,0.0,1.0,-0.06145819276571274,0.016272760927677182,0.23845534026622772,1.2184696791468346e-07,0.0,0.0,0.0,1.2184696791468346e-07,0.0,0.0,0.0,1.2184696791468346e-07,0.09351499378681183,1.6040565967559828,10.410441398620605,8.999999999999999e-08,0.0,0.0,0.0,8.999999999999999e-08,0.0,0.0,0.0,8.999999999999999e-08
1759811057857798016,168879,1759811057853676416,base_link,-0.052970755849815795,-0.01890235974622083,0.03396686171135427,-0.997839240403121,1.0,0.0,0.0,0.0,1.0,0.0,0.0,0.0,1.0,-0.03900713473558426,-0.04315659776329988,0.4997863471508026,1.2184696791468346e-07,0.0,0.0,0.0,1.2184696791468346e-07,0.0,0.0,0.0,1.2184696791468346e-07,-0.6288504004478455,0.658325254917146,10.345123291015625,8.999999999999999e-08,0.0,0.0,0.0,8.999999999999999e-08,0.0,0.0,0.0,8.999999999999999e-08
1759811057865975264,168880,1759811057858674880,base_link,-0.052811531641586716,-0.018876021917168567,0.033127085754774695,-0.997876371776659,1.0,0.0,0.0,0.0,1.0,0.0,0.0,0.0,1.0,-0.05143656209111214,-0.03428990393877025,0.3575609624385834,1.2184696791468346e-07,0.0,0.0,0.0,1.2184696791468346e-07,0.0,0.0,0.0,1.2184696791468346e-07,-0.780962347984314,-0.021157428622244585,9.832953453063965,8.999999999999999e-08,0.0,0.0,0.0,8.999999999999999e-08,0.0,0.0,0.0,8.999999999999999e-08
1759811057874494560,168881,1759811057869674880,base_link,-0.05255011186243085,-0.018653764462813416,0.033501434063248466,-0.9978818508669655,1.0,0.0,0.0,0.0,1.0,0.0,0.0,0.0,1.0,-0.038474082946777344,-0.03461353853344918,-0.07585359364748001,1.2184696791468346e-07,0.0,0.0,0.0,1.2184696791468346e-07,0.0,0.0,0.0,1.2184696791468346e-07,-0.873071551322937,-0.4143027067184436,10.127622604370117,8.999999999999999e-08,0.0,0.0,0.0,8.999999999999999e-08,0.0,0.0,0.0,8.999999999999999e-08
1759811057880537984,168882,1759811057874674880,base_link,-0.05254550863632005,-0.01885847038894181,0.03446967361408925,-0.9978453095493065,1.0,0.0,0.0,0.0,1.0,0.0,0.0,0.0,1.0,-0.03252372518181801,0.019865065813064534,-0.3440696895122528,1.2184696791468346e-07,0.0,0.0,0.0,1.2184696791468346e-07,0.0,0.0,0.0,1.2184696791468346e-07,-0.7758790254592896,0.9432144761085521,9.008757591247559,8.999999999999999e-08,0.0,0.0,0.0,8.999999999999999e-08,0.0,0.0,0.0,8.999999999999999e-08
1759811057885982624,168883,1759811057879674880,base_link,-0.05245803285223569,-0.019080183885533373,0.03542337250219371,-0.997812266420074,1.0,0.0,0.0,0.0,1.0,0.0,0.0,0.0,1.0,-0.04387369006872177,0.08029796183109279,-0.3688916862010956,1.2184696791468346e-07,0.0,0.0,0.0,1.2184696791468346e-07,0.0,0.0,0.0,1.2184696791468346e-07,0.3267262876033783,2.169811248779298,9.589971542358398,8.999999999999999e-08,0.0,0.0,0.0,8.999999999999999e-08,0.0,0.0,0.0,8.999999999999999e-08
1759811057893378752,168884,1759811057884674880,base_link,-0.0521816048437429,-0.019399928317583234,0.03600912940279814,-0.9977996223655207,1.0,0.0,0.0,0.0,1.0,0.0,0.0,0.0,1.0,-0.07050470262765884,0.10366240143775937,-0.1749633252620697,1.2184696791468346e-07,0.0,0.0,0.0,1.2184696791468346e-07,0.0,0.0,0.0,1.2184696791468346e-07,1.02473783493042,2.181369543075563,9.871390342712402,8.999999999999999e-08,0.0,0.0,0.0,8.999999999999999e-08,0.0,0.0,0.0,8.999999999999999e-08
1759811057901308480,168885,1759811057895674880,base_link,-0.05164412979228575,-0.019770586142634262,0.03520222798805709,-0.9978491449125211,1.0,0.0,0.0,0.0,1.0,0.0,0.0,0.0,1.0,-0.10524263232946396,0.06220524013042453,0.21597634255886078,1.2184696791468346e-07,0.0,0.0,0.0,1.2184696791468346e-07,0.0,0.0,0.0,1.2184696791468346e-07,-0.53596031665802,1.8943319320678722,9.90269947052002,8.999999999999999e-08,0.0,0.0,0.0,8.999999999999999e-08,0.0,0.0,0.0,8.999999999999999e-08
1759811057906526624,168886,1759811057900674880,base_link,-0.05143383940872966,-0.019875983556958864,0.03419078791749266,-0.9978930619286693,1.0,0.0,0.0,0.0,1.0,0.0,0.0,0.0,1.0,-0.0840783342719078,0.04018235206604009,0.3882462978363037,1.2184696791468346e-07,0.0,0.0,0.0,1.2184696791468346e-07,0.0,0.0,0.0,1.2184696791468346e-07,-0.9225278496742249,0.6782459020614635,9.420795440673828,8.999999999999999e-08,0.0,0.0,0.0,8.999999999999999e-08,0.0,0.0,0.0,8.999999999999999e-08
1759811057918667072,168887,1759811057906674880,base_link,-0.051468435385912024,-0.01977795130441154,0.033100954708697956,-0.997929982567965,1.0,0.0,0.0,0.0,1.0,0.0,0.0,0.0,1.0,-0.060639359056949615,-0.005059251561760852,0.41315510869026184,1.2184696791468346e-07,0.0,0.0,0.0,1.2184696791468346e-07,0.0,0.0,0.0,1.2184696791468346e-07,-0.5619359612464905,0.8496926426887524,10.351370811462402,8.999999999999999e-08,0.0,0.0,0.0,8.999999999999999e-08,0.0,0.0,0.0,8.999999999999999e-08
1759811057924267744,168888,1759811057916674880,base_link,-0.051316950392740764,-0.019694583520967975,0.03192539481003211,-0.9979776928004792,1.0,0.0,0.0,0.0,1.0,0.0,0.0,0.0,1.0,-0.013560696505010128,0.0015352340415120292,0.13696348667144775,1.2184696791468346e-07,0.0,0.0,0.0,1.2184696791468346e-07,0.0,0.0,0.0,1.2184696791468346e-07,-0.49698150157928467,-0.6580928564071644,9.498881340026855,8.999999999999999e-08,0.0,0.0,0.0,8.999999999999999e-08,0.0,0.0,0.0,8.999999999999999e-08
1759811057928923616,168889,1759811057925674880,base_link,-0.05130820623876377,-0.01978800596195942,0.03211463415984602,-0.9979702749551413,1.0,0.0,0.0,0.0,1.0,0.0,0.0,0.0,1.0,-0.013817419297993183,0.030548183247446997,-0.14184428751468658,1.2184696791468346e-07,0.0,0.0,0.0,1.2184696791468346e-07,0.0,0.0,0.0,1.2184696791468346e-07,-1.0092720985412598,-0.12075390666723129,9.968003273010254,8.999999999999999e-08,0.0,0.0,0.0,8.999999999999999e-08,0.0,0.0,0.0,8.999999999999999e-08
1759811057935820672,168890,1759811057932674880,base_link,-0.05116908607727439,-0.0202662185931432,0.033958263754258027,-0.9979067596544354,1.0,0.0,0.0,0.0,1.0,0.0,0.0,0.0,1.0,-0.016827357932925224,0.0889378190040588,-0.39500340819358826,1.2184696791468346e-07,0.0,0.0,0.0,1.2184696791468346e-07,0.0,0.0,0.0,1.2184696791468346e-07,-0.75245201587677,1.0611350536346447,9.404057502746582,8.999999999999999e-08,0.0,0.0,0.0,8.999999999999999e-08,0.0,0.0,0.0,8.999999999999999e-08
1759811057948778912,168891,1759811057943674880,base_link,-0.05055096961663673,-0.02090805846113643,0.034882038379919836,-0.9978931883692149,1.0,0.0,0.0,0.0,1.0,0.0,0.0,0.0,1.0,-0.08697059005498886,0.09871576726436612,-0.19420026242733002,1.2184696791468346e-07,0.0,0.0,0.0,1.2184696791468346e-07,0.0,0.0,0.0,1.2184696791468346e-07,1.2791051864624023,2.1087598800659193,9.301834106445312,8.999999999999999e-08,0.0,0.0,0.0,8.999999999999999e-08,0.0,0.0,0.0,8.999999999999999e-08
1759811057954931712,168892,1759811057948674880,base_link,-0.05056347669393234,-0.02112861818775,0.034109655234109165,-0.9979145989682584,1.0,0.0,0.0,0.0,1.0,0.0,0.0,0.0,1.0,-0.08048038184642792,0.09434498846530917,0.19645652174949646,1.2184696791468346e-07,0.0,0.0,0.0,1.2184696791468346e-07,0.0,0.0,0.0,1.2184696791468346e-07,0.5100005865097046,2.5471432209014906,9.53911018371582,8.999999999999999e-08,0.0,0.0,0.0,8.999999999999999e-08,0.0,0.0,0.0,8.999999999999999e-08
1759811057961176864,168893,1759811057953674880,base_link,-0.05029689129165585,-0.02120080125126999,0.032895404528510315,-0.997967282528897,1.0,0.0,0.0,0.0,1.0,0.0,0.0,0.0,1.0,-0.031339529901742935,0.06539043784141546,0.4699799120426178,1.2184696791468346e-07,0.0,0.0,0.0,1.2184696791468346e-07,0.0,0.0,0.0,1.2184696791468346e-07,-1.5129852294921875,1.5801693201065075,9.915059089660645,8.999999999999999e-08,0.0,0.0,0.0,8.999999999999999e-08,0.0,0.0,0.0,8.999999999999999e-08
1759811057968908384,168894,1759811057964673600,base_link,-0.05046378359213588,-0.020985650809244985,0.030487807954173992,-0.9980398594020328,1.0,0.0,0.0,0.0,1.0,0.0,0.0,0.0,1.0,0.0004757324932143092,-0.023973435163497866,0.4796110689640045,1.2184696791468346e-07,0.0,0.0,0.0,1.2184696791468346e-07,0.0,0.0,0.0,1.2184696791468346e-07,-1.1199913024902344,-0.17013768851756944,8.56010627746582,8.999999999999999e-08,0.0,0.0,0.0,8.999999999999999e-08,0.0,0.0,0.0,8.999999999999999e-08
1759811057982330656,168895,1759811057974673600,base_link,-0.05070980660069511,-0.020737230698676695,0.03030067594678561,-0.9980382578217893,1.0,0.0,0.0,0.0,1.0,0.0,0.0,0.0,1.0,0.05453495681285858,-0.051127463579177856,-0.02581940218806266,1.2184696791468346e-07,0.0,0.0,0.0,1.2184696791468346e-07,0.0,0.0,0.0,1.2184696791468346e-07,-1.2710390090942383,-1.1470087766647326,10.432751655578613,8.999999999999999e-08,0.0,0.0,0.0,8.999999999999999e-08,0.0,0.0,0.0,8.999999999999999e-08
1759811057988746432,168896,1759811057984673600,base_link,-0.05045358010352919,-0.020793417716097783,0.03141280483844261,-0.9980157092578361,1.0,0.0,0.0,0.0,1.0,0.0,0.0,0.0,1.0,0.0297031681984663,-0.0014151376672089646,-0.4463641345500946,1.2184696791468346e-07,0.0,0.0,0.0,1.2184696791468346e-07,0.0,0.0,0.0,1.2184696791468346e-07,-1.8247512578964233,0.2138375937938702,9.823148727416992,8.999999999999999e-08,0.0,0.0,0.0,8.999999999999999e-08,0.0,0.0,0.0,8.999999999999999e-08
1759811057995740352,168897,1759811057990673600,base_link,-0.05072176445187106,-0.021140477257249754,0.033709976669680376,-0.9979198673243224,1.0,0.0,0.0,0.0,1.0,0.0,0.0,0.0,1.0,0.05054982379078865,0.05231419205665583,-0.4621339440345764,1.2184696791468346e-07,0.0,0.0,0.0,1.2184696791468346e-07,0.0,0.0,0.0,1.2184696791468346e-07,0.8810089230537415,2.611055374145509,10.262042999267578,8.999999999999999e-08,0.0,0.0,0.0,8.999999999999999e-08,0.0,0.0,0.0,8.999999999999999e-08
1759811058000110112,168898,1759811057995673600,base_link,-0.05034098348064332,-0.021218159167411394,0.0338846332099095,-0.9979315841482083,1.0,0.0,0.0,0.0,1.0,0.0,0.0,0.0,1.0,-0.03968232497572899,0.041871927678585025,-0.2324264794588089,1.2184696791468346e-07,0.0,0.0,0.0,1.2184696791468346e-07,0.0,0.0,0.0,1.2184696791468346e-07,0.9785110950469971,2.8539485931396498,10.111170768737793,8.999999999999999e-08,0.0,0.0,0.0,8.999999999999999e-08,0.0,0.0,0.0,8.999999999999999e-08
1759811058008949952,168899,1759811058001673600,base_link,-0.05038520474435436,-0.02132227900539051,0.03335762901612931,-0.9979449025523378,1.0,0.0,0.0,0.0,1.0,0.0,0.0,0.0,1.0,-0.07350686192512512,0.019489446654915834,0.2047550231218338,1.2184696791468346e-07,0.0,0.0,0.0,1.2184696791468346e-07,0.0,0.0,0.0,1.2184696791468346e-07,-0.26779472827911377,1.8854660987854015,9.278607368469238,8.999999999999999e-08,0.0,0.0,0.0,8.999999999999999e-08,0.0,0.0,0.0,8.999999999999999e-08
1759811058012818656,168900,1759811058006673600,base_link,-0.05048007730035239,-0.021259290540290982,0.03230096537711267,-0.9979762176607814,1.0,0.0,0.0,0.0,1.0,0.0,0.0,0.0,1.0,0.02807655744254589,-0.00021950376685704042,0.38534480333328247,1.2184696791468346e-07,0.0,0.0,0.0,1.2184696791468346e-07,0.0,0.0,0.0,1.2184696791468346e-07,-1.1738377809524536,1.5255545377731334,9.402204513549805,8.999999999999999e-08,0.0,0.0,0.0,8.999999999999999e-08,0.0,0.0,0.0,8.999999999999999e-08
1759811058023907008,168901,1759811058017673600,base_link,-0.050569597206589524,-0.020757116108639742,0.03057770718204776,-0.9980365298010004,1.0,0.0,0.0,0.0,1.0,0.0,0.0,0.0,1.0,0.034115102142095566,-0.07235031574964519,0.3503369987010956,1.2184696791468346e-07,0.0,0.0,0.0,1.2184696791468346e-07,0.0,0.0,0.0,1.2184696791468346e-07,-0.4671742916107178,0.593340814113618,9.360855102539062,8.999999999999999e-08,0.0,0.0,0.0,8.999999999999999e-08,0.0,0.0,0.0,8.999999999999999e-08
1759811058029013216,168902,1759811058022673600,base_link,-0.05067938447860434,-0.020500452337920524,0.030303499785635884,-0.9980446219959146,1.0,0.0,0.0,0.0,1.0,0.0,0.0,0.0,1.0,0.08385949581861496,-0.07422160357236861,0.10441533476114274,1.2184696791468346e-07,0.0,0.0,0.0,1.2184696791468346e-07,0.0,0.0,0.0,1.2184696791468346e-07,-0.8097244501113892,-0.3026069104671468,8.548456192016602,8.999999999999999e-08,0.0,0.0,0.0,8.999999999999999e-08,0.0,0.0,0.0,8.999999999999999e-08
1759811058036088896,168903,1759811058031673600,base_link,-0.05078836569214139,-0.020318082924413887,0.030795648535697603,-0.9980278054033587,1.0,0.0,0.0,0.0,1.0,0.0,0.0,0.0,1.0,0.0702316090464592,-0.06877642869949344,-0.26923471689224243,1.2184696791468346e-07,0.0,0.0,0.0,1.2184696791468346e-07,0.0,0.0,0.0,1.2184696791468346e-07,-1.1096893548965454,-1.530409216880797,10.931710243225098,8.999999999999999e-08,0.0,0.0,0.0,8.999999999999999e-08,0.0,0.0,0.0,8.999999999999999e-08
1759811058043734880,168904,1759811058038673600,base_link,-0.05089821618442897,-0.02029371150926246,0.033585769907118784,-0.9979326378194211,1.0,0.0,0.0,0.0,1.0,0.0,0.0,0.0,1.0,0.04633617773652077,-0.0213028900325299,-0.554042637348175,1.2184696791468346e-07,0.0,0.0,0.0,1.2184696791468346e-07,0.0,0.0,0.0,1.2184696791468346e-07,-0.7111852169036865,1.7857247591018688,9.212725639343262,8.999999999999999e-08,0.0,0.0,0.0,8.999999999999999e-08,0.0,0.0,0.0,8.999999999999999e-08
1759811058053898560,168905,1759811058048673600,base_link,-0.05118661521498787,-0.020481587671944853,0.03478151814622131,-0.9978730843224752,1.0,0.0,0.0,0.0,1.0,0.0,0.0,0.0,1.0,0.017501963302493095,0.01169792190194128,-0.16014111042022705,1.2184696791468346e-07,0.0,0.0,0.0,1.2184696791468346e-07,0.0,0.0,0.0,1.2184696791468346e-07,1.069143295288086,3.2279200553894056,9.876111030578613,8.999999999999999e-08,0.0,0.0,0.0,8.999999999999999e-08,0.0,0.0,0.0,8.999999999999999e-08
1759811058061921632,168906,1759811058054673600,base_link,-0.05102944829980173,-0.020362597898975487,0.03418459233076154,-0.9979042308435248,1.0,0.0,0.0,0.0,1.0,0.0,0.0,0.0,1.0,-0.0061166309751570225,0.0033622914925217962,0.2723740339279175,1.2184696791468346e-07,0.0,0.0,0.0,1.2184696791468346e-07,0.0,0.0,0.0,1.2184696791468346e-07,-0.22831332683563232,1.409821391105653,9.784944534301758,8.999999999999999e-08,0.0,0.0,0.0,8.999999999999999e-08,0.0,0.0,0.0,8.999999999999999e-08
1759811058066924960,168907,1759811058063672320,base_link,-0.051205117681484155,-0.020316941008237045,0.033176524008077954,-0.9979301933022074,1.0,0.0,0.0,0.0,1.0,0.0,0.0,0.0,1.0,0.018613163381814957,-0.05530080944299693,0.38995733857154846,1.2184696791468346e-07,0.0,0.0,0.0,1.2184696791468346e-07,0.0,0.0,0.0,1.2184696791468346e-07,-0.7627289295196533,1.3191527128219616,9.832200050354004,8.999999999999999e-08,0.0,0.0,0.0,8.999999999999999e-08,0.0,0.0,0.0,8.999999999999999e-08
1759811058071270016,168908,1759811058064672320,base_link,-0.051269695873025954,-0.02005204411407903,0.03224002103416589,-0.9979628992566519,1.0,0.0,0.0,0.0,1.0,0.0,0.0,0.0,1.0,0.03345509245991707,-0.055375151336193036,0.3919800817966461,1.2184696791468346e-07,0.0,0.0,0.0,1.2184696791468346e-07,0.0,0.0,0.0,1.2184696791468346e-07,-0.9313950538635254,0.7299472093582166,9.715161323547363,8.999999999999999e-08,0.0,0.0,0.0,8.999999999999999e-08,0.0,0.0,0.0,8.999999999999999e-08
1759811058077047520,168909,1759811058070672320,base_link,-0.05145059804936881,-0.019744548609877642,0.031469913818174884,-0.9979843098556954,1.0,0.0,0.0,0.0,1.0,0.0,0.0,0.0,1.0,0.061317406594753265,-0.09321510791778562,0.22818158566951752,1.2184696791468346e-07,0.0,0.0,0.0,1.2184696791468346e-07,0.0,0.0,0.0,1.2184696791468346e-07,-0.6496211886405945,0.2782447040081037,10.35388469696045,8.999999999999999e-08,0.0,0.0,0.0,8.999999999999999e-08,0.0,0.0,0.0,8.999999999999999e-08
1759811058083809280,168910,1759811058075672320,base_link,-0.051695857146298776,-0.019621889426909796,0.03130764845140793,-0.9979791679401772,1.0,0.0,0.0,0.0,1.0,0.0,0.0,0.0,1.0,0.09914179146289825,-0.0790630653500557,-0.0026097171939909363,1.2184696791468346e-07,0.0,0.0,0.0,1.2184696791468346e-07,0.0,0.0,0.0,1.2184696791468346e-07,-1.041182279586792,-0.3230945467948903,8.436073303222656,8.999999999999999e-08,0.0,0.0,0.0,8.999999999999999e-08,0.0,0.0,0.0,8.999999999999999e-08
1759811058090960320,168911,1759811058086672320,base_link,-0.052013639115714855,-0.019461710329144143,0.033339758752360685,-0.9978999740118252,1.0,0.0,0.0,0.0,1.0,0.0,0.0,0.0,1.0,0.067601777613163,-0.026057116687297877,-0.4571952819824219,1.2184696791468346e-07,0.0,0.0,0.0,1.2184696791468346e-07,0.0,0.0,0.0,1.2184696791468346e-07,-1.0658525228500366,-0.09912012517452125,9.436210632324219,8.999999999999999e-08,0.0,0.0,0.0,8.999999999999999e-08,0.0,0.0,0.0,8.999999999999999e-08
1759811058095774816,168912,1759811058091672320,base_link,-0.0522617088806049,-0.01956255324965154,0.03461613391266459,-0.9978415584797891,1.0,0.0,0.0,0.0,1.0,0.0,0.0,0.0,1.0,0.0794273167848587,0.015776865184307036,-0.5033936500549316,1.2184696791468346e-07,0.0,0.0,0.0,1.2184696791468346e-07,0.0,0.0,0.0,1.2184696791468346e-07,-0.19523805379867554,2.8730342388153085,8.946301460266113,8.999999999999999e-08,0.0,0.0,0.0,8.999999999999999e-08,0.0,0.0,0.0,8.999999999999999e-08
1759811058103344608,168913,1759811058096672320,base_link,-0.05239332031761426,-0.019594245045553696,0.03540760958085065,-0.9978062815675854,1.0,0.0,0.0,0.0,1.0,0.0,0.0,0.0,1.0,0.07323319464921951,0.017943317070603322,-0.40834397077560425,1.2184696791468346e-07,0.0,0.0,0.0,1.2184696791468346e-07,0.0,0.0,0.0,1.2184696791468346e-07,0.7438846230506897,2.0250859260559095,10.407628059387207,8.999999999999999e-08,0.0,0.0,0.0,8.999999999999999e-08,0.0,0.0,0.0,8.999999999999999e-08
1759811058106954848,168914,1759811058101672320,base_link,-0.052340208703045454,-0.01971965431038688,0.03538805344314163,-0.9978072930919497,1.0,0.0,0.0,0.0,1.0,0.0,0.0,0.0,1.0,0.010617068968713284,0.021593088284134854,-0.0858360156416893,1.2184696791468346e-07,0.0,0.0,0.0,1.2184696791468346e-07,0.0,0.0,0.0,1.2184696791468346e-07,0.6692429780960083,2.857562303543092,10.065176963806152,8.999999999999999e-08,0.0,0.0,0.0,8.999999999999999e-08,0.0,0.0,0.0,8.999999999999999e-08
1759811058119618400,168915,1759811058112672320,base_link,-0.0525402903296388,-0.019589283571230555,0.033888173545184405,-0.9978514208423406,1.0,0.0,0.0,0.0,1.0,0.0,0.0,0.0,1.0,0.04644656553864479,-0.032989654690027195,0.35884299874305725,1.2184696791468346e-07,0.0,0.0,0.0,1.2184696791468346e-07,0.0,0.0,0.0,1.2184696791468346e-07,-0.22387383878231049,1.2823765277862562,10.50061321258545,8.999999999999999e-08,0.0,0.0,0.0,8.999999999999999e-08,0.0,0.0,0.0,8.999999999999999e-08
1759811058129045696,168916,1759811058122672320,base_link,-0.05280792281768297,-0.019257993536866736,0.03238757715080256,-0.9978935676908515,1.0,0.0,0.0,0.0,1.0,0.0,0.0,0.0,1.0,0.048056669533252716,-0.0571007318794727,0.27383729815483093,1.2184696791468346e-07,0.0,0.0,0.0,1.2184696791468346e-07,0.0,0.0,0.0,1.2184696791468346e-07,-0.40700000524520874,0.3080777823925031,10.2824068069458,8.999999999999999e-08,0.0,0.0,0.0,8.999999999999999e-08,0.0,0.0,0.0,8.999999999999999e-08
1759811058140291488,168917,1759811058133672320,base_link,-0.05331714499265864,-0.01917452828883599,0.03301219344573399,-0.9978476276259746,1.0,0.0,0.0,0.0,1.0,0.0,0.0,0.0,1.0,0.11130940914154053,-0.007681322749704147,-0.2008787989616394,1.2184696791468346e-07,0.0,0.0,0.0,1.2184696791468346e-07,0.0,0.0,0.0,1.2184696791468346e-07,-1.06783926486969,-0.9777338504791249,9.48432445526123,8.999999999999999e-08,0.0,0.0,0.0,8.999999999999999e-08,0.0,0.0,0.0,8.999999999999999e-08
1759811058149281728,168918,1759811058144672320,base_link,-0.053665392548103014,-0.019579465989705547,0.03542429973286097,-0.9977383408477859,1.0,0.0,0.0,0.0,1.0,0.0,0.0,0.0,1.0,0.0678851529955864,0.05728559195995325,-0.4642566740512848,1.2184696791468346e-07,0.0,0.0,0.0,1.2184696791468346e-07,0.0,0.0,0.0,1.2184696791468346e-07,0.039691805839538574,2.7126300334930433,9.254608154296875,8.999999999999999e-08,0.0,0.0,0.0,8.999999999999999e-08,0.0,0.0,0.0,8.999999999999999e-08
1759811058155107552,168919,1759811058149672320,base_link,-0.05395912052082052,-0.01979887062925212,0.036217587715533,-0.9976897033846043,1.0,0.0,0.0,0.0,1.0,0.0,0.0,0.0,1.0,0.07724305987358093,0.07426038384437557,-0.3387533724308014,1.2184696791468346e-07,0.0,0.0,0.0,1.2184696791468346e-07,0.0,0.0,0.0,1.2184696791468346e-07,0.1403627097606659,2.174719572067262,9.85329532623291,8.999999999999999e-08,0.0,0.0,0.0,8.999999999999999e-08,0.0,0.0,0.0,8.999999999999999e-08
1759811058167621792,168920,1759811058160671552,base_link,-0.05386785942290427,-0.01991016728527923,0.03569315447951196,-0.9977113247178904,1.0,0.0,0.0,0.0,1.0,0.0,0.0,0.0,1.0,-0.0080326022580266,0.036353450268507025,0.1917523443698883,1.2184696791468346e-07,0.0,0.0,0.0,1.2184696791468346e-07,0.0,0.0,0.0,1.2184696791468346e-07,-0.6799156665802002,1.3931150436401378,8.767711639404297,8.999999999999999e-08,0.0,0.0,0.0,8.999999999999999e-08,0.0,0.0,0.0,8.999999999999999e-08
1759811058170853536,168921,1759811058165671552,base_link,-0.05421960253259702,-0.01990029306892654,0.03488570515574025,-0.9977210184930478,1.0,0.0,0.0,0.0,1.0,0.0,0.0,0.0,1.0,0.04461906477808952,-0.001969337929040153,0.3338746428489685,1.2184696791468346e-07,0.0,0.0,0.0,1.2184696791468346e-07,0.0,0.0,0.0,1.2184696791468346e-07,-0.28696298599243164,1.9158631563186657,9.842548370361328,8.999999999999999e-08,0.0,0.0,0.0,8.999999999999999e-08,0.0,0.0,0.0,8.999999999999999e-08
1759811058180064032,168922,1759811058175671552,base_link,-0.05444120671080026,-0.019644544675073417,0.03328935112154165,-0.9977685601381682,1.0,0.0,0.0,0.0,1.0,0.0,0.0,0.0,1.0,0.05274687707424164,-0.026377666741609535,0.3098336458206177,1.2184696791468346e-07,0.0,0.0,0.0,1.2184696791468346e-07,0.0,0.0,0.0,1.2184696791468346e-07,-0.6735085844993591,-0.2395047992467868,9.882793426513672,8.999999999999999e-08,0.0,0.0,0.0,8.999999999999999e-08,0.0,0.0,0.0,8.999999999999999e-08
1759811058190257632,168923,1759811058186671552,base_link,-0.05500104856792652,-0.019595032664785243,0.0342807714390634,-0.9977052977185533,1.0,0.0,0.0,0.0,1.0,0.0,0.0,0.0,1.0,0.11317496746778488,-0.00854726415127518,-0.18354272842407227,1.2184696791468346e-07,0.0,0.0,0.0,1.2184696791468346e-07,0.0,0.0,0.0,1.2184696791468346e-07,-0.8412646651268005,-0.21179403364658228,10.534281730651855,8.999999999999999e-08,0.0,0.0,0.0,8.999999999999999e-08,0.0,0.0,0.0,8.999999999999999e-08
1759811058199774496,168924,1759811058195671552,base_link,-0.0551711624681396,-0.01979658547980942,0.035693491654300046,-0.9976423724737266,1.0,0.0,0.0,0.0,1.0,0.0,0.0,0.0,1.0,0.06380078941583633,0.04578277468681329,-0.48747292160987854,1.2184696791468346e-07,0.0,0.0,0.0,1.2184696791468346e-07,0.0,0.0,0.0,1.2184696791468346e-07,-0.9352648258209229,1.1696362495422374,8.84105110168457,8.999999999999999e-08,0.0,0.0,0.0,8.999999999999999e-08,0.0,0.0,0.0,8.999999999999999e-08
1759811058205918176,168925,1759811058202671552,base_link,-0.05552429378965517,-0.02037617445255206,0.03754942812847726,-0.9975429480580894,1.0,0.0,0.0,0.0,1.0,0.0,0.0,0.0,1.0,0.07443277537822723,0.0975657925009727,-0.3888067603111267,1.2184696791468346e-07,0.0,0.0,0.0,1.2184696791468346e-07,0.0,0.0,0.0,1.2184696791468346e-07,-0.23851686716079712,2.1648240089416517,9.346999168395996,8.999999999999999e-08,0.0,0.0,0.0,8.999999999999999e-08,0.0,0.0,0.0,8.999999999999999e-08
1759811058220031456,168926,1759811058212671552,base_link,-0.055413136745063755,-0.020403859663667652,0.03706478151745048,-0.997566761027498,1.0,0.0,0.0,0.0,1.0,0.0,0.0,0.0,1.0,-0.012644429691135883,0.02764656953513624,0.1528625786304474,1.2184696791468346e-07,0.0,0.0,0.0,1.2184696791468346e-07,0.0,0.0,0.0,1.2184696791468346e-07,-0.19832605123519897,2.3413741588592543,9.687824249267578,8.999999999999999e-08,0.0,0.0,0.0,8.999999999999999e-08,0.0,0.0,0.0,8.999999999999999e-08
1759811058222919712,168927,1759811058218671552,base_link,-0.05563734744242958,-0.02033077702834976,0.03620485936728274,-0.9975872865427228,1.0,0.0,0.0,0.0,1.0,0.0,0.0,0.0,1.0,0.025480123236775398,0.0011106511810794867,0.32219362258911133,1.2184696791468346e-07,0.0,0.0,0.0,1.2184696791468346e-07,0.0,0.0,0.0,1.2184696791468346e-07,-0.9492983818054199,1.446485996246339,9.271560668945312,8.999999999999999e-08,0.0,0.0,0.0,8.999999999999999e-08,0.0,0.0,0.0,8.999999999999999e-08
1759811058229846688,168928,1759811058223671552,base_link,-0.055793201219866806,-0.0201531491353006,0.03538725265301992,-0.9976115209806166,1.0,0.0,0.0,0.0,1.0,0.0,0.0,0.0,1.0,0.033153750002384186,-0.053944621235132176,0.3191241919994354,1.2184696791468346e-07,0.0,0.0,0.0,1.2184696791468346e-07,0.0,0.0,0.0,1.2184696791468346e-07,-0.6877455115318298,0.369420796632768,10.412239074707031,8.999999999999999e-08,0.0,0.0,0.0,8.999999999999999e-08,0.0,0.0,0.0,8.999999999999999e-08
1759811058236616672,168929,1759811058228671552,base_link,-0.055926540677665115,-0.019937323026610405,0.03482155765230668,-0.9976282954263239,1.0,0.0,0.0,0.0,1.0,0.0,0.0,0.0,1.0,0.08499415218830109,-0.058289349079132066,0.11966780573129655,1.2184696791468346e-07,0.0,0.0,0.0,1.2184696791468346e-07,0.0,0.0,0.0,1.2184696791468346e-07,-0.9032090902328491,0.36631464958191035,9.671082496643066,8.999999999999999e-08,0.0,0.0,0.0,8.999999999999999e-08,0.0,0.0,0.0,8.999999999999999e-08
1759811058244577408,168930,1759811058239671552,base_link,-0.056399255779296255,-0.01976801781905313,0.035902708610308136,-0.997566761027498,1.0,0.0,0.0,0.0,1.0,0.0,0.0,0.0,1.0,0.0993485078215599,-0.039484597742557546,-0.19461825489997864,1.2184696791468346e-07,0.0,0.0,0.0,1.2184696791468346e-07,0.0,0.0,0.0,1.2184696791468346e-07,-0.8102936148643494,0.4551171362400067,10.14277172088623,8.999999999999999e-08,0.0,0.0,0.0,8.999999999999999e-08,0.0,0.0,0.0,8.999999999999999e-08
1759811058257973216,168931,1759811058250671552,base_link,-0.05641106743359143,-0.020013939411758132,0.038118747758162416,-0.9974789691420498,1.0,0.0,0.0,0.0,1.0,0.0,0.0,0.0,1.0,0.0154682956635952,0.03255974501371379,-0.42198100686073303,1.2184696791468346e-07,0.0,0.0,0.0,1.2184696791468346e-07,0.0,0.0,0.0,1.2184696791468346e-07,-0.4883553087711334,1.8644186258316051,9.055343627929688,8.999999999999999e-08,0.0,0.0,0.0,8.999999999999999e-08,0.0,0.0,0.0,8.999999999999999e-08
1759811058262054656,168932,1759811058255671552,base_link,-0.056683263635075934,-0.020141290065800847,0.03850097752730774,-0.9974463053344539,1.0,0.0,0.0,0.0,1.0,0.0,0.0,0.0,1.0,0.0386519618332386,0.025510035455226877,-0.1754438579082489,1.2184696791468346e-07,0.0,0.0,0.0,1.2184696791468346e-07,0.0,0.0,0.0,1.2184696791468346e-07,0.749757707118988,2.772434473037721,10.118903160095215,8.999999999999999e-08,0.0,0.0,0.0,8.999999999999999e-08,0.0,0.0,0.0,8.999999999999999e-08
1759811058269925280,168933,1759811058265670528,base_link,-0.05654945529358794,-0.02007359959291432,0.03734598529071521,-0.9974991574824865,1.0,0.0,0.0,0.0,1.0,0.0,0.0,0.0,1.0,-0.0030557855498045683,0.009473524056375056,0.23550887405872345,1.2184696791468346e-07,0.0,0.0,0.0,1.2184696791468346e-07,0.0,0.0,0.0,1.2184696791468346e-07,-0.05354655534029007,1.3307574987411512,10.329915046691895,8.999999999999999e-08,0.0,0.0,0.0,8.999999999999999e-08,0.0,0.0,0.0,8.999999999999999e-08
1759811058281431616,168934,1759811058275670528,base_link,-0.056565122067432846,-0.01994876721307013,0.03637378393611438,-0.9975367103245097,1.0,0.0,0.0,0.0,1.0,0.0,0.0,0.0,1.0,0.024662695825099945,-0.04276055842638011,0.380452424287796,1.2184696791468346e-07,0.0,0.0,0.0,1.2184696791468346e-07,0.0,0.0,0.0,1.2184696791468346e-07,-1.231566309928894,1.4689135551452648,9.411425590515137,8.999999999999999e-08,0.0,0.0,0.0,8.999999999999999e-08,0.0,0.0,0.0,8.999999999999999e-08
1759811058282042144,168935,1759811058276670528,base_link,-0.05649582474594684,-0.019646476844659838,0.0355145782823713,-0.9975775927675653,1.0,0.0,0.0,0.0,1.0,0.0,0.0,0.0,1.0,-0.001197626581415534,-0.07085700333118435,0.3660666346549988,1.2184696791468346e-07,0.0,0.0,0.0,1.2184696791468346e-07,0.0,0.0,0.0,1.2184696791468346e-07,-0.5329554677009583,0.76513570547104,10.226927757263184,8.999999999999999e-08,0.0,0.0,0.0,8.999999999999999e-08,0.0,0.0,0.0,8.999999999999999e-08
1759811058292579424,168936,1759811058286670528,base_link,-0.0568149172189338,-0.01941332706414265,0.034803392360598505,-0.9975890567103602,1.0,0.0,0.0,0.0,1.0,0.0,0.0,0.0,1.0,0.014922056347131729,-0.05100199207663535,0.1299166977405548,1.2184696791468346e-07,0.0,0.0,0.0,1.2184696791468346e-07,0.0,0.0,0.0,1.2184696791468346e-07,-1.0457220077514648,0.20982626080513117,9.468002319335938,8.999999999999999e-08,0.0,0.0,0.0,8.999999999999999e-08,0.0,0.0,0.0,8.999999999999999e-08
1759811058299727840,168937,1759811058296670528,base_link,-0.0569657199599948,-0.01931883251269221,0.03549401062029797,-0.9975579523361593,1.0,0.0,0.0,0.0,1.0,0.0,0.0,0.0,1.0,0.004443783778697252,-0.017216887325048478,-0.2689658999443054,1.2184696791468346e-07,0.0,0.0,0.0,1.2184696791468346e-07,0.0,0.0,0.0,1.2184696791468346e-07,-0.7160497903823853,-0.1879947781562792,10.713716506958008,8.999999999999999e-08,0.0,0.0,0.0,8.999999999999999e-08,0.0,0.0,0.0,8.999999999999999e-08
1759811058305974880,168938,1759811058302670528,base_link,-0.056802896147485085,-0.019573030692773538,0.03721242192778416,-0.9974997053915172,1.0,0.0,0.0,0.0,1.0,0.0,0.0,0.0,1.0,-0.01061781495809555,0.01676625013351436,-0.35528913140296936,1.2184696791468346e-07,0.0,0.0,0.0,1.2184696791468346e-07,0.0,0.0,0.0,1.2184696791468346e-07,-0.5703874826431274,2.1301000118255624,8.490433692932129,8.999999999999999e-08,0.0,0.0,0.0,8.999999999999999e-08,0.0,0.0,0.0,8.999999999999999e-08
1759811058323583584,168939,1759811058308670528,base_link,-0.05690493366772996,-0.0195580211463476,0.03757147093024846,-0.9974806971628388,1.0,0.0,0.0,0.0,1.0,0.0,0.0,0.0,1.0,-0.01679825596511364,0.022044511511921865,-0.13112366199493408,1.2184696791468346e-07,0.0,0.0,0.0,1.2184696791468346e-07,0.0,0.0,0.0,1.2184696791468346e-07,0.5477172136306763,2.202039241790773,10.857869148254395,8.999999999999999e-08,0.0,0.0,0.0,8.999999999999999e-08,0.0,0.0,0.0,8.999999999999999e-08
1759811058323591424,168940,1759811058318670528,base_link,-0.056501564619878424,-0.01951728885143985,0.036118711208926464,-0.9975581209235532,1.0,0.0,0.0,0.0,1.0,0.0,0.0,0.0,1.0,-0.06177910417318344,-0.007998620159923997,0.2689806818962097,1.2184696791468346e-07,0.0,0.0,0.0,1.2184696791468346e-07,0.0,0.0,0.0,1.2184696791468346e-07,-0.5831149816513062,1.590894103050233,9.262672424316406,8.999999999999999e-08,0.0,0.0,0.0,8.999999999999999e-08,0.0,0.0,0.0,8.999999999999999e-08
1759811058328216224,168941,1759811058323670528,base_link,-0.05657744080099917,-0.019324038965572325,0.0348861687710739,-0.9976014478838225,1.0,0.0,0.0,0.0,1.0,0.0,0.0,0.0,1.0,-0.008011638186872005,-0.03766827657818789,0.46149101853370667,1.2184696791468346e-07,0.0,0.0,0.0,1.2184696791468346e-07,0.0,0.0,0.0,1.2184696791468346e-07,-0.8406042456626892,0.7153448462486279,9.81125259399414,8.999999999999999e-08,0.0,0.0,0.0,8.999999999999999e-08,0.0,0.0,0.0,8.999999999999999e-08
1759811058335933024,168942,1759811058329670528,base_link,-0.0564898570156155,-0.019164663292106407,0.03383317190787773,-0.9976457020747589,1.0,0.0,0.0,0.0,1.0,0.0,0.0,0.0,1.0,-0.0032128402963280678,-0.07308056205511089,0.35359036922454834,1.2184696791468346e-07,0.0,0.0,0.0,1.2184696791468346e-07,0.0,0.0,0.0,1.2184696791468346e-07,-0.8505738377571106,0.672298312187196,9.73245620727539,8.999999999999999e-08,0.0,0.0,0.0,8.999999999999999e-08,0.0,0.0,0.0,8.999999999999999e-08
1759811058339670272,168943,1759811058334670528,base_link,-0.05652671048337123,-0.018862121359694065,0.033415075170649663,-0.9976634880448305,1.0,0.0,0.0,0.0,1.0,0.0,0.0,0.0,1.0,-0.010008119978010654,-0.08247592300176618,0.24560488760471344,1.2184696791468346e-07,0.0,0.0,0.0,1.2184696791468346e-07,0.0,0.0,0.0,1.2184696791468346e-07,-0.4194776117801666,-0.19194570183753845,10.012063980102539,8.999999999999999e-08,0.0,0.0,0.0,8.999999999999999e-08,0.0,0.0,0.0,8.999999999999999e-08
1759811058349859520,168944,1759811058345670528,base_link,-0.05649942303313846,-0.01871141213195321,0.03433825974043226,-0.9976365140617836,1.0,0.0,0.0,0.0,1.0,0.0,0.0,0.0,1.0,0.005942950956523418,-0.03242461010813716,-0.25041985511779785,1.2184696791468346e-07,0.0,0.0,0.0,1.2184696791468346e-07,0.0,0.0,0.0,1.2184696791468346e-07,-1.2745840549468994,0.09300309419632076,9.659253120422363,8.999999999999999e-08,0.0,0.0,0.0,8.999999999999999e-08,0.0,0.0,0.0,8.999999999999999e-08
1759811058355940480,168945,1759811058350670528,base_link,-0.05637156793400263,-0.018826017315588424,0.03543428853595807,-0.9976032601983085,1.0,0.0,0.0,0.0,1.0,0.0,0.0,0.0,1.0,-0.019506338983774185,0.007361258380114983,-0.4064342677593231,1.2184696791468346e-07,0.0,0.0,0.0,1.2184696791468346e-07,0.0,0.0,0.0,1.2184696791468346e-07,-0.6680312156677246,0.9685629010200513,9.862802505493164,8.999999999999999e-08,0.0,0.0,0.0,8.999999999999999e-08,0.0,0.0,0.0,8.999999999999999e-08
1759811058364160096,168946,1759811058359669504,base_link,-0.05634912737134861,-0.019098209565805872,0.03624902926452218,-0.9975700906285304,1.0,0.0,0.0,0.0,1.0,0.0,0.0,0.0,1.0,-0.007625726982951164,0.05103139951825139,-0.24324539303779602,1.2184696791468346e-07,0.0,0.0,0.0,1.2184696791468346e-07,0.0,0.0,0.0,1.2184696791468346e-07,0.19807127118110657,2.6646389961242685,8.65371036529541,8.999999999999999e-08,0.0,0.0,0.0,8.999999999999999e-08,0.0,0.0,0.0,8.999999999999999e-08
1759811058373781024,168947,1759811058366669504,base_link,-0.05607939939468003,-0.019227662293918066,0.035478036964712356,-0.9976105937499493,1.0,0.0,0.0,0.0,1.0,0.0,0.0,0.0,1.0,-0.07797250896692276,0.03283629566431048,0.20574945211410522,1.2184696791468346e-07,0.0,0.0,0.0,1.2184696791468346e-07,0.0,0.0,0.0,1.2184696791468346e-07,0.1384078562259674,1.8115712404251112,10.303169250488281,8.999999999999999e-08,0.0,0.0,0.0,8.999999999999999e-08,0.0,0.0,0.0,8.999999999999999e-08
1759811058379658752,168948,1759811058371669504,base_link,-0.05596988080882447,-0.019113117696377586,0.03428738849427959,-0.9976604956185863,1.0,0.0,0.0,0.0,1.0,0.0,0.0,0.0,1.0,-0.04169489070773125,-0.0196208525449037,0.4623836576938629,1.2184696791468346e-07,0.0,0.0,0.0,1.2184696791468346e-07,0.0,0.0,0.0,1.2184696791468346e-07,-0.8488605618476868,1.6228650808334362,9.685868263244629,8.999999999999999e-08,0.0,0.0,0.0,8.999999999999999e-08,0.0,0.0,0.0,8.999999999999999e-08
1759811058386747840,168949,1759811058382669504,base_link,-0.05587263485841968,-0.018714932710892883,0.032158045413812245,-0.99774445214082,1.0,0.0,0.0,0.0,1.0,0.0,0.0,0.0,1.0,-0.021643003448843956,-0.06171133741736407,0.39572814106941223,1.2184696791468346e-07,0.0,0.0,0.0,1.2184696791468346e-07,0.0,0.0,0.0,1.2184696791468346e-07,-0.14597511291503906,0.47327888011932495,9.771355628967285,8.999999999999999e-08,0.0,0.0,0.0,8.999999999999999e-08,0.0,0.0,0.0,8.999999999999999e-08
1759811058395182080,168950,1759811058387669504,base_link,-0.05583007312686876,-0.018566906393477543,0.031745975675921204,-0.9977627860199222,1.0,0.0,0.0,0.0,1.0,0.0,0.0,0.0,1.0,-0.007256529293954372,-0.05389707535505292,0.2181788980960846,1.2184696791468346e-07,0.0,0.0,0.0,1.2184696791468346e-07,0.0,0.0,0.0,1.2184696791468346e-07,-0.6889592409133911,0.24657709896564595,9.168436050415039,8.999999999999999e-08,0.0,0.0,0.0,8.999999999999999e-08,0.0,0.0,0.0,8.999999999999999e-08
1759811058401135008,168951,1759811058392669504,base_link,-0.055978547254549524,-0.01846206479071768,0.032176421439762966,-0.9977425976794855,1.0,0.0,0.0,0.0,1.0,0.0,0.0,0.0,1.0,0.025375396013259888,-0.016253914684057263,-0.2260962724685669,1.2184696791468346e-07,0.0,0.0,0.0,1.2184696791468346e-07,0.0,0.0,0.0,1.2184696791468346e-07,-1.1906641721725464,-1.0476444959640492,9.533575057983398,8.999999999999999e-08,0.0,0.0,0.0,8.999999999999999e-08,0.0,0.0,0.0,8.999999999999999e-08
1759811058412096608,168952,1759811058403669504,base_link,-0.056066532752083065,-0.018828538223964984,0.03444775725286359,-0.9976549743814314,1.0,0.0,0.0,0.0,1.0,0.0,0.0,0.0,1.0,0.009459542110562325,0.06098519265651697,-0.45252254605293274,1.2184696791468346e-07,0.0,0.0,0.0,1.2184696791468346e-07,0.0,0.0,0.0,1.2184696791468346e-07,-0.1368332803249359,1.8062345981597911,9.375048637390137,8.999999999999999e-08,0.0,0.0,0.0,8.999999999999999e-08,0.0,0.0,0.0,8.999999999999999e-08
1759811058417321440,168953,1759811058408669504,base_link,-0.055873526527683494,-0.019142426878249866,0.035254321492816564,-0.9976316671742048,1.0,0.0,0.0,0.0,1.0,0.0,0.0,0.0,1.0,0.006495635025203228,0.10262963175773618,-0.23104038834571838,1.2184696791468346e-07,0.0,0.0,0.0,1.2184696791468346e-07,0.0,0.0,0.0,1.2184696791468346e-07,0.6361740231513977,2.9382421970367445,10.07113265991211,8.999999999999999e-08,0.0,0.0,0.0,8.999999999999999e-08,0.0,0.0,0.0,8.999999999999999e-08
1759811058423362272,168954,1759811058419669504,base_link,-0.05580679884686763,-0.01949734417247109,0.03449854420531919,-0.9976549322345828,1.0,0.0,0.0,0.0,1.0,0.0,0.0,0.0,1.0,-0.04683693125844002,0.07354444265365602,0.13890159130096436,1.2184696791468346e-07,0.0,0.0,0.0,1.2184696791468346e-07,0.0,0.0,0.0,1.2184696791468346e-07,-0.47248661518096924,1.616350531578065,9.060593605041504,8.999999999999999e-08,0.0,0.0,0.0,8.999999999999999e-08,0.0,0.0,0.0,8.999999999999999e-08
1759811058429928352,168955,1759811058424669504,base_link,-0.055738827834020704,-0.019383778172069467,0.033385572376692006,-0.9976988071038826,1.0,0.0,0.0,0.0,1.0,0.0,0.0,0.0,1.0,-0.02977805584669113,0.012433616444468545,0.3871363401412964,1.2184696791468346e-07,0.0,0.0,0.0,1.2184696791468346e-07,0.0,0.0,0.0,1.2184696791468346e-07,-0.7352688312530518,1.0123938322067274,10.26530933380127,8.999999999999999e-08,0.0,0.0,0.0,8.999999999999999e-08,0.0,0.0,0.0,8.999999999999999e-08
1759811058435748448,168956,1759811058429669504,base_link,-0.055804134375788336,-0.01934976039696511,0.032336453023558843,-0.9977303329465688,1.0,0.0,0.0,0.0,1.0,0.0,0.0,0.0,1.0,0.007282244972884655,-0.006119758822023817,0.4203633666038513,1.2184696791468346e-07,0.0,0.0,0.0,1.2184696791468346e-07,0.0,0.0,0.0,1.2184696791468346e-07,-0.3355964124202728,0.7857593894004834,10.024048805236816,8.999999999999999e-08,0.0,0.0,0.0,8.999999999999999e-08,0.0,0.0,0.0,8.999999999999999e-08
1759811058446037408,168957,1759811058440669504,base_link,-0.055937631884268556,-0.019019642571825503,0.03151020620535125,-0.9977557053493724,1.0,0.0,0.0,0.0,1.0,0.0,0.0,0.0,1.0,0.022171007469296455,-0.045284997671842554,0.1772400438785553,1.2184696791468346e-07,0.0,0.0,0.0,1.2184696791468346e-07,0.0,0.0,0.0,1.2184696791468346e-07,-0.9281795024871826,-0.5676209926605212,9.800650596618652,8.999999999999999e-08,0.0,0.0,0.0,8.999999999999999e-08,0.0,0.0,0.0,8.999999999999999e-08
1759811058453825504,168958,1759811058445669504,base_link,-0.05622237994407521,-0.01917070873068969,0.03227765816988615,-0.9977122519485576,1.0,0.0,0.0,0.0,1.0,0.0,0.0,0.0,1.0,0.07063286751508713,0.006032806821167445,-0.20126241445541382,1.2184696791468346e-07,0.0,0.0,0.0,1.2184696791468346e-07,0.0,0.0,0.0,1.2184696791468346e-07,-1.4372137784957886,-0.8799905776977528,9.064990997314453,8.999999999999999e-08,0.0,0.0,0.0,8.999999999999999e-08,0.0,0.0,0.0,8.999999999999999e-08
1759811058457124608,168959,1759811058450669504,base_link,-0.056182086239809775,-0.01922532709509276,0.03375772904904319,-0.9976644995691948,1.0,0.0,0.0,0.0,1.0,0.0,0.0,0.0,1.0,0.04913118854165077,0.05172877013683313,-0.5211865305900574,1.2184696791468346e-07,0.0,0.0,0.0,1.2184696791468346e-07,0.0,0.0,0.0,1.2184696791468346e-07,-0.7635799646377563,0.23037266731262335,10.384812355041504,8.999999999999999e-08,0.0,0.0,0.0,8.999999999999999e-08,0.0,0.0,0.0,8.999999999999999e-08
1759811058465334592,168960,1759811058460668736,base_link,-0.056165178768111834,-0.019675772855641954,0.03503789742571312,-0.9976125746518294,1.0,0.0,0.0,0.0,1.0,0.0,0.0,0.0,1.0,0.018367134034633636,0.09462743997573847,-0.4839845597743988,1.2184696791468346e-07,0.0,0.0,0.0,1.2184696791468346e-07,0.0,0.0,0.0,1.2184696791468346e-07,0.4186420738697052,2.0912179946899427,9.38741397857666,8.999999999999999e-08,0.0,0.0,0.0,8.999999999999999e-08,0.0,0.0,0.0,8.999999999999999e-08
1759811058472073504,168961,1759811058466668736,base_link,-0.056235240001227094,-0.02013097725880584,0.035750474193486766,-0.997574263166533,1.0,0.0,0.0,0.0,1.0,0.0,0.0,0.0,1.0,-0.005466264672577381,0.0887477621436119,-0.13745196163654327,1.2184696791468346e-07,0.0,0.0,0.0,1.2184696791468346e-07,0.0,0.0,0.0,1.2184696791468346e-07,0.344979852437973,2.0319802761077894,10.781712532043457,8.999999999999999e-08,0.0,0.0,0.0,8.999999999999999e-08,0.0,0.0,0.0,8.999999999999999e-08
1759811058477200416,168962,1759811058472668736,base_link,-0.05602567269954077,-0.02041881125817689,0.034996129898838796,-0.9976068848272803,1.0,0.0,0.0,0.0,1.0,0.0,0.0,0.0,1.0,-0.05374952778220177,0.07654885947704318,0.2058543562889099,1.2184696791468346e-07,0.0,0.0,0.0,1.2184696791468346e-07,0.0,0.0,0.0,1.2184696791468346e-07,-0.22470399737358093,1.7574775218963634,9.661067008972168,8.999999999999999e-08,0.0,0.0,0.0,8.999999999999999e-08,0.0,0.0,0.0,8.999999999999999e-08
1759811058486150752,168963,1759811058477668736,base_link,-0.056266801405316674,-0.020255274900509542,0.03419538192398031,-0.9976244600631095,1.0,0.0,0.0,0.0,1.0,0.0,0.0,0.0,1.0,0.015673963353037834,0.016781559213995975,0.33360451459884644,1.2184696791468346e-07,0.0,0.0,0.0,1.2184696791468346e-07,0.0,0.0,0.0,1.2184696791468346e-07,-0.658616304397583,0.976764202117921,9.267662048339844,8.999999999999999e-08,0.0,0.0,0.0,8.999999999999999e-08,0.0,0.0,0.0,8.999999999999999e-08
1759811058494390144,168964,1759811058482668736,base_link,-0.05632702266639366,-0.020155562042377846,0.03326490594940534,-0.9976545107660977,1.0,0.0,0.0,0.0,1.0,0.0,0.0,0.0,1.0,0.03755848854780197,-0.05601644143462177,0.31727761030197144,1.2184696791468346e-07,0.0,0.0,0.0,1.2184696791468346e-07,0.0,0.0,0.0,1.2184696791468346e-07,-0.6136785745620728,0.8047753572464003,10.57761001586914,8.999999999999999e-08,0.0,0.0,0.0,8.999999999999999e-08,0.0,0.0,0.0,8.999999999999999e-08
1759811058496784512,168965,1759811058493668736,base_link,-0.05675221851341778,-0.019836297030729793,0.032555616635815465,-0.9976602005906466,1.0,0.0,0.0,0.0,1.0,0.0,0.0,0.0,1.0,0.08471179753541946,-0.05126960203051565,0.14977355301380157,1.2184696791468346e-07,0.0,0.0,0.0,1.2184696791468346e-07,0.0,0.0,0.0,1.2184696791468346e-07,-0.8424664735794067,-0.8756008148193347,10.143370628356934,8.999999999999999e-08,0.0,0.0,0.0,8.999999999999999e-08,0.0,0.0,0.0,8.999999999999999e-08
1759811058502808064,168966,1759811058498668736,base_link,-0.05682632057563403,-0.019958709918051654,0.033149044262848856,-0.9976339852508729,1.0,0.0,0.0,0.0,1.0,0.0,0.0,0.0,1.0,0.07723334431648254,-0.0034751803614199283,-0.10038580745458603,1.2184696791468346e-07,0.0,0.0,0.0,1.2184696791468346e-07,0.0,0.0,0.0,1.2184696791468346e-07,-1.0386161804199219,-0.6895313858985889,9.968276977539062,8.999999999999999e-08,0.0,0.0,0.0,8.999999999999999e-08,0.0,0.0,0.0,8.999999999999999e-08
1759811058513456768,168967,1759811058509668736,base_link,-0.057163195067425544,-0.020192424729756686,0.03525840973712212,-0.997537721848874,1.0,0.0,0.0,0.0,1.0,0.0,0.0,0.0,1.0,0.059780966490507126,0.0402622483670711,-0.3952239453792572,1.2184696791468346e-07,0.0,0.0,0.0,1.2184696791468346e-07,0.0,0.0,0.0,1.2184696791468346e-07,-0.45331382751464844,1.7801117897033703,9.887859344482422,8.999999999999999e-08,0.0,0.0,0.0,8.999999999999999e-08,0.0,0.0,0.0,8.999999999999999e-08
1759811058532741920,168968,1759811058528668736,base_link,-0.057336401492648105,-0.02036224096785216,0.03471501041927116,-0.997543411673423,1.0,0.0,0.0,0.0,1.0,0.0,0.0,0.0,1.0,0.03489655256271362,-0.01747199520468708,0.304352730512619,1.2184696791468346e-07,0.0,0.0,0.0,1.2184696791468346e-07,0.0,0.0,0.0,1.2184696791468346e-07,0.7563032507896423,1.872747898101808,10.187429428100586,8.999999999999999e-08,0.0,0.0,0.0,8.999999999999999e-08,0.0,0.0,0.0,8.999999999999999e-08
1759811058540643136,168969,1759811058530668736,base_link,-0.0574328967023138,-0.020221949914227585,0.03387321141396304,-0.9975696691600453,1.0,0.0,0.0,0.0,1.0,0.0,0.0,0.0,1.0,0.03342645242810249,-0.010582388378679707,0.3731681704521179,1.2184696791468346e-07,0.0,0.0,0.0,1.2184696791468346e-07,0.0,0.0,0.0,1.2184696791468346e-07,-1.1443843841552734,1.3578133583068859,9.077430725097656,8.999999999999999e-08,0.0,0.0,0.0,8.999999999999999e-08,0.0,0.0,0.0,8.999999999999999e-08
1759811058541974240,168970,1759811058535668736,base_link,-0.057675513718677754,-0.02001059005439053,0.03293460109762547,-0.9975913326401799,1.0,0.0,0.0,0.0,1.0,0.0,0.0,0.0,1.0,0.05353129282593727,-0.05743920803070064,0.3614618480205536,1.2184696791468346e-07,0.0,0.0,0.0,1.2184696791468346e-07,0.0,0.0,0.0,1.2184696791468346e-07,-0.631848931312561,0.6756922602653517,10.426678657531738,8.999999999999999e-08,0.0,0.0,0.0,8.999999999999999e-08,0.0,0.0,0.0,8.999999999999999e-08
1759811058551990976,168971,1759811058546668736,base_link,-0.05803177576078427,-0.019705299357201868,0.03213237798306907,-0.9976029651703688,1.0,0.0,0.0,0.0,1.0,0.0,0.0,0.0,1.0,0.08031066507101059,-0.045803278684616075,0.0972880944609642,1.2184696791468346e-07,0.0,0.0,0.0,1.2184696791468346e-07,0.0,0.0,0.0,1.2184696791468346e-07,-0.8840370178222656,-0.5591656565666187,9.820218086242676,8.999999999999999e-08,0.0,0.0,0.0,8.999999999999999e-08,0.0,0.0,0.0,8.999999999999999e-08
1759811058556827264,168972,1759811058551668736,base_link,-0.058319218584717586,-0.01963511300063009,0.03276479144497506,-0.997567013908589,1.0,0.0,0.0,0.0,1.0,0.0,0.0,0.0,1.0,0.0875382348895073,-0.042219605296850225,-0.17012374103069305,1.2184696791468346e-07,0.0,0.0,0.0,1.2184696791468346e-07,0.0,0.0,0.0,1.2184696791468346e-07,-1.201006293296814,-0.3058434128761279,10.46755599975586,8.999999999999999e-08,0.0,0.0,0.0,8.999999999999999e-08,0.0,0.0,0.0,8.999999999999999e-08
1759811058562807552,168973,1759811058556667712,base_link,-0.058286450727089385,-0.019674092250057586,0.0337871054024553,-0.9975340550730536,1.0,0.0,0.0,0.0,1.0,0.0,0.0,0.0,1.0,0.05709687992930412,-0.018365828320384074,-0.3860568404197693,1.2184696791468346e-07,0.0,0.0,0.0,1.2184696791468346e-07,0.0,0.0,0.0,1.2184696791468346e-07,-1.3305988311767578,1.121007561683656,9.257319450378418,8.999999999999999e-08,0.0,0.0,0.0,8.999999999999999e-08,0.0,0.0,0.0,8.999999999999999e-08
1759811058570640640,168974,1759811058561667712,base_link,-0.05845786459416122,-0.01970306030587473,0.034871712402034676,-0.9974860919594482,1.0,0.0,0.0,0.0,1.0,0.0,0.0,0.0,1.0,0.0564199835062027,0.0020770232658832762,-0.4106990694999695,1.2184696791468346e-07,0.0,0.0,0.0,1.2184696791468346e-07,0.0,0.0,0.0,1.2184696791468346e-07,-0.16829994320869446,1.550845742225648,9.53425121307373,8.999999999999999e-08,0.0,0.0,0.0,8.999999999999999e-08,0.0,0.0,0.0,8.999999999999999e-08
1759811058572307456,168975,1759811058567667712,base_link,-0.05852995282727206,-0.01969032537217936,0.03519843477169109,-0.9974706662128932,1.0,0.0,0.0,0.0,1.0,0.0,0.0,0.0,1.0,0.05246512591838837,-0.008263955824077155,-0.2193305492401123,1.2184696791468346e-07,0.0,0.0,0.0,1.2184696791468346e-07,0.0,0.0,0.0,1.2184696791468346e-07,0.820807158946991,3.2216732501983656,10.473702430725098,8.999999999999999e-08,0.0,0.0,0.0,8.999999999999999e-08,0.0,0.0,0.0,8.999999999999999e-08
1759811058578674400,168976,1759811058572667712,base_link,-0.05850772036468256,-0.019704971402036895,0.03482918623188713,-0.9974846168197503,1.0,0.0,0.0,0.0,1.0,0.0,0.0,0.0,1.0,-0.006669420748949051,0.005852898582816142,0.1517029106616974,1.2184696791468346e-07,0.0,0.0,0.0,1.2184696791468346e-07,0.0,0.0,0.0,1.2184696791468346e-07,0.03962824121117592,2.6482973098754896,9.22437572479248,8.999999999999999e-08,0.0,0.0,0.0,8.999999999999999e-08,0.0,0.0,0.0,8.999999999999999e-08
1759811058587949568,168977,1759811058583667712,base_link,-0.0587463189424588,-0.019468648754080248,0.032562865893759355,-0.9975517988962767,1.0,0.0,0.0,0.0,1.0,0.0,0.0,0.0,1.0,0.022207407280802727,-0.02270467393100256,0.4652184844017029,1.2184696791468346e-07,0.0,0.0,0.0,1.2184696791468346e-07,0.0,0.0,0.0,1.2184696791468346e-07,-0.9365479946136475,1.0388597249984755,10.057907104492188,8.999999999999999e-08,0.0,0.0,0.0,8.999999999999999e-08,0.0,0.0,0.0,8.999999999999999e-08
1759811058593899360,168978,1759811058588667712,base_link,-0.058781099312103395,-0.019227896735762907,0.03175318278701659,-0.9975805009001126,1.0,0.0,0.0,0.0,1.0,0.0,0.0,0.0,1.0,0.008371616713702679,-0.054581627249717664,0.3824695646762848,1.2184696791468346e-07,0.0,0.0,0.0,1.2184696791468346e-07,0.0,0.0,0.0,1.2184696791468346e-07,-0.565963864326477,0.0985116139054311,10.309134483337402,8.999999999999999e-08,0.0,0.0,0.0,8.999999999999999e-08,0.0,0.0,0.0,8.999999999999999e-08
1759811058602010112,168979,1759811058597667712,base_link,-0.05884169462646092,-0.019072476280611938,0.03129108473994316,-0.9975944936538182,1.0,0.0,0.0,0.0,1.0,0.0,0.0,0.0,1.0,0.03568364679813385,-0.05374840274453162,0.1262536197900772,1.2184696791468346e-07,0.0,0.0,0.0,1.2184696791468346e-07,0.0,0.0,0.0,1.2184696791468346e-07,-0.3849598169326782,0.8803375959396373,8.769695281982422,8.999999999999999e-08,0.0,0.0,0.0,8.999999999999999e-08,0.0,0.0,0.0,8.999999999999999e-08
1759811058607869408,168980,1759811058604667712,base_link,-0.0590460120113296,-0.018839878360392442,0.03234698973568659,-0.997553147595429,1.0,0.0,0.0,0.0,1.0,0.0,0.0,0.0,1.0,0.04871948063373566,-0.05474094673991206,-0.20881851017475128,1.2184696791468346e-07,0.0,0.0,0.0,1.2184696791468346e-07,0.0,0.0,0.0,1.2184696791468346e-07,-1.297863245010376,-0.4357946217060077,9.796720504760742,8.999999999999999e-08,0.0,0.0,0.0,8.999999999999999e-08,0.0,0.0,0.0,8.999999999999999e-08
1759811058615973216,168981,1759811058609667712,base_link,-0.05906818915618043,-0.018868335385671394,0.03341123980743513,-0.997516269102982,1.0,0.0,0.0,0.0,1.0,0.0,0.0,0.0,1.0,0.0210270956158638,-0.02059568092226987,-0.3905152976512909,1.2184696791468346e-07,0.0,0.0,0.0,1.2184696791468346e-07,0.0,0.0,0.0,1.2184696791468346e-07,-0.8587457537651062,1.3538936376571666,9.84994125366211,8.999999999999999e-08,0.0,0.0,0.0,8.999999999999999e-08,0.0,0.0,0.0,8.999999999999999e-08
1759811058626053536,168982,1759811058620667712,base_link,-0.059172452556862286,-0.019132140413035174,0.03453930020782924,-0.9974666622622846,1.0,0.0,0.0,0.0,1.0,0.0,0.0,0.0,1.0,0.003767955582588911,0.021925223991274816,-0.14292077720165253,1.2184696791468346e-07,0.0,0.0,0.0,1.2184696791468346e-07,0.0,0.0,0.0,1.2184696791468346e-07,0.8660523295402527,2.9833121299743666,10.563494682312012,8.999999999999999e-08,0.0,0.0,0.0,8.999999999999999e-08,0.0,0.0,0.0,8.999999999999999e-08
1759811058636751936,168983,1759811058630667712,base_link,-0.058879891525012926,-0.019068792382634283,0.032749239257874506,-0.997545561162697,1.0,0.0,0.0,0.0,1.0,0.0,0.0,0.0,1.0,-0.044197678565979004,-0.005726271308958483,0.39065271615982056,1.2184696791468346e-07,0.0,0.0,0.0,1.2184696791468346e-07,0.0,0.0,0.0,1.2184696791468346e-07,-0.6351110339164734,1.1539276838302623,9.904736518859863,8.999999999999999e-08,0.0,0.0,0.0,8.999999999999999e-08,0.0,0.0,0.0,8.999999999999999e-08
1759811058649162720,168984,1759811058641667712,base_link,-0.058886941902515394,-0.018817100622950337,0.03082633144141352,-0.997611225952677,1.0,0.0,0.0,0.0,1.0,0.0,0.0,0.0,1.0,-0.004446439910680056,-0.03775238990783687,0.3603770136833191,1.2184696791468346e-07,0.0,0.0,0.0,1.2184696791468346e-07,0.0,0.0,0.0,1.2184696791468346e-07,-0.1912238895893097,1.471347451210023,9.265547752380371,8.999999999999999e-08,0.0,0.0,0.0,8.999999999999999e-08,0.0,0.0,0.0,8.999999999999999e-08
1759811058655670272,168985,1759811058646667712,base_link,-0.05878796661423264,-0.018692918885080036,0.030596883998120192,-0.997626398818141,1.0,0.0,0.0,0.0,1.0,0.0,0.0,0.0,1.0,0.0070399814285337925,-0.022333472967147824,0.03566165640950203,1.2184696791468346e-07,0.0,0.0,0.0,1.2184696791468346e-07,0.0,0.0,0.0,1.2184696791468346e-07,-0.3850974440574646,-0.19167108833789706,9.68052864074707,8.999999999999999e-08,0.0,0.0,0.0,8.999999999999999e-08,0.0,0.0,0.0,8.999999999999999e-08
1759811058659794688,168986,1759811058651667712,base_link,-0.05893605351774271,-0.018676551419878635,0.031024505923111716,-0.9976047353380063,1.0,0.0,0.0,0.0,1.0,0.0,0.0,0.0,1.0,0.00637160986661911,-0.017439031973481206,-0.23821349442005157,1.2184696791468346e-07,0.0,0.0,0.0,1.2184696791468346e-07,0.0,0.0,0.0,1.2184696791468346e-07,-0.9659275412559509,-0.3197118341922747,10.206442832946777,8.999999999999999e-08,0.0,0.0,0.0,8.999999999999999e-08,0.0,0.0,0.0,8.999999999999999e-08
1759811058665735872,168987,1759811058657666688,base_link,-0.05884243483048789,-0.018821557652180364,0.03204842146083537,-0.9975751482503517,1.0,0.0,0.0,0.0,1.0,0.0,0.0,0.0,1.0,0.00785005185753107,0.028866231441497744,-0.4757181704044342,1.2184696791468346e-07,0.0,0.0,0.0,1.2184696791468346e-07,0.0,0.0,0.0,1.2184696791468346e-07,-1.3968276977539062,0.3272886574268352,9.28804874420166,8.999999999999999e-08,0.0,0.0,0.0,8.999999999999999e-08,0.0,0.0,0.0,8.999999999999999e-08
1759811058673287008,168988,1759811058667666688,base_link,-0.05882854480972552,-0.019334961584781724,0.033896307886947016,-0.9975051001881265,1.0,0.0,0.0,0.0,1.0,0.0,0.0,0.0,1.0,-0.005668280646204948,0.09409993141889568,-0.30065324902534485,1.2184696791468346e-07,0.0,0.0,0.0,1.2184696791468346e-07,0.0,0.0,0.0,1.2184696791468346e-07,0.9032528400421143,3.6249396800994886,9.983241081237793,8.999999999999999e-08,0.0,0.0,0.0,8.999999999999999e-08,0.0,0.0,0.0,8.999999999999999e-08
1759811058677345376,168989,1759811058673666688,base_link,-0.0585480641183306,-0.019517398169828178,0.03380324764543498,-0.9975212002842577,1.0,0.0,0.0,0.0,1.0,0.0,0.0,0.0,1.0,-0.051191456615924835,0.07585017383098601,-0.09954791516065599,1.2184696791468346e-07,0.0,0.0,0.0,1.2184696791468346e-07,0.0,0.0,0.0,1.2184696791468346e-07,0.17152786254882812,1.9226514101028453,9.163846015930176,8.999999999999999e-08,0.0,0.0,0.0,8.999999999999999e-08,0.0,0.0,0.0,8.999999999999999e-08
1759811058686749664,168990,1759811058682666688,base_link,-0.058401885676804655,-0.019715074791878368,0.03300848452306507,-0.9975525153927014,1.0,0.0,0.0,0.0,1.0,0.0,0.0,0.0,1.0,-0.08415036648511887,0.04561818018555645,0.34540870785713196,1.2184696791468346e-07,0.0,0.0,0.0,1.2184696791468346e-07,0.0,0.0,0.0,1.2184696791468346e-07,0.07800640165805817,1.6319513320922865,10.4406156539917,8.999999999999999e-08,0.0,0.0,0.0,8.999999999999999e-08,0.0,0.0,0.0,8.999999999999999e-08
1759811058693351520,168991,1759811058688666688,base_link,-0.05802363878484364,-0.019628310235862624,0.03099500312915411,-0.9976408973340286,1.0,0.0,0.0,0.0,1.0,0.0,0.0,0.0,1.0,-0.06369386613368988,0.0149005632847548,0.38919615745544434,1.2184696791468346e-07,0.0,0.0,0.0,1.2184696791468346e-07,0.0,0.0,0.0,1.2184696791468346e-07,-0.1199667751789093,0.8629931807518018,10.336713790893555,8.999999999999999e-08,0.0,0.0,0.0,8.999999999999999e-08,0.0,0.0,0.0,8.999999999999999e-08
1759811058704850272,168992,1759811058699666688,base_link,-0.05809926208487332,-0.01962624899155264,0.0302735333763446,-0.9976586833041002,1.0,0.0,0.0,0.0,1.0,0.0,0.0,0.0,1.0,-0.022698480635881424,0.0015107799554243842,0.12881328165531158,1.2184696791468346e-07,0.0,0.0,0.0,1.2184696791468346e-07,0.0,0.0,0.0,1.2184696791468346e-07,-1.0425591468811035,-0.4231965839862812,9.460455894470215,8.999999999999999e-08,0.0,0.0,0.0,8.999999999999999e-08,0.0,0.0,0.0,8.999999999999999e-08
1759811058710109536,168993,1759811058704666688,base_link,-0.058190516597344484,-0.019681470582725024,0.031184748241150136,-0.9976242071820184,1.0,0.0,0.0,0.0,1.0,0.0,0.0,0.0,1.0,0.0015207248507067561,0.010482731275260417,-0.25358641147613525,1.2184696791468346e-07,0.0,0.0,0.0,1.2184696791468346e-07,0.0,0.0,0.0,1.2184696791468346e-07,-1.0010415315628052,-1.0955401659011827,10.35474681854248,8.999999999999999e-08,0.0,0.0,0.0,8.999999999999999e-08,0.0,0.0,0.0,8.999999999999999e-08
1759811058719931200,168994,1759811058715666688,base_link,-0.05798426440871135,-0.020328705247327647,0.03336466753983059,-0.9975527261269439,1.0,0.0,0.0,0.0,1.0,0.0,0.0,0.0,1.0,-0.027079535648226738,0.0909335166215896,-0.4469314515590668,1.2184696791468346e-07,0.0,0.0,0.0,1.2184696791468346e-07,0.0,0.0,0.0,1.2184696791468346e-07,0.003601904958486557,2.7892811298370375,9.204475402832031,8.999999999999999e-08,0.0,0.0,0.0,8.999999999999999e-08,0.0,0.0,0.0,8.999999999999999e-08
1759811058726719424,168995,1759811058720666688,base_link,-0.05803765788032957,-0.020621116131029182,0.03364528125721614,-0.9975341815135991,1.0,0.0,0.0,0.0,1.0,0.0,0.0,0.0,1.0,-0.04140668362379074,0.10409509390592574,-0.12259732931852342,1.2184696791468346e-07,0.0,0.0,0.0,1.2184696791468346e-07,0.0,0.0,0.0,1.2184696791468346e-07,0.383332222700119,2.713836193084718,10.047873497009277,8.999999999999999e-08,0.0,0.0,0.0,8.999999999999999e-08,0.0,0.0,0.0,8.999999999999999e-08
1759811058736857376,168996,1759811058731666688,base_link,-0.05765592728792133,-0.02092734591268623,0.03241965090251934,-0.9975905739969066,1.0,0.0,0.0,0.0,1.0,0.0,0.0,0.0,1.0,-0.06929544359445572,0.05784802138805393,0.2767752408981323,1.2184696791468346e-07,0.0,0.0,0.0,1.2184696791468346e-07,0.0,0.0,0.0,1.2184696791468346e-07,-0.281282901763916,0.9498134255409253,9.918195724487305,8.999999999999999e-08,0.0,0.0,0.0,8.999999999999999e-08,0.0,0.0,0.0,8.999999999999999e-08
1759811058747908672,168997,1759811058741666688,base_link,-0.05754225065204237,-0.020782757197602555,0.030548035800696077,-0.9976591469194339,1.0,0.0,0.0,0.0,1.0,0.0,0.0,0.0,1.0,-0.024048130959272385,-0.020996036008000332,0.352487176656723,1.2184696791468346e-07,0.0,0.0,0.0,1.2184696791468346e-07,0.0,0.0,0.0,1.2184696791468346e-07,-0.5170286297798157,1.0226607322692884,10.2371187210083,8.999999999999999e-08,0.0,0.0,0.0,8.999999999999999e-08,0.0,0.0,0.0,8.999999999999999e-08
1759811058758864320,168998,1759811058752666688,base_link,-0.057773310212291214,-0.020784769709618952,0.030319684175464066,-0.9976527405984602,1.0,0.0,0.0,0.0,1.0,0.0,0.0,0.0,1.0,0.04340994730591774,0.0012564270291477411,-0.025058306753635406,1.2184696791468346e-07,0.0,0.0,0.0,1.2184696791468346e-07,0.0,0.0,0.0,1.2184696791468346e-07,-1.1584564447402954,-0.7385648488998402,9.281543731689453,8.999999999999999e-08,0.0,0.0,0.0,8.999999999999999e-08,0.0,0.0,0.0,8.999999999999999e-08
1759811058768622432,168999,1759811058757665920,base_link,-0.05762515218597428,-0.020993450610397535,0.03126010680628762,-0.9976279161046873,1.0,0.0,0.0,0.0,1.0,0.0,0.0,0.0,1.0,0.0016384451882913709,0.03236764296889301,-0.31646728515625,1.2184696791468346e-07,0.0,0.0,0.0,1.2184696791468346e-07,0.0,0.0,0.0,1.2184696791468346e-07,-1.0732313394546509,0.12401469051838047,10.260159492492676,8.999999999999999e-08,0.0,0.0,0.0,8.999999999999999e-08,0.0,0.0,0.0,8.999999999999999e-08
1759811058772981376,169000,1759811058762665920,base_link,-0.05765207480254963,-0.021160066322184208,0.03227112540836697,-0.9975906582906037,1.0,0.0,0.0,0.0,1.0,0.0,0.0,0.0,1.0,0.01578645035624504,0.0741207897663116,-0.3558123707771301,1.2184696791468346e-07,0.0,0.0,0.0,1.2184696791468346e-07,0.0,0.0,0.0,1.2184696791468346e-07,-0.5235024094581604,1.3889198303222667,9.32082462310791,8.999999999999999e-08,0.0,0.0,0.0,8.999999999999999e-08,0.0,0.0,0.0,8.999999999999999e-08
1759811058775750624,169001,1759811058772665920,base_link,-0.05766559735547654,-0.021432773554206898,0.03309244104529875,-0.9975571515460375,1.0,0.0,0.0,0.0,1.0,0.0,0.0,0.0,1.0,0.015091675333678722,0.06838432699441906,-0.3043546974658966,1.2184696791468346e-07,0.0,0.0,0.0,1.2184696791468346e-07,0.0,0.0,0.0,1.2184696791468346e-07,-0.06938020884990692,2.0864076614379896,9.869318962097168,8.999999999999999e-08,0.0,0.0,0.0,8.999999999999999e-08,0.0,0.0,0.0,8.999999999999999e-08
1759811058782897824,169002,1759811058773665920,base_link,-0.05768919300519757,-0.021611435362133596,0.03358117590063109,-0.9975355723596,1.0,0.0,0.0,0.0,1.0,0.0,0.0,0.0,1.0,-0.019903041422367096,0.045308403670787804,-0.07072633504867554,1.2184696791468346e-07,0.0,0.0,0.0,1.2184696791468346e-07,0.0,0.0,0.0,1.2184696791468346e-07,0.08603884279727936,1.7111473083496107,9.973481178283691,8.999999999999999e-08,0.0,0.0,0.0,8.999999999999999e-08,0.0,0.0,0.0,8.999999999999999e-08
1759811058792892384,169003,1759811058784665920,base_link,-0.057465983295483865,-0.021655594722660886,0.03286130772806498,-0.9975714814745312,1.0,0.0,0.0,0.0,1.0,0.0,0.0,0.0,1.0,0.0068257530219852924,0.0035359705798328274,0.28735169768333435,1.2184696791468346e-07,0.0,0.0,0.0,1.2184696791468346e-07,0.0,0.0,0.0,1.2184696791468346e-07,-0.8010812997817993,2.3707895278930677,9.29251480102539,8.999999999999999e-08,0.0,0.0,0.0,8.999999999999999e-08,0.0,0.0,0.0,8.999999999999999e-08
1759811058798803232,169004,1759811058794665920,base_link,-0.05767409521380755,-0.021310189445312964,0.030930434157235436,-0.9976286747479606,1.0,0.0,0.0,0.0,1.0,0.0,0.0,0.0,1.0,0.021325357258319855,-0.05064905434846873,0.38507023453712463,1.2184696791468346e-07,0.0,0.0,0.0,1.2184696791468346e-07,0.0,0.0,0.0,1.2184696791468346e-07,-0.713934063911438,-0.1559041887521732,9.602033615112305,8.999999999999999e-08,0.0,0.0,0.0,8.999999999999999e-08,0.0,0.0,0.0,8.999999999999999e-08
1759811058807387360,169005,1759811058803665920,base_link,-0.05763344194424076,-0.02123283153904925,0.030616735163768838,-0.9976423724737266,1.0,0.0,0.0,0.0,1.0,0.0,0.0,0.0,1.0,0.0711546465754509,-0.04766276106238364,0.08750304579734802,1.2184696791468346e-07,0.0,0.0,0.0,1.2184696791468346e-07,0.0,0.0,0.0,1.2184696791468346e-07,-1.22676682472229,-0.16049447655677684,9.111344337463379,8.999999999999999e-08,0.0,0.0,0.0,8.999999999999999e-08,0.0,0.0,0.0,8.999999999999999e-08
1759811058813910816,169006,1759811058805665920,base_link,-0.0579655828181089,-0.02106581148093467,0.030872440093684422,-0.9976187280917119,1.0,0.0,0.0,0.0,1.0,0.0,0.0,0.0,1.0,0.05946674570441246,-0.012894077226519612,-0.23120763897895813,1.2184696791468346e-07,0.0,0.0,0.0,1.2184696791468346e-07,0.0,0.0,0.0,1.2184696791468346e-07,-0.8264108300209045,-0.3724851608276355,9.917389869689941,8.999999999999999e-08,0.0,0.0,0.0,8.999999999999999e-08,0.0,0.0,0.0,8.999999999999999e-08
1759811058819885088,169007,1759811058815665920,base_link,-0.058056418496272987,-0.021256548360959738,0.032981889861654685,-0.9975419365337251,1.0,0.0,0.0,0.0,1.0,0.0,0.0,0.0,1.0,0.04705604538321495,0.003058813977986524,-0.4103052318096161,1.2184696791468346e-07,0.0,0.0,0.0,1.2184696791468346e-07,0.0,0.0,0.0,1.2184696791468346e-07,-0.8127919435501099,0.8239160180091869,9.298974990844727,8.999999999999999e-08,0.0,0.0,0.0,8.999999999999999e-08,0.0,0.0,0.0,8.999999999999999e-08
1759811058828944352,169008,1759811058826665920,base_link,-0.058212614716854356,-0.021676357313908566,0.03457651587506433,-0.9974697389822259,1.0,0.0,0.0,0.0,1.0,0.0,0.0,0.0,1.0,0.016396526247262955,0.05117848888039585,-0.32669350504875183,1.2184696791468346e-07,0.0,0.0,0.0,1.2184696791468346e-07,0.0,0.0,0.0,1.2184696791468346e-07,0.148029625415802,1.5685580968856823,9.6982421875,8.999999999999999e-08,0.0,0.0,0.0,8.999999999999999e-08,0.0,0.0,0.0,8.999999999999999e-08
1759811058836765184,169009,1759811058831665920,base_link,-0.05823640134448269,-0.02166972445362416,0.03418636249839901,-0.9974820037151426,1.0,0.0,0.0,0.0,1.0,0.0,0.0,0.0,1.0,-0.0011997565161436796,0.02422874793410302,0.04418083280324936,1.2184696791468346e-07,0.0,0.0,0.0,1.2184696791468346e-07,0.0,0.0,0.0,1.2184696791468346e-07,0.21832053363323212,2.3499355316162123,10.497953414916992,8.999999999999999e-08,0.0,0.0,0.0,8.999999999999999e-08,0.0,0.0,0.0,8.999999999999999e-08
1759811058842694720,169010,1759811058837665920,base_link,-0.05831733251324672,-0.021754614791970182,0.0332493959091533,-0.9975070810900066,1.0,0.0,0.0,0.0,1.0,0.0,0.0,0.0,1.0,0.003516415599733591,0.02530059404671196,0.30874401330947876,1.2184696791468346e-07,0.0,0.0,0.0,1.2184696791468346e-07,0.0,0.0,0.0,1.2184696791468346e-07,-0.6368862390518188,1.6713013648986828,9.785083770751953,8.999999999999999e-08,0.0,0.0,0.0,8.999999999999999e-08,0.0,0.0,0.0,8.999999999999999e-08
1759811058852770560,169011,1759811058847665920,base_link,-0.058467154022990825,-0.02136163230809854,0.03145642682665139,-0.997564948713012,1.0,0.0,0.0,0.0,1.0,0.0,0.0,0.0,1.0,0.03665026277303696,-0.041822534054517704,0.33268412947654724,1.2184696791468346e-07,0.0,0.0,0.0,1.2184696791468346e-07,0.0,0.0,0.0,1.2184696791468346e-07,-0.6310766935348511,0.08004797995090603,9.591084480285645,8.999999999999999e-08,0.0,0.0,0.0,8.999999999999999e-08,0.0,0.0,0.0,8.999999999999999e-08
1759811058859282304,169012,1759811058853665920,base_link,-0.05881285959663438,-0.021179830559957785,0.031180702143693118,-0.9975571936928861,1.0,0.0,0.0,0.0,1.0,0.0,0.0,0.0,1.0,0.09467604756355286,-0.05176596343517302,0.11489982903003693,1.2184696791468346e-07,0.0,0.0,0.0,1.2184696791468346e-07,0.0,0.0,0.0,1.2184696791468346e-07,-0.8316343426704407,0.46782258152961836,8.546518325805664,8.999999999999999e-08,0.0,0.0,0.0,8.999999999999999e-08,0.0,0.0,0.0,8.999999999999999e-08
1759811058867522144,169013,1759811058858663360,base_link,-0.059035289589650625,-0.02108131230156357,0.031548433396950654,-0.9975345608352357,1.0,0.0,0.0,0.0,1.0,0.0,0.0,0.0,1.0,0.10674170404672623,-0.02142961882054809,-0.2645169198513031,1.2184696791468346e-07,0.0,0.0,0.0,1.2184696791468346e-07,0.0,0.0,0.0,1.2184696791468346e-07,-0.9816098213195801,-0.542233586311339,10.43591022491455,8.999999999999999e-08,0.0,0.0,0.0,8.999999999999999e-08,0.0,0.0,0.0,8.999999999999999e-08
1759811058873888416,169014,1759811058868663360,base_link,-0.05934005213414388,-0.02114374363800935,0.033872368476992834,-0.9974389296359645,1.0,0.0,0.0,0.0,1.0,0.0,0.0,0.0,1.0,0.06568504124879837,-0.016118122264742907,-0.4534449279308319,1.2184696791468346e-07,0.0,0.0,0.0,1.2184696791468346e-07,0.0,0.0,0.0,1.2184696791468346e-07,-0.7921680808067322,1.37376368045807,9.107175827026367,8.999999999999999e-08,0.0,0.0,0.0,8.999999999999999e-08,0.0,0.0,0.0,8.999999999999999e-08
1759811058880923648,169015,1759811058874663360,base_link,-0.0595132704131676,-0.02136650026910155,0.03465351816729377,-0.9973970356685447,1.0,0.0,0.0,0.0,1.0,0.0,0.0,0.0,1.0,0.06375281512737274,0.03253602236509318,-0.3787190914154053,1.2184696791468346e-07,0.0,0.0,0.0,1.2184696791468346e-07,0.0,0.0,0.0,1.2184696791468346e-07,0.3031861484050751,2.3533992767333998,9.858358383178711,8.999999999999999e-08,0.0,0.0,0.0,8.999999999999999e-08,0.0,0.0,0.0,8.999999999999999e-08
1759811058888196256,169016,1759811058883663360,base_link,-0.05965781434722472,-0.021423971448313203,0.03486235580166525,-0.9973798819012007,1.0,0.0,0.0,0.0,1.0,0.0,0.0,0.0,1.0,0.02360561303794384,0.018297579139471058,0.014450668357312678,1.2184696791468346e-07,0.0,0.0,0.0,1.2184696791468346e-07,0.0,0.0,0.0,1.2184696791468346e-07,0.15545205771923065,2.802698612213136,9.219619750976562,8.999999999999999e-08,0.0,0.0,0.0,8.999999999999999e-08,0.0,0.0,0.0,8.999999999999999e-08
1759811058891377216,169017,1759811058884663360,base_link,-0.0596935417038718,-0.021324876304929994,0.03430736610047375,-0.9973991008641216,1.0,0.0,0.0,0.0,1.0,0.0,0.0,0.0,1.0,0.02497369423508644,-0.0072844265960156675,0.19663526117801666,1.2184696791468346e-07,0.0,0.0,0.0,1.2184696791468346e-07,0.0,0.0,0.0,1.2184696791468346e-07,-0.004251588135957718,1.6882461309432997,10.386805534362793,8.999999999999999e-08,0.0,0.0,0.0,8.999999999999999e-08,0.0,0.0,0.0,8.999999999999999e-08
1759811058896098528,169018,1759811058889663360,base_link,-0.05979296875368703,-0.02137508637239663,0.03326574888637552,-0.997427339252624,1.0,0.0,0.0,0.0,1.0,0.0,0.0,0.0,1.0,0.02606414072215557,-0.013687555678188756,0.3718402683734894,1.2184696791468346e-07,0.0,0.0,0.0,1.2184696791468346e-07,0.0,0.0,0.0,1.2184696791468346e-07,-0.8675360679626465,1.7175337076187145,9.324559211730957,8.999999999999999e-08,0.0,0.0,0.0,8.999999999999999e-08,0.0,0.0,0.0,8.999999999999999e-08
1759811058902176160,169019,1759811058895663360,base_link,-0.060072266699145616,-0.021037125282166946,0.03241695350421465,-0.9974456731317262,1.0,0.0,0.0,0.0,1.0,0.0,0.0,0.0,1.0,0.05470290780067444,-0.04266501963138576,0.3447844386100769,1.2184696791468346e-07,0.0,0.0,0.0,1.2184696791468346e-07,0.0,0.0,0.0,1.2184696791468346e-07,-0.6968496441841125,0.5565170049667371,10.296001434326172,8.999999999999999e-08,0.0,0.0,0.0,8.999999999999999e-08,0.0,0.0,0.0,8.999999999999999e-08
1759811058915911392,169020,1759811058905663360,base_link,-0.06031449254007182,-0.020696307425861635,0.03175221340950082,-0.9974595815917348,1.0,0.0,0.0,0.0,1.0,0.0,0.0,0.0,1.0,0.0659579411149025,-0.07162862271070479,0.1265314370393753,1.2184696791468346e-07,0.0,0.0,0.0,1.2184696791468346e-07,0.0,0.0,0.0,1.2184696791468346e-07,-0.7881544232368469,0.2040177285671245,8.842123031616211,8.999999999999999e-08,0.0,0.0,0.0,8.999999999999999e-08,0.0,0.0,0.0,8.999999999999999e-08
1759811058923235296,169021,1759811058911663360,base_link,-0.060579394702585894,-0.020541250487279072,0.03246900486212562,-0.9974237146236521,1.0,0.0,0.0,0.0,1.0,0.0,0.0,0.0,1.0,0.08260426670312881,-0.026951694861054466,-0.3610103130340576,1.2184696791468346e-07,0.0,0.0,0.0,1.2184696791468346e-07,0.0,0.0,0.0,1.2184696791468346e-07,-0.9598100185394287,-0.7240788936614978,10.351805686950684,8.999999999999999e-08,0.0,0.0,0.0,8.999999999999999e-08,0.0,0.0,0.0,8.999999999999999e-08
1759811058929754176,169022,1759811058921663360,base_link,-0.06096565476412005,-0.020596267929653977,0.03482615165879437,-0.9973194854672845,1.0,0.0,0.0,0.0,1.0,0.0,0.0,0.0,1.0,0.05844786763191223,0.004299733322113698,-0.4460625648498535,1.2184696791468346e-07,0.0,0.0,0.0,1.2184696791468346e-07,0.0,0.0,0.0,1.2184696791468346e-07,-0.5255477428436279,1.926249384880067,9.273558616638184,8.999999999999999e-08,0.0,0.0,0.0,8.999999999999999e-08,0.0,0.0,0.0,8.999999999999999e-08
1759811058936729280,169023,1759811058932663360,base_link,-0.06107129583991261,-0.020787999211886097,0.03555828456427709,-0.9972831970307168,1.0,0.0,0.0,0.0,1.0,0.0,0.0,0.0,1.0,0.009498121216893196,0.022286489605903615,-0.08223509788513184,1.2184696791468346e-07,0.0,0.0,0.0,1.2184696791468346e-07,0.0,0.0,0.0,1.2184696791468346e-07,0.19157369434833527,2.3906517028808607,9.727288246154785,8.999999999999999e-08,0.0,0.0,0.0,8.999999999999999e-08,0.0,0.0,0.0,8.999999999999999e-08
1759811058948811712,169024,1759811058942663360,base_link,-0.061087169396733025,-0.020465106937088074,0.034049511681284145,-0.9973416125627529,1.0,0.0,0.0,0.0,1.0,0.0,0.0,0.0,1.0,0.015056511387228966,-0.04617948457598682,0.3206557333469391,1.2184696791468346e-07,0.0,0.0,0.0,1.2184696791468346e-07,0.0,0.0,0.0,1.2184696791468346e-07,-0.8872735500335693,1.3045880794525158,9.164361953735352,8.999999999999999e-08,0.0,0.0,0.0,8.999999999999999e-08,0.0,0.0,0.0,8.999999999999999e-08
1759811058953863392,169025,1759811058948663360,base_link,-0.0612289039799191,-0.020152725032637455,0.03332614532029168,-0.997363739658221,1.0,0.0,0.0,0.0,1.0,0.0,0.0,0.0,1.0,0.02384019084274769,-0.09546070545911785,0.30766376852989197,1.2184696791468346e-07,0.0,0.0,0.0,1.2184696791468346e-07,0.0,0.0,0.0,1.2184696791468346e-07,-0.18218904733657837,0.6954254508018507,10.469276428222656,8.999999999999999e-08,0.0,0.0,0.0,8.999999999999999e-08,0.0,0.0,0.0,8.999999999999999e-08
1759811058965691552,169026,1759811058957663360,base_link,-0.06139673273068948,-0.019898568999404637,0.03281304958652004,-0.997375540775804,1.0,0.0,0.0,0.0,1.0,0.0,0.0,0.0,1.0,0.02537781372666359,-0.09179594367742537,0.12590709328651428,1.2184696791468346e-07,0.0,0.0,0.0,1.2184696791468346e-07,0.0,0.0,0.0,1.2184696791468346e-07,-0.4570239186286926,0.6063331365585338,9.033194541931152,8.999999999999999e-08,0.0,0.0,0.0,8.999999999999999e-08,0.0,0.0,0.0,8.999999999999999e-08
1759811058966305504,169027,1759811058958661312,base_link,-0.06150007153488212,-0.019706274003073686,0.03297497777849889,-0.997367617168284,1.0,0.0,0.0,0.0,1.0,0.0,0.0,0.0,1.0,0.08789988607168198,-0.056095760315656676,-0.12469187378883362,1.2184696791468346e-07,0.0,0.0,0.0,1.2184696791468346e-07,0.0,0.0,0.0,1.2184696791468346e-07,-1.2221912145614624,-0.10493513941764714,9.602961540222168,8.999999999999999e-08,0.0,0.0,0.0,8.999999999999999e-08,0.0,0.0,0.0,8.999999999999999e-08
1759811058976741440,169028,1759811058969661312,base_link,-0.06175024469093066,-0.0195970504451577,0.03500986977145334,-0.9972849671983541,1.0,0.0,0.0,0.0,1.0,0.0,0.0,0.0,1.0,0.05757768452167511,-0.02365436032414442,-0.4470863342285156,1.2184696791468346e-07,0.0,0.0,0.0,1.2184696791468346e-07,0.0,0.0,0.0,1.2184696791468346e-07,-0.7969357967376709,1.6303821802139293,9.76587200164795,8.999999999999999e-08,0.0,0.0,0.0,8.999999999999999e-08,0.0,0.0,0.0,8.999999999999999e-08
1759811058980149408,169029,1759811058974661312,base_link,-0.06172095394830461,-0.019742434682007013,0.03622943097996461,-0.9972402915389327,1.0,0.0,0.0,0.0,1.0,0.0,0.0,0.0,1.0,0.018813330680131912,0.008998692966997568,-0.45315679907798767,1.2184696791468346e-07,0.0,0.0,0.0,1.2184696791468346e-07,0.0,0.0,0.0,1.2184696791468346e-07,-0.2518903911113739,1.886996865272523,8.67538070678711,8.999999999999999e-08,0.0,0.0,0.0,8.999999999999999e-08,0.0,0.0,0.0,8.999999999999999e-08
1759811058986830976,169030,1759811058979661312,base_link,-0.061985757329142493,-0.019722230536502103,0.036653976185014814,-0.997208807843095,1.0,0.0,0.0,0.0,1.0,0.0,0.0,0.0,1.0,0.036070652306079865,0.002198604168370344,-0.18022136390209198,1.2184696791468346e-07,0.0,0.0,0.0,1.2184696791468346e-07,0.0,0.0,0.0,1.2184696791468346e-07,0.27909132838249207,3.124674797058107,9.801459312438965,8.999999999999999e-08,0.0,0.0,0.0,8.999999999999999e-08,0.0,0.0,0.0,8.999999999999999e-08
1759811058992774240,169031,1759811058985661312,base_link,-0.06177762302030554,-0.01980628979167905,0.03641938682620317,-0.9972286168618951,1.0,0.0,0.0,0.0,1.0,0.0,0.0,0.0,1.0,-0.0009306081337854266,-0.004620981868356448,0.14869707822799683,1.2184696791468346e-07,0.0,0.0,0.0,1.2184696791468346e-07,0.0,0.0,0.0,1.2184696791468346e-07,0.37191495299339294,2.2611110210418714,10.170581817626953,8.999999999999999e-08,0.0,0.0,0.0,8.999999999999999e-08,0.0,0.0,0.0,8.999999999999999e-08
1759811059006761984,169032,1759811058995661312,base_link,-0.061896005615238545,-0.019458154188801036,0.03456252312135874,-0.9972942395050266,1.0,0.0,0.0,0.0,1.0,0.0,0.0,0.0,1.0,0.008250069804489613,-0.04300396516919131,0.3846624493598938,1.2184696791468346e-07,0.0,0.0,0.0,1.2184696791468346e-07,0.0,0.0,0.0,1.2184696791468346e-07,-0.5234584212303162,1.6047250032424938,9.640724182128906,8.999999999999999e-08,0.0,0.0,0.0,8.999999999999999e-08,0.0,0.0,0.0,8.999999999999999e-08
1759811059012756000,169033,1759811059006661312,base_link,-0.06187278533588707,-0.019049284977218823,0.03338443441178222,-0.9973437199051783,1.0,0.0,0.0,0.0,1.0,0.0,0.0,0.0,1.0,-0.00840901117771864,-0.041605543345212916,0.14976611733436584,1.2184696791468346e-07,0.0,0.0,0.0,1.2184696791468346e-07,0.0,0.0,0.0,1.2184696791468346e-07,-0.3798520267009735,0.2286356389522564,9.284381866455078,8.999999999999999e-08,0.0,0.0,0.0,8.999999999999999e-08,0.0,0.0,0.0,8.999999999999999e-08
1759811059020349952,169034,1759811059015661312,base_link,-0.061935211403976786,-0.01894134031273734,0.033460888794980964,-0.9973393366329333,1.0,0.0,0.0,0.0,1.0,0.0,0.0,0.0,1.0,0.0397973358631134,-0.0445181578397751,-0.11032245308160782,1.2184696791468346e-07,0.0,0.0,0.0,1.2184696791468346e-07,0.0,0.0,0.0,1.2184696791468346e-07,-0.4713626205921173,0.3922983109951031,9.634639739990234,8.999999999999999e-08,0.0,0.0,0.0,8.999999999999999e-08,0.0,0.0,0.0,8.999999999999999e-08
1759811059026768736,169035,1759811059016661312,base_link,-0.06184644882392382,-0.018923840150982207,0.03422682347296943,-0.9973191482924966,1.0,0.0,0.0,0.0,1.0,0.0,0.0,0.0,1.0,0.030073152855038643,0.004668526817113115,-0.37424466013908386,1.2184696791468346e-07,0.0,0.0,0.0,1.2184696791468346e-07,0.0,0.0,0.0,1.2184696791468346e-07,-0.844990074634552,-0.49064645171165355,9.290431022644043,8.999999999999999e-08,0.0,0.0,0.0,8.999999999999999e-08,0.0,0.0,0.0,8.999999999999999e-08
1759811059030137664,169036,1759811059026661312,base_link,-0.06202846130630714,-0.019035127587386208,0.03526818780597663,-0.9972694150112537,1.0,0.0,0.0,0.0,1.0,0.0,0.0,0.0,1.0,-0.007493368815630674,0.024275660514831494,-0.3833716809749603,1.2184696791468346e-07,0.0,0.0,0.0,1.2184696791468346e-07,0.0,0.0,0.0,1.2184696791468346e-07,-1.0131129026412964,1.4423882961273204,9.704375267028809,8.999999999999999e-08,0.0,0.0,0.0,8.999999999999999e-08,0.0,0.0,0.0,8.999999999999999e-08
1759811059038909312,169037,1759811059032661312,base_link,-0.062002052354448015,-0.019325191418461292,0.036266646647199696,-0.9972297126799564,1.0,0.0,0.0,0.0,1.0,0.0,0.0,0.0,1.0,0.013286063447594643,0.04153113439679143,-0.20516358315944672,1.2184696791468346e-07,0.0,0.0,0.0,1.2184696791468346e-07,0.0,0.0,0.0,1.2184696791468346e-07,0.8034929633140564,2.432424306869508,10.140487670898438,8.999999999999999e-08,0.0,0.0,0.0,8.999999999999999e-08,0.0,0.0,0.0,8.999999999999999e-08
1759811059046515968,169038,1759811059041661312,base_link,-0.061775884462804465,-0.019527224970976295,0.03554871722966515,-0.9972656217948876,1.0,0.0,0.0,0.0,1.0,0.0,0.0,0.0,1.0,-0.031803734600543976,0.02250984124839309,0.2647870182991028,1.2184696791468346e-07,0.0,0.0,0.0,1.2184696791468346e-07,0.0,0.0,0.0,1.2184696791468346e-07,0.5289455652236938,2.782115936279298,9.982767105102539,8.999999999999999e-08,0.0,0.0,0.0,8.999999999999999e-08,0.0,0.0,0.0,8.999999999999999e-08
1759811059052592992,169039,1759811059043661312,base_link,-0.06160704155349179,-0.01935997837355097,0.03466123104057124,-0.9973105924822487,1.0,0.0,0.0,0.0,1.0,0.0,0.0,0.0,1.0,-0.05263534188270569,0.018530540168285422,0.41750144958496094,1.2184696791468346e-07,0.0,0.0,0.0,1.2184696791468346e-07,0.0,0.0,0.0,1.2184696791468346e-07,-0.6031540632247925,1.0718537569046032,9.708507537841797,8.999999999999999e-08,0.0,0.0,0.0,8.999999999999999e-08,0.0,0.0,0.0,8.999999999999999e-08
1759811059066416448,169040,1759811059053661312,base_link,-0.06144655030562936,-0.019153871064709588,0.032492143481958065,-0.9973975414307268,1.0,0.0,0.0,0.0,1.0,0.0,0.0,0.0,1.0,-0.04410321265459061,-0.028312722221016835,0.40451088547706604,1.2184696791468346e-07,0.0,0.0,0.0,1.2184696791468346e-07,0.0,0.0,0.0,1.2184696791468346e-07,-0.7614554166793823,1.1064047813415538,8.897124290466309,8.999999999999999e-08,0.0,0.0,0.0,8.999999999999999e-08,0.0,0.0,0.0,8.999999999999999e-08
1759811059066426272,169041,1759811059059661312,base_link,-0.06137719898349369,-0.019087725537238788,0.032017485674028366,-0.9974184462675881,1.0,0.0,0.0,0.0,1.0,0.0,0.0,0.0,1.0,-0.04091750085353851,-0.023528778925538035,0.2395726591348648,1.2184696791468346e-07,0.0,0.0,0.0,1.2184696791468346e-07,0.0,0.0,0.0,1.2184696791468346e-07,-0.16397298872470856,0.051450788974763226,10.32013988494873,8.999999999999999e-08,0.0,0.0,0.0,8.999999999999999e-08,0.0,0.0,0.0,8.999999999999999e-08
1759811059080595072,169042,1759811059069654400,base_link,-0.061116591848260675,-0.019185851303106245,0.0329845872599594,-0.9974009974723047,1.0,0.0,0.0,0.0,1.0,0.0,0.0,0.0,1.0,-0.03699040412902832,0.01942874304950233,-0.33962586522102356,1.2184696791468346e-07,0.0,0.0,0.0,1.2184696791468346e-07,0.0,0.0,0.0,1.2184696791468346e-07,-1.196435570716858,0.5242072939872753,9.481932640075684,8.999999999999999e-08,0.0,0.0,0.0,8.999999999999999e-08,0.0,0.0,0.0,8.999999999999999e-08
1759811059085855776,169043,1759811059075654400,base_link,-0.06110144005622101,-0.019391796609998666,0.03412213070126841,-0.997359693560764,1.0,0.0,0.0,0.0,1.0,0.0,0.0,0.0,1.0,-0.04345153272151947,0.09155435860157009,-0.3496142029762268,1.2184696791468346e-07,0.0,0.0,0.0,1.2184696791468346e-07,0.0,0.0,0.0,1.2184696791468346e-07,-0.8033418655395508,1.0166821479797374,9.46353530883789,8.999999999999999e-08,0.0,0.0,0.0,8.999999999999999e-08,0.0,0.0,0.0,8.999999999999999e-08
1759811059089913088,169044,1759811059085654400,base_link,-0.060695403903112136,-0.020044897589078396,0.03535138568493712,-0.997328757773957,1.0,0.0,0.0,0.0,1.0,0.0,0.0,0.0,1.0,-0.07921452820301056,0.10078807175159452,-0.1957349330186844,1.2184696791468346e-07,0.0,0.0,0.0,1.2184696791468346e-07,0.0,0.0,0.0,1.2184696791468346e-07,1.0549981594085693,2.350845575332643,10.203681945800781,8.999999999999999e-08,0.0,0.0,0.0,8.999999999999999e-08,0.0,0.0,0.0,8.999999999999999e-08
1759811059100905088,169045,1759811059096654400,base_link,-0.060098480721830376,-0.020168606491991967,0.03396441719414065,-0.9974106069537652,1.0,0.0,0.0,0.0,1.0,0.0,0.0,0.0,1.0,-0.11291465163230896,0.03137639909982685,0.2667294144630432,1.2184696791468346e-07,0.0,0.0,0.0,1.2184696791468346e-07,0.0,0.0,0.0,1.2184696791468346e-07,-1.5081552267074585,1.3267890214920055,9.290066719055176,8.999999999999999e-08,0.0,0.0,0.0,8.999999999999999e-08,0.0,0.0,0.0,8.999999999999999e-08
1759811059107454688,169046,1759811059101654400,base_link,-0.06008295355942116,-0.020125502119766468,0.033103230638517535,-0.9974413320063296,1.0,0.0,0.0,0.0,1.0,0.0,0.0,0.0,1.0,-0.07644755393266678,-0.007456883322447493,0.36643722653388977,1.2184696791468346e-07,0.0,0.0,0.0,1.2184696791468346e-07,0.0,0.0,0.0,1.2184696791468346e-07,-0.8286550641059875,0.7854017019271864,10.458200454711914,8.999999999999999e-08,0.0,0.0,0.0,8.999999999999999e-08,0.0,0.0,0.0,8.999999999999999e-08
1759811059117682368,169047,1759811059112654400,base_link,-0.05958227797507009,-0.01987747055045789,0.03175958910799023,-0.997520062319348,1.0,0.0,0.0,0.0,1.0,0.0,0.0,0.0,1.0,-0.07735742628574371,-0.029217557981610274,0.20857219398021698,1.2184696791468346e-07,0.0,0.0,0.0,1.2184696791468346e-07,0.0,0.0,0.0,1.2184696791468346e-07,-0.19958171248435974,-0.2671226561069477,9.567124366760254,8.999999999999999e-08,0.0,0.0,0.0,8.999999999999999e-08,0.0,0.0,0.0,8.999999999999999e-08
1759811059123973056,169048,1759811059117654400,base_link,-0.059560195660628416,-0.019834140956010656,0.032117710879787306,-0.997510747865827,1.0,0.0,0.0,0.0,1.0,0.0,0.0,0.0,1.0,-0.05767205357551575,-0.01983421295881273,-0.13532742857933044,1.2184696791468346e-07,0.0,0.0,0.0,1.2184696791468346e-07,0.0,0.0,0.0,1.2184696791468346e-07,-1.1331385374069214,-1.0108717679977406,9.684468269348145,8.999999999999999e-08,0.0,0.0,0.0,8.999999999999999e-08,0.0,0.0,0.0,8.999999999999999e-08
1759811059130067872,169049,1759811059122654400,base_link,-0.059266665251263305,-0.019887940091045796,0.03312042655270995,-0.9974943527417564,1.0,0.0,0.0,0.0,1.0,0.0,0.0,0.0,1.0,-0.05187326669692993,0.001011267071589779,-0.3969058096408844,1.2184696791468346e-07,0.0,0.0,0.0,1.2184696791468346e-07,0.0,0.0,0.0,1.2184696791468346e-07,-1.8081207275390625,0.25530487298965576,9.880990028381348,8.999999999999999e-08,0.0,0.0,0.0,8.999999999999999e-08,0.0,0.0,0.0,8.999999999999999e-08
1759811059146771552,169050,1759811059133654400,base_link,-0.05895248025194983,-0.020417901149666857,0.035688181151387666,-0.9974136836737064,1.0,0.0,0.0,0.0,1.0,0.0,0.0,0.0,1.0,-0.07139678299427032,0.0735959038138389,-0.465513676404953,1.2184696791468346e-07,0.0,0.0,0.0,1.2184696791468346e-07,0.0,0.0,0.0,1.2184696791468346e-07,0.8331611752510071,3.435285568237306,10.064026832580566,8.999999999999999e-08,0.0,0.0,0.0,8.999999999999999e-08,0.0,0.0,0.0,8.999999999999999e-08
1759811059146782304,169051,1759811059138654400,base_link,-0.058570180677086685,-0.020643561962039265,0.03587801055708077,-0.9974248104417134,1.0,0.0,0.0,0.0,1.0,0.0,0.0,0.0,1.0,-0.12192600965499878,0.0753001049160957,-0.17616379261016846,1.2184696791468346e-07,0.0,0.0,0.0,1.2184696791468346e-07,0.0,0.0,0.0,1.2184696791468346e-07,0.9796048998832703,3.1571805477142347,10.025104522705078,8.999999999999999e-08,0.0,0.0,0.0,8.999999999999999e-08,0.0,0.0,0.0,8.999999999999999e-08
1759811059156724256,169052,1759811059149654400,base_link,-0.05792357426394468,-0.02075090471684045,0.03424208063213038,-0.9975178285363768,1.0,0.0,0.0,0.0,1.0,0.0,0.0,0.0,1.0,-0.12145417928695679,-0.0009060181910171625,0.3921290636062622,1.2184696791468346e-07,0.0,0.0,0.0,1.2184696791468346e-07,0.0,0.0,0.0,1.2184696791468346e-07,-1.1421394348144531,1.1343513727188121,9.53164291381836,8.999999999999999e-08,0.0,0.0,0.0,8.999999999999999e-08,0.0,0.0,0.0,8.999999999999999e-08
1759811059159872480,169053,1759811059154654400,base_link,-0.05757769878581806,-0.02063180562548276,0.03328973044317824,-0.997572535145744,1.0,0.0,0.0,0.0,1.0,0.0,0.0,0.0,1.0,-0.10924302786588669,-0.024239739403128575,0.39725950360298157,1.2184696791468346e-07,0.0,0.0,0.0,1.2184696791468346e-07,0.0,0.0,0.0,1.2184696791468346e-07,-1.1958763599395752,0.7799251079559338,10.1992826461792,8.999999999999999e-08,0.0,0.0,0.0,8.999999999999999e-08,0.0,0.0,0.0,8.999999999999999e-08
1759811059165831232,169054,1759811059159653376,base_link,-0.057526594414909586,-0.02035072960985262,0.03243642534822667,-0.9976093714913425,1.0,0.0,0.0,0.0,1.0,0.0,0.0,0.0,1.0,-0.09528310596942902,-0.0762679353356361,0.3320956528186798,1.2184696791468346e-07,0.0,0.0,0.0,1.2184696791468346e-07,0.0,0.0,0.0,1.2184696791468346e-07,-0.7964938282966614,0.7974170446395886,9.870216369628906,8.999999999999999e-08,0.0,0.0,0.0,8.999999999999999e-08,0.0,0.0,0.0,8.999999999999999e-08
1759811059171986048,169055,1759811059165653376,base_link,-0.05743948741574969,-0.020187378961736526,0.03188253146509649,-0.9976355868311163,1.0,0.0,0.0,0.0,1.0,0.0,0.0,0.0,1.0,-0.017327789217233658,-0.06519244611263274,0.10307647287845613,1.2184696791468346e-07,0.0,0.0,0.0,1.2184696791468346e-07,0.0,0.0,0.0,1.2184696791468346e-07,-0.9261273145675659,0.3056498169898998,9.290942192077637,8.999999999999999e-08,0.0,0.0,0.0,8.999999999999999e-08,0.0,0.0,0.0,8.999999999999999e-08
1759811059189051520,169056,1759811059175653376,base_link,-0.057114964584749905,-0.020029699698923174,0.0332939451280293,-0.9976113102463741,1.0,0.0,0.0,0.0,1.0,0.0,0.0,0.0,1.0,-0.0522104874253273,-0.04247267916798596,-0.3165823519229889,1.2184696791468346e-07,0.0,0.0,0.0,1.2184696791468346e-07,0.0,0.0,0.0,1.2184696791468346e-07,-0.933571457862854,0.548993766307832,10.203067779541016,8.999999999999999e-08,0.0,0.0,0.0,8.999999999999999e-08,0.0,0.0,0.0,8.999999999999999e-08
1759811059189056832,169057,1759811059181653376,base_link,-0.05686088494268001,-0.020116730306920138,0.03438091235112531,-0.9975872022490259,1.0,0.0,0.0,0.0,1.0,0.0,0.0,0.0,1.0,-0.05907120555639267,-0.0038241455331445256,-0.4221542775630951,1.2184696791468346e-07,0.0,0.0,0.0,1.2184696791468346e-07,0.0,0.0,0.0,1.2184696791468346e-07,-1.1687906980514526,1.5144633054733287,8.757905006408691,8.999999999999999e-08,0.0,0.0,0.0,8.999999999999999e-08,0.0,0.0,0.0,8.999999999999999e-08
1759811059193192832,169058,1759811059186653376,base_link,-0.056635130616987474,-0.02029683959567538,0.03529111569156654,-0.997564611538224,1.0,0.0,0.0,0.0,1.0,0.0,0.0,0.0,1.0,-0.0884934812784195,0.03872763738036152,-0.30513307452201843,1.2184696791468346e-07,0.0,0.0,0.0,1.2184696791468346e-07,0.0,0.0,0.0,1.2184696791468346e-07,0.21322324872016907,2.5368075370788588,9.891880989074707,8.999999999999999e-08,0.0,0.0,0.0,8.999999999999999e-08,0.0,0.0,0.0,8.999999999999999e-08
1759811059208256416,169059,1759811059191653376,base_link,-0.05666797354868958,-0.02033947113294415,0.03510929418709053,-0.9975683204608929,1.0,0.0,0.0,0.0,1.0,0.0,0.0,0.0,1.0,-0.09070265293121338,0.003268033266067514,0.07477682828903198,1.2184696791468346e-07,0.0,0.0,0.0,1.2184696791468346e-07,0.0,0.0,0.0,1.2184696791468346e-07,1.1038422584533691,3.127404928207399,10.004340171813965,8.999999999999999e-08,0.0,0.0,0.0,8.999999999999999e-08,0.0,0.0,0.0,8.999999999999999e-08
1759811059208269632,169060,1759811059196653376,base_link,-0.05613815736986028,-0.02034432197178995,0.03447755507476077,-0.9976202032314098,1.0,0.0,0.0,0.0,1.0,0.0,0.0,0.0,1.0,-0.06867191940546036,0.010820800438523334,0.3352898061275482,1.2184696791468346e-07,0.0,0.0,0.0,1.2184696791468346e-07,0.0,0.0,0.0,1.2184696791468346e-07,0.09001168608665466,1.4643054008483898,9.296561241149902,8.999999999999999e-08,0.0,0.0,0.0,8.999999999999999e-08,0.0,0.0,0.0,8.999999999999999e-08
1759811059211929024,169061,1759811059207653376,base_link,-0.05598390517266648,-0.019946065863498383,0.03217031014672892,-0.9977138956756496,1.0,0.0,0.0,0.0,1.0,0.0,0.0,0.0,1.0,-0.06697678565979004,-0.05468307435512537,0.4527963101863861,1.2184696791468346e-07,0.0,0.0,0.0,1.2184696791468346e-07,0.0,0.0,0.0,1.2184696791468346e-07,-1.3625926971435547,0.6606128215789807,9.57461166381836,8.999999999999999e-08,0.0,0.0,0.0,8.999999999999999e-08,0.0,0.0,0.0,8.999999999999999e-08
1759811059223000064,169062,1759811059217653376,base_link,-0.055904310849253645,-0.019398573032985807,0.031169027466655584,-0.9977609737054361,1.0,0.0,0.0,0.0,1.0,0.0,0.0,0.0,1.0,-0.0015510119264945388,-0.08633583039045332,0.1512308567762375,1.2184696791468346e-07,0.0,0.0,0.0,1.2184696791468346e-07,0.0,0.0,0.0,1.2184696791468346e-07,-0.7833774089813232,-0.20340864360332384,8.505434036254883,8.999999999999999e-08,0.0,0.0,0.0,8.999999999999999e-08,0.0,0.0,0.0,8.999999999999999e-08
1759811059231317248,169063,1759811059228653376,base_link,-0.05569305635653787,-0.019235184189288247,0.03280862416742639,-0.9977233787165645,1.0,0.0,0.0,0.0,1.0,0.0,0.0,0.0,1.0,-0.003262026235461235,-0.04099748656153683,-0.3165539503097534,1.2184696791468346e-07,0.0,0.0,0.0,1.2184696791468346e-07,0.0,0.0,0.0,1.2184696791468346e-07,-1.181107759475708,-0.5403806567192065,9.839157104492188,8.999999999999999e-08,0.0,0.0,0.0,8.999999999999999e-08,0.0,0.0,0.0,8.999999999999999e-08
1759811059241995296,169064,1759811059233653376,base_link,-0.05570718081914509,-0.019256420932581675,0.03379431251355064,-0.9976892819161192,1.0,0.0,0.0,0.0,1.0,0.0,0.0,0.0,1.0,-0.0032098081428557634,-0.010756026953458835,-0.4025454521179199,1.2184696791468346e-07,0.0,0.0,0.0,1.2184696791468346e-07,0.0,0.0,0.0,1.2184696791468346e-07,-0.4445781409740448,1.8550578355789196,9.167057991027832,8.999999999999999e-08,0.0,0.0,0.0,8.999999999999999e-08,0.0,0.0,0.0,8.999999999999999e-08
1759811059247759488,169065,1759811059243653376,base_link,-0.05540447951896181,-0.01933702941453679,0.03449888138010729,-0.9976804732247805,1.0,0.0,0.0,0.0,1.0,0.0,0.0,0.0,1.0,-0.017497017979621887,-0.004820292815566081,-0.14717186987400055,1.2184696791468346e-07,0.0,0.0,0.0,1.2184696791468346e-07,0.0,0.0,0.0,1.2184696791468346e-07,0.4538450837135315,1.9830305576324476,9.983055114746094,8.999999999999999e-08,0.0,0.0,0.0,8.999999999999999e-08,0.0,0.0,0.0,8.999999999999999e-08
1759811059257638528,169066,1759811059249653376,base_link,-0.05517170115754713,-0.01915219572748128,0.03330439754646005,-0.9977374979108157,1.0,0.0,0.0,0.0,1.0,0.0,0.0,0.0,1.0,-0.08571816235780716,-0.02261129952967164,0.22574186325073242,1.2184696791468346e-07,0.0,0.0,0.0,1.2184696791468346e-07,0.0,0.0,0.0,1.2184696791468346e-07,-0.24185709655284882,2.0273635387420668,9.206844329833984,8.999999999999999e-08,0.0,0.0,0.0,8.999999999999999e-08,0.0,0.0,0.0,8.999999999999999e-08
1759811059267298240,169067,1759811059260652096,base_link,-0.05526705840230303,-0.018679961363340967,0.03098842822078642,-0.9978158067553489,1.0,0.0,0.0,0.0,1.0,0.0,0.0,0.0,1.0,-0.03002677671611309,-0.07677511870861048,0.4206504821777344,1.2184696791468346e-07,0.0,0.0,0.0,1.2184696791468346e-07,0.0,0.0,0.0,1.2184696791468346e-07,-0.5304539203643799,0.692436754703523,9.608902931213379,8.999999999999999e-08,0.0,0.0,0.0,8.999999999999999e-08,0.0,0.0,0.0,8.999999999999999e-08
1759811059271881984,169068,1759811059265652096,base_link,-0.05508589939360206,-0.01833507501906534,0.03031513231582486,-0.997852938128887,1.0,0.0,0.0,0.0,1.0,0.0,0.0,0.0,1.0,-0.014959734864532948,-0.08033016324043271,0.25780123472213745,1.2184696791468346e-07,0.0,0.0,0.0,1.2184696791468346e-07,0.0,0.0,0.0,1.2184696791468346e-07,-0.8385847210884094,0.22475692629814267,9.706110000610352,8.999999999999999e-08,0.0,0.0,0.0,8.999999999999999e-08,0.0,0.0,0.0,8.999999999999999e-08
1759811059278860640,169069,1759811059276652096,base_link,-0.05525842356671436,-0.01818580010126286,0.030819335064560707,-0.9978306424460247,1.0,0.0,0.0,0.0,1.0,0.0,0.0,0.0,1.0,0.019772961735725403,-0.040052112191915526,-0.0965799018740654,1.2184696791468346e-07,0.0,0.0,0.0,1.2184696791468346e-07,0.0,0.0,0.0,1.2184696791468346e-07,-0.8098117709159851,0.18642261624336362,9.847774505615234,8.999999999999999e-08,0.0,0.0,0.0,8.999999999999999e-08,0.0,0.0,0.0,8.999999999999999e-08
1759811059290947104,169070,1759811059285652096,base_link,-0.05511456583603455,-0.01819803322404315,0.03190516432274687,-0.9978043006657055,1.0,0.0,0.0,0.0,1.0,0.0,0.0,0.0,1.0,0.012060224078595638,0.010581640526652293,-0.35417309403419495,1.2184696791468346e-07,0.0,0.0,0.0,1.2184696791468346e-07,0.0,0.0,0.0,1.2184696791468346e-07,-0.7409138083457947,0.6226046085357677,9.006637573242188,8.999999999999999e-08,0.0,0.0,0.0,8.999999999999999e-08,0.0,0.0,0.0,8.999999999999999e-08
1759811059302610144,169071,1759811059292652096,base_link,-0.055268523005288776,-0.01839443753810392,0.032908259317306114,-0.9977595407125869,1.0,0.0,0.0,0.0,1.0,0.0,0.0,0.0,1.0,-0.022391654551029205,0.012050560675561423,-0.043992217630147934,1.2184696791468346e-07,0.0,0.0,0.0,1.2184696791468346e-07,0.0,0.0,0.0,1.2184696791468346e-07,0.39502060413360596,2.394366025924684,10.270196914672852,8.999999999999999e-08,0.0,0.0,0.0,8.999999999999999e-08,0.0,0.0,0.0,8.999999999999999e-08
1759811059311717824,169072,1759811059297652096,base_link,-0.05509624907908951,-0.018394768127446923,0.03252788400949532,-0.997781583514358,1.0,0.0,0.0,0.0,1.0,0.0,0.0,0.0,1.0,-0.02302243374288082,-0.014704027213156173,0.4151216745376587,1.2184696791468346e-07,0.0,0.0,0.0,1.2184696791468346e-07,0.0,0.0,0.0,1.2184696791468346e-07,0.5208200216293335,2.0272083282470716,9.97539234161377,8.999999999999999e-08,0.0,0.0,0.0,8.999999999999999e-08,0.0,0.0,0.0,8.999999999999999e-08
1759811059315727488,169073,1759811059308652096,base_link,-0.05495505186822196,-0.018103944336009627,0.03015345700493709,-0.9978692068124122,1.0,0.0,0.0,0.0,1.0,0.0,0.0,0.0,1.0,-0.007607713341712952,-0.02906165458261961,0.45189112424850464,1.2184696791468346e-07,0.0,0.0,0.0,1.2184696791468346e-07,0.0,0.0,0.0,1.2184696791468346e-07,-0.6900179386138916,0.29096272587776306,10.044092178344727,8.999999999999999e-08,0.0,0.0,0.0,8.999999999999999e-08,0.0,0.0,0.0,8.999999999999999e-08
1759811059321486208,169074,1759811059313652096,base_link,-0.054988401879195216,-0.017959131715793244,0.029172741986937107,-0.9978991732217034,1.0,0.0,0.0,0.0,1.0,0.0,0.0,0.0,1.0,-0.016899079084396362,-0.052933085709810215,0.3535267114639282,1.2184696791468346e-07,0.0,0.0,0.0,1.2184696791468346e-07,0.0,0.0,0.0,1.2184696791468346e-07,-0.4673970639705658,0.5217271447181714,10.15099048614502,8.999999999999999e-08,0.0,0.0,0.0,8.999999999999999e-08,0.0,0.0,0.0,8.999999999999999e-08
1759811059331867616,169075,1759811059327652096,base_link,-0.055029416031152384,-0.017770651009252528,0.02873816583194129,-0.9979129552411665,1.0,0.0,0.0,0.0,1.0,0.0,0.0,0.0,1.0,0.05078558623790741,-0.005077606998384015,-0.13310164213180542,1.2184696791468346e-07,0.0,0.0,0.0,1.2184696791468346e-07,0.0,0.0,0.0,1.2184696791468346e-07,-0.666088879108429,-0.9438809156417836,9.238919258117676,8.999999999999999e-08,0.0,0.0,0.0,8.999999999999999e-08,0.0,0.0,0.0,8.999999999999999e-08
1759811059337436992,169076,1759811059329652096,base_link,-0.05523760302354997,-0.017890060933617984,0.029568248013363326,-0.9978749809306582,1.0,0.0,0.0,0.0,1.0,0.0,0.0,0.0,1.0,0.007852540351450443,0.019658530130982354,-0.37755101919174194,1.2184696791468346e-07,0.0,0.0,0.0,1.2184696791468346e-07,0.0,0.0,0.0,1.2184696791468346e-07,-0.5468005537986755,-0.2055534571409213,10.164351463317871,8.999999999999999e-08,0.0,0.0,0.0,8.999999999999999e-08,0.0,0.0,0.0,8.999999999999999e-08
1759811059344161440,169077,1759811059339652096,base_link,-0.05526555823791384,-0.018331426682491114,0.0316615555383539,-0.9978012660926127,1.0,0.0,0.0,0.0,1.0,0.0,0.0,0.0,1.0,0.02587183564901352,0.06682048738002772,-0.41328853368759155,1.2184696791468346e-07,0.0,0.0,0.0,1.2184696791468346e-07,0.0,0.0,0.0,1.2184696791468346e-07,-0.09008779376745224,2.0305795669555677,9.49678897857666,8.999999999999999e-08,0.0,0.0,0.0,8.999999999999999e-08,0.0,0.0,0.0,8.999999999999999e-08
1759811059352245728,169078,1759811059344652096,base_link,-0.055243674803913574,-0.018496340715269163,0.031726841006697266,-0.9977973464357011,1.0,0.0,0.0,0.0,1.0,0.0,0.0,0.0,1.0,0.00890341866761446,0.07259513437747954,-0.05817697942256928,1.2184696791468346e-07,0.0,0.0,0.0,1.2184696791468346e-07,0.0,0.0,0.0,1.2184696791468346e-07,0.6859180331230164,2.8172605037689222,10.595232963562012,8.999999999999999e-08,0.0,0.0,0.0,8.999999999999999e-08,0.0,0.0,0.0,8.999999999999999e-08
1759811059357014688,169079,1759811059350652096,base_link,-0.05505787964187641,-0.018628667331614192,0.031193809813580012,-0.9978219180483829,1.0,0.0,0.0,0.0,1.0,0.0,0.0,0.0,1.0,-0.03444039449095726,0.058143060654401814,0.30291539430618286,1.2184696791468346e-07,0.0,0.0,0.0,1.2184696791468346e-07,0.0,0.0,0.0,1.2184696791468346e-07,0.31817010045051575,1.8326635360717785,9.244810104370117,8.999999999999999e-08,0.0,0.0,0.0,8.999999999999999e-08,0.0,0.0,0.0,8.999999999999999e-08
1759811059361263424,169080,1759811059355652096,base_link,-0.055231387680483635,-0.018689948849349033,0.02993100593849657,-0.9978499035557942,1.0,0.0,0.0,0.0,1.0,0.0,0.0,0.0,1.0,0.006721061188727617,0.04842047765851026,0.41248366236686707,1.2184696791468346e-07,0.0,0.0,0.0,1.2184696791468346e-07,0.0,0.0,0.0,1.2184696791468346e-07,-0.30704858899116516,1.5376994609832775,9.33857536315918,8.999999999999999e-08,0.0,0.0,0.0,8.999999999999999e-08,0.0,0.0,0.0,8.999999999999999e-08
1759811059368602272,169081,1759811059360651072,base_link,-0.05522704655508701,-0.01866475557065165,0.02892698371327008,-0.997880164993025,1.0,0.0,0.0,0.0,1.0,0.0,0.0,0.0,1.0,0.02300560660660267,0.00881241541355853,0.38190123438835144,1.2184696791468346e-07,0.0,0.0,0.0,1.2184696791468346e-07,0.0,0.0,0.0,1.2184696791468346e-07,-0.7922067046165466,0.2993528544902814,10.044608116149902,8.999999999999999e-08,0.0,0.0,0.0,8.999999999999999e-08,0.0,0.0,0.0,8.999999999999999e-08
1759811059375425792,169082,1759811059371651072,base_link,-0.055454926662451325,-0.018518466493648363,0.02804438655860346,-0.9978954642990345,1.0,0.0,0.0,0.0,1.0,0.0,0.0,0.0,1.0,0.03897128626704216,-0.021064991131424883,0.17293615639209747,1.2184696791468346e-07,0.0,0.0,0.0,1.2184696791468346e-07,0.0,0.0,0.0,1.2184696791468346e-07,-0.817834734916687,-0.07202421128749736,9.04498291015625,8.999999999999999e-08,0.0,0.0,0.0,8.999999999999999e-08,0.0,0.0,0.0,8.999999999999999e-08
1759811059381418336,169083,1759811059376651072,base_link,-0.05552159507426146,-0.01865919218664821,0.028884626130516632,-0.9978652028618037,1.0,0.0,0.0,0.0,1.0,0.0,0.0,0.0,1.0,0.05219129100441933,0.012340974994003757,-0.13371041417121887,1.2184696791468346e-07,0.0,0.0,0.0,1.2184696791468346e-07,0.0,0.0,0.0,1.2184696791468346e-07,-0.5505465865135193,-1.2568134069442738,9.704646110534668,8.999999999999999e-08,0.0,0.0,0.0,8.999999999999999e-08,0.0,0.0,0.0,8.999999999999999e-08
1759811059390731744,169084,1759811059387651072,base_link,-0.05575891344151417,-0.019290446610220124,0.031363956641018445,-0.9977650619497418,1.0,0.0,0.0,0.0,1.0,0.0,0.0,0.0,1.0,0.028361091390252113,0.09294319897890085,-0.4942716956138611,1.2184696791468346e-07,0.0,0.0,0.0,1.2184696791468346e-07,0.0,0.0,0.0,1.2184696791468346e-07,-0.2076106071472168,2.3960435390472425,9.31732177734375,8.999999999999999e-08,0.0,0.0,0.0,8.999999999999999e-08,0.0,0.0,0.0,8.999999999999999e-08
1759811059399731104,169085,1759811059392651072,base_link,-0.05576487590348945,-0.019729860433171594,0.032053479082656676,-0.9977342104566318,1.0,0.0,0.0,0.0,1.0,0.0,0.0,0.0,1.0,0.0031291800551116467,0.14337913691997525,-0.32614222168922424,1.2184696791468346e-07,0.0,0.0,0.0,1.2184696791468346e-07,0.0,0.0,0.0,1.2184696791468346e-07,0.12769624590873718,2.408941984176637,9.527482986450195,8.999999999999999e-08,0.0,0.0,0.0,8.999999999999999e-08,0.0,0.0,0.0,8.999999999999999e-08
1759811059406815328,169086,1759811059403651072,base_link,-0.05567653742609963,-0.020208731608863356,0.03136855064750615,-0.9977513642239757,1.0,0.0,0.0,0.0,1.0,0.0,0.0,0.0,1.0,-0.03747286647558212,0.1083800569176674,0.12787751853466034,1.2184696791468346e-07,0.0,0.0,0.0,1.2184696791468346e-07,0.0,0.0,0.0,1.2184696791468346e-07,-0.29189926385879517,1.6219646930694593,10.01402759552002,8.999999999999999e-08,0.0,0.0,0.0,8.999999999999999e-08,0.0,0.0,0.0,8.999999999999999e-08
1759811059416829856,169087,1759811059412651072,base_link,-0.055997144551454964,-0.020256345693879525,0.030400353243513915,-0.9977624066982856,1.0,0.0,0.0,0.0,1.0,0.0,0.0,0.0,1.0,0.013218560256063938,0.02556179277598862,0.3470083475112915,1.2184696791468346e-07,0.0,0.0,0.0,1.2184696791468346e-07,0.0,0.0,0.0,1.2184696791468346e-07,-0.2963980436325073,1.142230272293092,9.707176208496094,8.999999999999999e-08,0.0,0.0,0.0,8.999999999999999e-08,0.0,0.0,0.0,8.999999999999999e-08
1759811059421897152,169088,1759811059413651072,base_link,-0.05614797231720726,-0.020280648620402117,0.02966438497481667,-0.997775640808718,1.0,0.0,0.0,0.0,1.0,0.0,0.0,0.0,1.0,0.04660896956920624,-0.005438744556158749,0.2614842653274536,1.2184696791468346e-07,0.0,0.0,0.0,1.2184696791468346e-07,0.0,0.0,0.0,1.2184696791468346e-07,-0.7717357277870178,0.9216676354408275,9.449094772338867,8.999999999999999e-08,0.0,0.0,0.0,8.999999999999999e-08,0.0,0.0,0.0,8.999999999999999e-08
1759811059433712576,169089,1759811059424651072,base_link,-0.056498613023393644,-0.020220267991554196,0.029238069602128984,-0.997769613809381,1.0,0.0,0.0,0.0,1.0,0.0,0.0,0.0,1.0,0.08388237655162811,-0.0016287496546283262,0.08284754306077957,1.2184696791468346e-07,0.0,0.0,0.0,1.2184696791468346e-07,0.0,0.0,0.0,1.2184696791468346e-07,-0.9241412878036499,-0.49814191460609325,9.157814025878906,8.999999999999999e-08,0.0,0.0,0.0,8.999999999999999e-08,0.0,0.0,0.0,8.999999999999999e-08
1759811059436632640,169090,1759811059429651072,base_link,-0.056568356838056055,-0.020224196868088823,0.03000501580448169,-0.9977428505605765,1.0,0.0,0.0,0.0,1.0,0.0,0.0,0.0,1.0,0.07468266785144806,0.007709361147135468,-0.22405260801315308,1.2184696791468346e-07,0.0,0.0,0.0,1.2184696791468346e-07,0.0,0.0,0.0,1.2184696791468346e-07,-1.4380110502243042,-0.034157115966080474,9.350262641906738,8.999999999999999e-08,0.0,0.0,0.0,8.999999999999999e-08,0.0,0.0,0.0,8.999999999999999e-08
1759811059442785824,169091,1759811059434651072,base_link,-0.05674712796437108,-0.020502139528949977,0.031096450593519804,-0.9976936230415158,1.0,0.0,0.0,0.0,1.0,0.0,0.0,0.0,1.0,0.05352817848324776,0.04716922342777247,-0.4208766222000122,1.2184696791468346e-07,0.0,0.0,0.0,1.2184696791468346e-07,0.0,0.0,0.0,1.2184696791468346e-07,-1.0253567695617676,0.8247093558311474,9.456836700439453,8.999999999999999e-08,0.0,0.0,0.0,8.999999999999999e-08,0.0,0.0,0.0,8.999999999999999e-08
1759811059449950112,169092,1759811059445651072,base_link,-0.05692637982817692,-0.02092154150139287,0.032771197765948695,-0.9976210461683801,1.0,0.0,0.0,0.0,1.0,0.0,0.0,0.0,1.0,0.03685908019542694,0.0750176608562469,-0.33444908261299133,1.2184696791468346e-07,0.0,0.0,0.0,1.2184696791468346e-07,0.0,0.0,0.0,1.2184696791468346e-07,0.5884684324264526,2.356402158737184,10.477997779846191,8.999999999999999e-08,0.0,0.0,0.0,8.999999999999999e-08,0.0,0.0,0.0,8.999999999999999e-08
1759811059456304192,169093,1759811059451651072,base_link,-0.05697221847719958,-0.021068292876640752,0.032482534000497595,-0.9976247972378975,1.0,0.0,0.0,0.0,1.0,0.0,0.0,0.0,1.0,0.010904643684625626,0.05281857028603554,0.006138094700872892,1.2184696791468346e-07,0.0,0.0,0.0,1.2184696791468346e-07,0.0,0.0,0.0,1.2184696791468346e-07,0.34534212946891785,2.3981180191040052,9.53222370147705,8.999999999999999e-08,0.0,0.0,0.0,8.999999999999999e-08,0.0,0.0,0.0,8.999999999999999e-08
1759811059462992800,169094,1759811059456648768,base_link,-0.05699425601061471,-0.021058030119028348,0.031849319748469905,-0.9976441847882125,1.0,0.0,0.0,0.0,1.0,0.0,0.0,0.0,1.0,0.006471282336860895,0.029057038947939907,0.269525945186615,1.2184696791468346e-07,0.0,0.0,0.0,1.2184696791468346e-07,0.0,0.0,0.0,1.2184696791468346e-07,-0.7684317827224731,1.4929507970809948,9.365976333618164,8.999999999999999e-08,0.0,0.0,0.0,8.999999999999999e-08,0.0,0.0,0.0,8.999999999999999e-08
1759811059469643424,169095,1759811059461648768,base_link,-0.057148613574929785,-0.02091348750206024,0.03084205221590808,-0.9976700208063497,1.0,0.0,0.0,0.0,1.0,0.0,0.0,0.0,1.0,0.05468861013650894,-0.050333458930253934,0.37326779961586,1.2184696791468346e-07,0.0,0.0,0.0,1.2184696791468346e-07,0.0,0.0,0.0,1.2184696791468346e-07,-0.7890392541885376,1.302501440048219,10.666165351867676,8.999999999999999e-08,0.0,0.0,0.0,8.999999999999999e-08,0.0,0.0,0.0,8.999999999999999e-08
1759811059476907968,169096,1759811059471648768,base_link,-0.05737604192076162,-0.020372565628648313,0.029658948031358746,-0.997704033313098,1.0,0.0,0.0,0.0,1.0,0.0,0.0,0.0,1.0,0.055699169635772705,-0.09452041983604428,0.19619709253311157,1.2184696791468346e-07,0.0,0.0,0.0,1.2184696791468346e-07,0.0,0.0,0.0,1.2184696791468346e-07,-1.0167973041534424,0.10603962838649868,9.590229988098145,8.999999999999999e-08,0.0,0.0,0.0,8.999999999999999e-08,0.0,0.0,0.0,8.999999999999999e-08
1759811059486777888,169097,1759811059482648768,base_link,-0.05777293089065461,-0.020154426711646085,0.03096461525137773,-0.9976459128090015,1.0,0.0,0.0,0.0,1.0,0.0,0.0,0.0,1.0,0.08456533402204514,-0.07477169483900073,-0.2605364918708801,1.2184696791468346e-07,0.0,0.0,0.0,1.2184696791468346e-07,0.0,0.0,0.0,1.2184696791468346e-07,-1.1679285764694214,0.28691214323043945,10.161799430847168,8.999999999999999e-08,0.0,0.0,0.0,8.999999999999999e-08,0.0,0.0,0.0,8.999999999999999e-08
1759811059491847168,169098,1759811059487648768,base_link,-0.05777436124932596,-0.020175328914329455,0.03207505826909428,-0.9976102987220098,1.0,0.0,0.0,0.0,1.0,0.0,0.0,0.0,1.0,0.04096878692507744,-0.038121957331895884,-0.43231770396232605,1.2184696791468346e-07,0.0,0.0,0.0,1.2184696791468346e-07,0.0,0.0,0.0,1.2184696791468346e-07,-0.7433761954307556,1.1462515592575084,9.651280403137207,8.999999999999999e-08,0.0,0.0,0.0,8.999999999999999e-08,0.0,0.0,0.0,8.999999999999999e-08
1759811059498765184,169099,1759811059492648768,base_link,-0.057834018796304114,-0.020284190272766046,0.03313627376775009,-0.9975699641879848,1.0,0.0,0.0,0.0,1.0,0.0,0.0,0.0,1.0,0.014469878748059273,-0.006825361400842713,-0.3730175197124481,1.2184696791468346e-07,0.0,0.0,0.0,1.2184696791468346e-07,0.0,0.0,0.0,1.2184696791468346e-07,-0.3579067289829254,2.282322645187379,9.012473106384277,8.999999999999999e-08,0.0,0.0,0.0,8.999999999999999e-08,0.0,0.0,0.0,8.999999999999999e-08
1759811059508187648,169100,1759811059503648768,base_link,-0.05772699477704479,-0.020039714843800575,0.03296701202413033,-0.9975867386336922,1.0,0.0,0.0,0.0,1.0,0.0,0.0,0.0,1.0,-0.02742024138569832,-0.03297489881515503,0.028108308091759685,1.2184696791468346e-07,0.0,0.0,0.0,1.2184696791468346e-07,0.0,0.0,0.0,1.2184696791468346e-07,0.03172389045357704,2.1596424579620375,9.90180492401123,8.999999999999999e-08,0.0,0.0,0.0,8.999999999999999e-08,0.0,0.0,0.0,8.999999999999999e-08
1759811059513917216,169101,1759811059508648768,base_link,-0.0578756374921196,-0.01975286734410248,0.032218863316213465,-0.9976082756732813,1.0,0.0,0.0,0.0,1.0,0.0,0.0,0.0,1.0,-0.02382945455610752,-0.07659168541431423,0.3227710425853729,1.2184696791468346e-07,0.0,0.0,0.0,1.2184696791468346e-07,0.0,0.0,0.0,1.2184696791468346e-07,-0.5022419691085815,0.8271989822387708,9.583044052124023,8.999999999999999e-08,0.0,0.0,0.0,8.999999999999999e-08,0.0,0.0,0.0,8.999999999999999e-08
1759811059521963232,169102,1759811059514648768,base_link,-0.05799580474266924,-0.0194173402343743,0.031227569439237202,-0.9976393800474823,1.0,0.0,0.0,0.0,1.0,0.0,0.0,0.0,1.0,0.01197461411356926,-0.11968520283699031,0.3674190938472748,1.2184696791468346e-07,0.0,0.0,0.0,1.2184696791468346e-07,0.0,0.0,0.0,1.2184696791468346e-07,-0.624139130115509,1.1432754993438732,9.511897087097168,8.999999999999999e-08,0.0,0.0,0.0,8.999999999999999e-08,0.0,0.0,0.0,8.999999999999999e-08
1759811059530481888,169103,1759811059519648768,base_link,-0.057916568667468755,-0.019042760118233727,0.030455228440275102,-0.997675078428171,1.0,0.0,0.0,0.0,1.0,0.0,0.0,0.0,1.0,0.03395294398069382,-0.128480851650238,0.24027121067047122,1.2184696791468346e-07,0.0,0.0,0.0,1.2184696791468346e-07,0.0,0.0,0.0,1.2184696791468346e-07,-0.6112409830093384,0.7508944272995007,10.076004981994629,8.999999999999999e-08,0.0,0.0,0.0,8.999999999999999e-08,0.0,0.0,0.0,8.999999999999999e-08
1759811059531386912,169104,1759811059524648768,base_link,-0.05813088670923567,-0.018734059477582735,0.030376498127256738,-0.9976708637433199,1.0,0.0,0.0,0.0,1.0,0.0,0.0,0.0,1.0,0.0242485199123621,-0.11157389730215071,0.06785147637128831,1.2184696791468346e-07,0.0,0.0,0.0,1.2184696791468346e-07,0.0,0.0,0.0,1.2184696791468346e-07,-0.6194469332695007,-0.1337838023900974,9.412935256958008,8.999999999999999e-08,0.0,0.0,0.0,8.999999999999999e-08,0.0,0.0,0.0,8.999999999999999e-08
1759811059539777280,169105,1759811059535648768,base_link,-0.058122938077024316,-0.018372738496565885,0.03190183472171452,-0.997630444915598,1.0,0.0,0.0,0.0,1.0,0.0,0.0,0.0,1.0,0.029389280825853348,-0.08842004835605626,-0.30975857377052307,1.2184696791468346e-07,0.0,0.0,0.0,1.2184696791468346e-07,0.0,0.0,0.0,1.2184696791468346e-07,-1.1729612350463867,-0.38669836521148565,9.594754219055176,8.999999999999999e-08,0.0,0.0,0.0,8.999999999999999e-08,0.0,0.0,0.0,8.999999999999999e-08
1759811059550729440,169106,1759811059545648768,base_link,-0.05833775924679533,-0.01846184878811906,0.03371419135453147,-0.9975566457838554,1.0,0.0,0.0,0.0,1.0,0.0,0.0,0.0,1.0,0.022053558379411697,-0.008227135054767177,-0.36694473028182983,1.2184696791468346e-07,0.0,0.0,0.0,1.2184696791468346e-07,0.0,0.0,0.0,1.2184696791468346e-07,0.3711504340171814,3.262819290161134,9.408792495727539,8.999999999999999e-08,0.0,0.0,0.0,8.999999999999999e-08,0.0,0.0,0.0,8.999999999999999e-08
1759811059561702976,169107,1759811059551648768,base_link,-0.05839445466057658,-0.018293511640988518,0.03353207482211588,-0.9975625884894954,1.0,0.0,0.0,0.0,1.0,0.0,0.0,0.0,1.0,0.02094707079231739,-0.02105460688471795,-0.09059567749500275,1.2184696791468346e-07,0.0,0.0,0.0,1.2184696791468346e-07,0.0,0.0,0.0,1.2184696791468346e-07,0.8024283051490784,2.160768508911134,10.153940200805664,8.999999999999999e-08,0.0,0.0,0.0,8.999999999999999e-08,0.0,0.0,0.0,8.999999999999999e-08
1759811059564848576,169108,1759811059556647232,base_link,-0.058259630843457276,-0.018204061540469225,0.03263105949464999,-0.9976019536460046,1.0,0.0,0.0,0.0,1.0,0.0,0.0,0.0,1.0,-0.014071519486606121,-0.06264171004295345,0.3281933069229126,1.2184696791468346e-07,0.0,0.0,0.0,1.2184696791468346e-07,0.0,0.0,0.0,1.2184696791468346e-07,-0.1861674189567566,1.525561571121217,9.863964080810547,8.999999999999999e-08,0.0,0.0,0.0,8.999999999999999e-08,0.0,0.0,0.0,8.999999999999999e-08
1759811059566868544,169109,1759811059561647232,base_link,-0.05822007207486275,-0.017881552538574846,0.03175255058428892,-0.9976384528168151,1.0,0.0,0.0,0.0,1.0,0.0,0.0,0.0,1.0,-0.024371329694986343,-0.075550764799118,0.37249839305877686,1.2184696791468346e-07,0.0,0.0,0.0,1.2184696791468346e-07,0.0,0.0,0.0,1.2184696791468346e-07,-0.8280846476554871,0.9349324703216565,9.77010440826416,8.999999999999999e-08,0.0,0.0,0.0,8.999999999999999e-08,0.0,0.0,0.0,8.999999999999999e-08
1759811059575836384,169110,1759811059572647232,base_link,-0.05823796868041169,-0.01732891779254394,0.030032917018195902,-0.9977004508309746,1.0,0.0,0.0,0.0,1.0,0.0,0.0,0.0,1.0,-0.006067244801670313,-0.09569617360830303,0.33283454179763794,1.2184696791468346e-07,0.0,0.0,0.0,1.2184696791468346e-07,0.0,0.0,0.0,1.2184696791468346e-07,-0.20697563886642456,1.0923973321914684,9.271295547485352,8.999999999999999e-08,0.0,0.0,0.0,8.999999999999999e-08,0.0,0.0,0.0,8.999999999999999e-08
1759811059588950976,169111,1759811059582647232,base_link,-0.05846419188979391,-0.01713080126276242,0.030592374285329543,-0.9976736454353217,1.0,0.0,0.0,0.0,1.0,0.0,0.0,0.0,1.0,0.04612770304083824,-0.05029716342687608,-0.10160619020462036,1.2184696791468346e-07,0.0,0.0,0.0,1.2184696791468346e-07,0.0,0.0,0.0,1.2184696791468346e-07,-1.0187768936157227,-0.6006406545639026,9.532869338989258,8.999999999999999e-08,0.0,0.0,0.0,8.999999999999999e-08,0.0,0.0,0.0,8.999999999999999e-08
1759811059594983040,169112,1759811059588647232,base_link,-0.058369295626193606,-0.017297831857589124,0.03182091277257358,-0.9976378627609359,1.0,0.0,0.0,0.0,1.0,0.0,0.0,0.0,1.0,0.02006434090435505,0.009064050391316365,-0.40067294239997864,1.2184696791468346e-07,0.0,0.0,0.0,1.2184696791468346e-07,0.0,0.0,0.0,1.2184696791468346e-07,-0.6018089652061462,1.2208396196365368,9.8006010055542,8.999999999999999e-08,0.0,0.0,0.0,8.999999999999999e-08,0.0,0.0,0.0,8.999999999999999e-08
1759811059603019360,169113,1759811059598647232,base_link,-0.0584995320222703,-0.017719218683179074,0.03325664516709721,-0.9975760333341704,1.0,0.0,0.0,0.0,1.0,0.0,0.0,0.0,1.0,0.019322363659739494,0.07905037701129909,-0.3047158718109131,1.2184696791468346e-07,0.0,0.0,0.0,1.2184696791468346e-07,0.0,0.0,0.0,1.2184696791468346e-07,0.7293711304664612,2.426514863967897,10.191130638122559,8.999999999999999e-08,0.0,0.0,0.0,8.999999999999999e-08,0.0,0.0,0.0,8.999999999999999e-08
1759811059609799136,169114,1759811059604647232,base_link,-0.05827433614232053,-0.017793671091073566,0.0331594966812796,-0.9975910797590888,1.0,0.0,0.0,0.0,1.0,0.0,0.0,0.0,1.0,-0.04660961031913757,0.056090082973241806,0.02678007446229457,1.2184696791468346e-07,0.0,0.0,0.0,1.2184696791468346e-07,0.0,0.0,0.0,1.2184696791468346e-07,0.24300165474414825,1.5002783536911024,9.986281394958496,8.999999999999999e-08,0.0,0.0,0.0,8.999999999999999e-08,0.0,0.0,0.0,8.999999999999999e-08
1759811059620859392,169115,1759811059614647232,base_link,-0.058362374323414706,-0.01786855155289825,0.031513577953232154,-0.9976379470546329,1.0,0.0,0.0,0.0,1.0,0.0,0.0,0.0,1.0,-0.013939044438302517,0.024848803877830547,0.33003389835357666,1.2184696791468346e-07,0.0,0.0,0.0,1.2184696791468346e-07,0.0,0.0,0.0,1.2184696791468346e-07,-0.4143396317958832,2.125411987304689,9.710870742797852,8.999999999999999e-08,0.0,0.0,0.0,8.999999999999999e-08,0.0,0.0,0.0,8.999999999999999e-08
1759811059626766528,169116,1759811059620647232,base_link,-0.0582862953105855,-0.017798676029334236,0.030602784556911726,-0.9976720017082297,1.0,0.0,0.0,0.0,1.0,0.0,0.0,0.0,1.0,-0.02878545969724655,0.001997411716729446,0.3536941111087799,1.2184696791468346e-07,0.0,0.0,0.0,1.2184696791468346e-07,0.0,0.0,0.0,1.2184696791468346e-07,0.029542941600084305,0.3034880757331861,10.62063980102539,8.999999999999999e-08,0.0,0.0,0.0,8.999999999999999e-08,0.0,0.0,0.0,8.999999999999999e-08
1759811059628888928,169117,1759811059625647232,base_link,-0.058403638722284906,-0.01783610638207896,0.03007396804864553,-0.9976805575184774,1.0,0.0,0.0,0.0,1.0,0.0,0.0,0.0,1.0,0.003667293582111597,0.010184003040194548,0.29201051592826843,1.2184696791468346e-07,0.0,0.0,0.0,1.2184696791468346e-07,0.0,0.0,0.0,1.2184696791468346e-07,-0.4205392897129059,-0.03034290485083948,8.897171020507812,8.999999999999999e-08,0.0,0.0,0.0,8.999999999999999e-08,0.0,0.0,0.0,8.999999999999999e-08
1759811059637025376,169118,1759811059630647232,base_link,-0.05825515669207004,-0.01792082023049684,0.030290560703143034,-0.9976811897212051,1.0,0.0,0.0,0.0,1.0,0.0,0.0,0.0,1.0,0.03286965563893318,0.030649883672595014,-0.07326382398605347,1.2184696791468346e-07,0.0,0.0,0.0,1.2184696791468346e-07,0.0,0.0,0.0,1.2184696791468346e-07,-0.8122362494468689,-0.6589862704277027,8.955528259277344,8.999999999999999e-08,0.0,0.0,0.0,8.999999999999999e-08,0.0,0.0,0.0,8.999999999999999e-08
1759811059642857184,169119,1759811059635647232,base_link,-0.05857376711047716,-0.018176866286467572,0.03126318352622893,-0.9976278739578388,1.0,0.0,0.0,0.0,1.0,0.0,0.0,0.0,1.0,0.018431363627314568,0.06633464992046352,-0.3498252332210541,1.2184696791468346e-07,0.0,0.0,0.0,1.2184696791468346e-07,0.0,0.0,0.0,1.2184696791468346e-07,-0.7367303967475891,-0.2136542946100223,9.786930084228516,8.999999999999999e-08,0.0,0.0,0.0,8.999999999999999e-08,0.0,0.0,0.0,8.999999999999999e-08
1759811059648154176,169120,1759811059641647232,base_link,-0.05857245792399529,-0.01851867459371289,0.03231710762009233,-0.9975880873328445,1.0,0.0,0.0,0.0,1.0,0.0,0.0,0.0,1.0,0.03840522840619087,0.11807727813720698,-0.45719075202941895,1.2184696791468346e-07,0.0,0.0,0.0,1.2184696791468346e-07,0.0,0.0,0.0,1.2184696791468346e-07,-0.2449330985546112,2.076100826263429,9.76097297668457,8.999999999999999e-08,0.0,0.0,0.0,8.999999999999999e-08,0.0,0.0,0.0,8.999999999999999e-08
1759811059657329408,169121,1759811059651647232,base_link,-0.058659861268183774,-0.019362379426827076,0.03392753870169363,-0.9975134874109802,1.0,0.0,0.0,0.0,1.0,0.0,0.0,0.0,1.0,0.016683753579854965,0.15075235068798062,-0.31236428022384644,1.2184696791468346e-07,0.0,0.0,0.0,1.2184696791468346e-07,0.0,0.0,0.0,1.2184696791468346e-07,0.4468745291233063,2.3680377006530775,9.912530899047852,8.999999999999999e-08,0.0,0.0,0.0,8.999999999999999e-08,0.0,0.0,0.0,8.999999999999999e-08
1759811059664123072,169122,1759811059657646208,base_link,-0.05843825577289152,-0.01971906030324068,0.033735180485089875,-0.9975260471718365,1.0,0.0,0.0,0.0,1.0,0.0,0.0,0.0,1.0,-0.027307329699397087,0.14478932321071625,0.064514622092247,1.2184696791468346e-07,0.0,0.0,0.0,1.2184696791468346e-07,0.0,0.0,0.0,1.2184696791468346e-07,0.2144141048192978,1.8656415939331066,9.76082706451416,8.999999999999999e-08,0.0,0.0,0.0,8.999999999999999e-08,0.0,0.0,0.0,8.999999999999999e-08
1759811059671800256,169123,1759811059667646208,base_link,-0.058518782595327654,-0.020094852141275935,0.03179448669855728,-0.9975775506207168,1.0,0.0,0.0,0.0,1.0,0.0,0.0,0.0,1.0,0.0032596420496702194,0.08105557411909109,0.4063102602958679,1.2184696791468346e-07,0.0,0.0,0.0,1.2184696791468346e-07,0.0,0.0,0.0,1.2184696791468346e-07,-0.5458106398582458,1.822943925857545,9.225375175476074,8.999999999999999e-08,0.0,0.0,0.0,8.999999999999999e-08,0.0,0.0,0.0,8.999999999999999e-08
1759811059678648608,169124,1759811059672646208,base_link,-0.058575047321000676,-0.02015083500989955,0.030958461811495187,-0.9975993826882454,1.0,0.0,0.0,0.0,1.0,0.0,0.0,0.0,1.0,0.004395549651235342,0.030586566776037258,0.3351258635520935,1.2184696791468346e-07,0.0,0.0,0.0,1.2184696791468346e-07,0.0,0.0,0.0,1.2184696791468346e-07,-1.0271611213684082,-0.006668328307567808,9.953925132751465,8.999999999999999e-08,0.0,0.0,0.0,8.999999999999999e-08,0.0,0.0,0.0,8.999999999999999e-08
1759811059687065536,169125,1759811059683646208,base_link,-0.05890193827805117,-0.020301072719772693,0.0309755734319906,-0.9975765390963526,1.0,0.0,0.0,0.0,1.0,0.0,0.0,0.0,1.0,0.06089610606431961,0.028580058366060257,-0.007186917588114742,1.2184696791468346e-07,0.0,0.0,0.0,1.2184696791468346e-07,0.0,0.0,0.0,1.2184696791468346e-07,-1.026756763458252,-0.5904723405838,10.030965805053711,8.999999999999999e-08,0.0,0.0,0.0,8.999999999999999e-08,0.0,0.0,0.0,8.999999999999999e-08
1759811059699669344,169126,1759811059693646208,base_link,-0.059127297477038925,-0.020869802293578696,0.03321993526204418,-0.9974793063168379,1.0,0.0,0.0,0.0,1.0,0.0,0.0,0.0,1.0,0.04018247500061989,0.07900657504796976,-0.439285010099411,1.2184696791468346e-07,0.0,0.0,0.0,1.2184696791468346e-07,0.0,0.0,0.0,1.2184696791468346e-07,-0.6732276678085327,0.01937154121697068,9.726283073425293,8.999999999999999e-08,0.0,0.0,0.0,8.999999999999999e-08,0.0,0.0,0.0,8.999999999999999e-08
1759811059706770688,169127,1759811059703646208,base_link,-0.059135711041672916,-0.021353832506945995,0.0342106812299898,-0.99743509427275,1.0,0.0,0.0,0.0,1.0,0.0,0.0,0.0,1.0,0.03305870667099953,0.10935392975807186,-0.3110494911670685,1.2184696791468346e-07,0.0,0.0,0.0,1.2184696791468346e-07,0.0,0.0,0.0,1.2184696791468346e-07,-0.30687442421913147,2.357172489166261,9.455053329467773,8.999999999999999e-08,0.0,0.0,0.0,8.999999999999999e-08,0.0,0.0,0.0,8.999999999999999e-08
1759811059712815168,169128,1759811059704646208,base_link,-0.05926952465151697,-0.02157259308996376,0.034477807955851814,-0.9974132622052213,1.0,0.0,0.0,0.0,1.0,0.0,0.0,0.0,1.0,0.005835080984979868,0.10719827562570572,-0.008491930551826968,1.2184696791468346e-07,0.0,0.0,0.0,1.2184696791468346e-07,0.0,0.0,0.0,1.2184696791468346e-07,0.4196586012840271,2.174486875534059,9.864386558532715,8.999999999999999e-08,0.0,0.0,0.0,8.999999999999999e-08,0.0,0.0,0.0,8.999999999999999e-08
1759811059719797920,169129,1759811059715646208,base_link,-0.0593858881489885,-0.021850697752773877,0.03340525495494659,-0.9974366958529934,1.0,0.0,0.0,0.0,1.0,0.0,0.0,0.0,1.0,0.02535322681069374,0.06285672634840014,0.22161464393138885,1.2184696791468346e-07,0.0,0.0,0.0,1.2184696791468346e-07,0.0,0.0,0.0,1.2184696791468346e-07,-0.7108713388442993,1.2327615022659313,9.780424118041992,8.999999999999999e-08,0.0,0.0,0.0,8.999999999999999e-08,0.0,0.0,0.0,8.999999999999999e-08
1759811059730326336,169130,1759811059725646208,base_link,-0.05968354104697358,-0.021697324053953717,0.03204041355961831,-0.9974670837307698,1.0,0.0,0.0,0.0,1.0,0.0,0.0,0.0,1.0,0.0476265624165535,-0.022530842572450603,0.28173884749412537,1.2184696791468346e-07,0.0,0.0,0.0,1.2184696791468346e-07,0.0,0.0,0.0,1.2184696791468346e-07,-0.7842427492141724,0.31371423602104304,9.517990112304688,8.999999999999999e-08,0.0,0.0,0.0,8.999999999999999e-08,0.0,0.0,0.0,8.999999999999999e-08
1759811059741136768,169131,1759811059736646208,base_link,-0.06014762394719408,-0.021743344461260566,0.032657569862363345,-0.9974181512396486,1.0,0.0,0.0,0.0,1.0,0.0,0.0,0.0,1.0,0.09157772362232208,-0.009999370202422158,-0.12055858969688416,1.2184696791468346e-07,0.0,0.0,0.0,1.2184696791468346e-07,0.0,0.0,0.0,1.2184696791468346e-07,-1.5246593952178955,0.22445552051067472,9.726943969726562,8.999999999999999e-08,0.0,0.0,0.0,8.999999999999999e-08,0.0,0.0,0.0,8.999999999999999e-08
1759811059748883424,169132,1759811059745646208,base_link,-0.06011849388942797,-0.021725175218285323,0.03364549199145872,-0.9973875526276297,1.0,0.0,0.0,0.0,1.0,0.0,0.0,0.0,1.0,0.05681005120277405,-0.0006689239526168031,-0.4244387149810791,1.2184696791468346e-07,0.0,0.0,0.0,1.2184696791468346e-07,0.0,0.0,0.0,1.2184696791468346e-07,-1.624003529548645,0.3842700719833387,10.236714363098145,8.999999999999999e-08,0.0,0.0,0.0,8.999999999999999e-08,0.0,0.0,0.0,8.999999999999999e-08
1759811059754780320,169133,1759811059752646208,base_link,-0.060497254446105216,-0.02190804775979606,0.035876493270534375,-0.9972828598559287,1.0,0.0,0.0,0.0,1.0,0.0,0.0,0.0,1.0,0.07314644753932953,0.013700211420655197,-0.4386880695819855,1.2184696791468346e-07,0.0,0.0,0.0,1.2184696791468346e-07,0.0,0.0,0.0,1.2184696791468346e-07,0.18471702933311462,2.471831083297731,9.924600601196289,8.999999999999999e-08,0.0,0.0,0.0,8.999999999999999e-08,0.0,0.0,0.0,8.999999999999999e-08
1759811059761802784,169134,1759811059757646208,base_link,-0.06044963114146593,-0.021875460343363042,0.03598637010460227,-0.997282480534292,1.0,0.0,0.0,0.0,1.0,0.0,0.0,0.0,1.0,0.03897614777088165,0.004431182052940103,-0.2171587496995926,1.2184696791468346e-07,0.0,0.0,0.0,1.2184696791468346e-07,0.0,0.0,0.0,1.2184696791468346e-07,0.7420114278793335,3.0006453990936293,10.460241317749023,8.999999999999999e-08,0.0,0.0,0.0,8.999999999999999e-08,0.0,0.0,0.0,8.999999999999999e-08
1759811059772775648,169135,1759811059768646720,base_link,-0.06062313786298415,-0.021591713271208526,0.03460226759950448,-0.9973271561937136,1.0,0.0,0.0,0.0,1.0,0.0,0.0,0.0,1.0,0.037354741245508194,-0.04654603078961368,0.31870120763778687,1.2184696791468346e-07,0.0,0.0,0.0,1.2184696791468346e-07,0.0,0.0,0.0,1.2184696791468346e-07,-0.9838988184928894,1.0487502813339247,10.092449188232422,8.999999999999999e-08,0.0,0.0,0.0,8.999999999999999e-08,0.0,0.0,0.0,8.999999999999999e-08
1759811059779005056,169136,1759811059773646720,base_link,-0.06066001503834216,-0.021405457128015774,0.03375890916080149,-0.9973578390994295,1.0,0.0,0.0,0.0,1.0,0.0,0.0,0.0,1.0,0.017104273661971092,-0.09419102221727367,0.3381153345108032,1.2184696791468346e-07,0.0,0.0,0.0,1.2184696791468346e-07,0.0,0.0,0.0,1.2184696791468346e-07,-1.15018892288208,0.6015018820762646,9.92183780670166,8.999999999999999e-08,0.0,0.0,0.0,8.999999999999999e-08,0.0,0.0,0.0,8.999999999999999e-08
1759811059786882432,169137,1759811059782646720,base_link,-0.060876852671396614,-0.021008299471963525,0.033158063688430196,-0.9973731805522875,1.0,0.0,0.0,0.0,1.0,0.0,0.0,0.0,1.0,0.04606581851840019,-0.09019733965396878,0.20502592623233795,1.2184696791468346e-07,0.0,0.0,0.0,1.2184696791468346e-07,0.0,0.0,0.0,1.2184696791468346e-07,-0.7484055757522583,0.8863764405250562,9.546749114990234,8.999999999999999e-08,0.0,0.0,0.0,8.999999999999999e-08,0.0,0.0,0.0,8.999999999999999e-08
1759811059792662464,169138,1759811059783646720,base_link,-0.06099743348789727,-0.020834787482089254,0.0329680656953431,-0.9973757936568951,1.0,0.0,0.0,0.0,1.0,0.0,0.0,0.0,1.0,0.03983207046985626,-0.08691705763339998,-0.06781104952096938,1.2184696791468346e-07,0.0,0.0,0.0,1.2184696791468346e-07,0.0,0.0,0.0,1.2184696791468346e-07,-0.43558865785598755,0.5681915879249585,10.07258415222168,8.999999999999999e-08,0.0,0.0,0.0,8.999999999999999e-08,0.0,0.0,0.0,8.999999999999999e-08
1759811059804209472,169139,1759811059794646720,base_link,-0.06105850427138955,-0.0204922337024609,0.03433484584570289,-0.9973330146056566,1.0,0.0,0.0,0.0,1.0,0.0,0.0,0.0,1.0,0.028453439474105835,-0.06981911510229113,-0.24932275712490082,1.2184696791468346e-07,0.0,0.0,0.0,1.2184696791468346e-07,0.0,0.0,0.0,1.2184696791468346e-07,-1.6020135879516602,-0.005155408754943644,9.449957847595215,8.999999999999999e-08,0.0,0.0,0.0,8.999999999999999e-08,0.0,0.0,0.0,8.999999999999999e-08
1759811059804965376,169140,1759811059799646720,base_link,-0.06112050887099416,-0.020504133601720147,0.03561433987279658,-0.997284124261384,1.0,0.0,0.0,0.0,1.0,0.0,0.0,0.0,1.0,0.029390843585133553,-0.04004156216979032,-0.43598440289497375,1.2184696791468346e-07,0.0,0.0,0.0,1.2184696791468346e-07,0.0,0.0,0.0,1.2184696791468346e-07,-1.123308777809143,1.609991192817689,8.802987098693848,8.999999999999999e-08,0.0,0.0,0.0,8.999999999999999e-08,0.0,0.0,0.0,8.999999999999999e-08
1759811059819537536,169141,1759811059810646720,base_link,-0.06109611638241848,-0.020312507686609305,0.035979247287203926,-0.997276369241258,1.0,0.0,0.0,0.0,1.0,0.0,0.0,0.0,1.0,-0.025661170482635498,-0.04416741430759429,0.06948267668485641,1.2184696791468346e-07,0.0,0.0,0.0,1.2184696791468346e-07,0.0,0.0,0.0,1.2184696791468346e-07,1.0462266206741333,3.1040446758270277,9.94179916381836,8.999999999999999e-08,0.0,0.0,0.0,8.999999999999999e-08,0.0,0.0,0.0,8.999999999999999e-08
1759811059822986720,169142,1759811059815646720,base_link,-0.06091871634576907,-0.020140415518694246,0.03510765045999863,-0.9973218035439527,1.0,0.0,0.0,0.0,1.0,0.0,0.0,0.0,1.0,-0.01588665507733822,-0.06108665466308589,0.4000379741191864,1.2184696791468346e-07,0.0,0.0,0.0,1.2184696791468346e-07,0.0,0.0,0.0,1.2184696791468346e-07,-0.2600484788417816,1.8808759450912487,9.285797119140625,8.999999999999999e-08,0.0,0.0,0.0,8.999999999999999e-08,0.0,0.0,0.0,8.999999999999999e-08
1759811059830719008,169143,1759811059826646720,base_link,-0.06094558364460575,-0.019424389294787747,0.03285856818291179,-0.9974110284222503,1.0,0.0,0.0,0.0,1.0,0.0,0.0,0.0,1.0,-0.019315678626298904,-0.10890925675630564,0.45010051131248474,1.2184696791468346e-07,0.0,0.0,0.0,1.2184696791468346e-07,0.0,0.0,0.0,1.2184696791468346e-07,-1.1430054903030396,1.0378592014312757,10.114899635314941,8.999999999999999e-08,0.0,0.0,0.0,8.999999999999999e-08,0.0,0.0,0.0,8.999999999999999e-08
1759811059837547200,169144,1759811059831646720,base_link,-0.06072778453656964,-0.019033893474978247,0.03213052352173461,-0.9974555354942778,1.0,0.0,0.0,0.0,1.0,0.0,0.0,0.0,1.0,-0.048274293541908264,-0.12335141003131862,0.31723979115486145,1.2184696791468346e-07,0.0,0.0,0.0,1.2184696791468346e-07,0.0,0.0,0.0,1.2184696791468346e-07,-0.5414797067642212,1.0658679008483898,9.49492359161377,8.999999999999999e-08,0.0,0.0,0.0,8.999999999999999e-08,0.0,0.0,0.0,8.999999999999999e-08
1759811059842699296,169145,1759811059837646720,base_link,-0.060972342942143126,-0.01872761627811663,0.03205904246666015,-0.997448707704819,1.0,0.0,0.0,0.0,1.0,0.0,0.0,0.0,1.0,0.031613290309906006,-0.10702182352542877,0.014198824763298049,1.2184696791468346e-07,0.0,0.0,0.0,1.2184696791468346e-07,0.0,0.0,0.0,1.2184696791468346e-07,-0.5204057693481445,-0.3250963389873493,9.323382377624512,8.999999999999999e-08,0.0,0.0,0.0,8.999999999999999e-08,0.0,0.0,0.0,8.999999999999999e-08
1759811059845847680,169146,1759811059842646720,base_link,-0.0608375994674538,-0.018676723958539726,0.03277237787770702,-0.9974347570979619,1.0,0.0,0.0,0.0,1.0,0.0,0.0,0.0,1.0,-0.0007223680149763823,-0.07598726451396944,-0.13001500070095062,1.2184696791468346e-07,0.0,0.0,0.0,1.2184696791468346e-07,0.0,0.0,0.0,1.2184696791468346e-07,-0.8850899934768677,-0.19920605421066165,9.829596519470215,8.999999999999999e-08,0.0,0.0,0.0,8.999999999999999e-08,0.0,0.0,0.0,8.999999999999999e-08
1759811059856411744,169147,1759811059847646720,base_link,-0.06092921749649337,-0.018522702251923713,0.03401743792956732,-0.9973902921727829,1.0,0.0,0.0,0.0,1.0,0.0,0.0,0.0,1.0,0.01786419376730919,-0.0706444308161736,-0.3758470118045807,1.2184696791468346e-07,0.0,0.0,0.0,1.2184696791468346e-07,0.0,0.0,0.0,1.2184696791468346e-07,-0.42796558141708374,0.5543572306633008,9.547552108764648,8.999999999999999e-08,0.0,0.0,0.0,8.999999999999999e-08,0.0,0.0,0.0,8.999999999999999e-08
1759811059860901632,169148,1759811059852646720,base_link,-0.06088116482083488,-0.018739352858337898,0.03497345489433994,-0.9973561110786405,1.0,0.0,0.0,0.0,1.0,0.0,0.0,0.0,1.0,0.014165947213768959,0.017436934635043106,-0.3183403015136719,1.2184696791468346e-07,0.0,0.0,0.0,1.2184696791468346e-07,0.0,0.0,0.0,1.2184696791468346e-07,0.11951884627342224,2.8587656021118177,9.613473892211914,8.999999999999999e-08,0.0,0.0,0.0,8.999999999999999e-08,0.0,0.0,0.0,8.999999999999999e-08
1759811059869788384,169149,1759811059863646720,base_link,-0.0606975125626267,-0.018900477626017015,0.03485561230590347,-0.9973684179584057,1.0,0.0,0.0,0.0,1.0,0.0,0.0,0.0,1.0,-0.06076468154788017,0.03132213279604914,0.15576957166194916,1.2184696791468346e-07,0.0,0.0,0.0,1.2184696791468346e-07,0.0,0.0,0.0,1.2184696791468346e-07,0.44326114654541016,2.0057539939880384,9.737632751464844,8.999999999999999e-08,0.0,0.0,0.0,8.999999999999999e-08,0.0,0.0,0.0,8.999999999999999e-08
1759811059877015424,169150,1759811059872646720,base_link,-0.06040557846514894,-0.018780294570399182,0.03370862797052802,-0.9974278450148061,1.0,0.0,0.0,0.0,1.0,0.0,0.0,0.0,1.0,-0.03456723690032959,-0.019069332629442163,0.4236243963241577,1.2184696791468346e-07,0.0,0.0,0.0,1.2184696791468346e-07,0.0,0.0,0.0,1.2184696791468346e-07,-0.2707981467247009,2.02564573287964,9.826536178588867,8.999999999999999e-08,0.0,0.0,0.0,8.999999999999999e-08,0.0,0.0,0.0,8.999999999999999e-08
1759811059883086816,169151,1759811059879646720,base_link,-0.06037692782778464,-0.018381059864968755,0.03156061383617029,-0.9975072918242491,1.0,0.0,0.0,0.0,1.0,0.0,0.0,0.0,1.0,-0.04152844473719597,-0.056659009307622854,0.43851736187934875,1.2184696791468346e-07,0.0,0.0,0.0,1.2184696791468346e-07,0.0,0.0,0.0,1.2184696791468346e-07,-0.24336682260036469,1.108534574508668,9.47862434387207,8.999999999999999e-08,0.0,0.0,0.0,8.999999999999999e-08,0.0,0.0,0.0,8.999999999999999e-08
1759811059889246624,169152,1759811059884646720,base_link,-0.0603238372866401,-0.018370703594036218,0.030878298505627413,-0.997532032024325,1.0,0.0,0.0,0.0,1.0,0.0,0.0,0.0,1.0,-0.020455844700336456,-0.02627032063901421,0.2853943407535553,1.2184696791468346e-07,0.0,0.0,0.0,1.2184696791468346e-07,0.0,0.0,0.0,1.2184696791468346e-07,-0.5379459261894226,0.49225690960884205,9.113375663757324,8.999999999999999e-08,0.0,0.0,0.0,8.999999999999999e-08,0.0,0.0,0.0,8.999999999999999e-08
1759811059895943328,169153,1759811059889646720,base_link,-0.060357204419770556,-0.018198525815335122,0.031257746582771036,-0.9975213688716518,1.0,0.0,0.0,0.0,1.0,0.0,0.0,0.0,1.0,0.0034042103216052055,-0.020803388208150874,-0.08434942364692688,1.2184696791468346e-07,0.0,0.0,0.0,1.2184696791468346e-07,0.0,0.0,0.0,1.2184696791468346e-07,-0.8136894702911377,-1.040972590446471,9.820068359375,8.999999999999999e-08,0.0,0.0,0.0,8.999999999999999e-08,0.0,0.0,0.0,8.999999999999999e-08
1759811059902924544,169154,1759811059898646720,base_link,-0.0603667849252727,-0.018341790855957746,0.03203522949725151,-0.9974935098047861,1.0,0.0,0.0,0.0,1.0,0.0,0.0,0.0,1.0,0.012016315013170242,0.010965785011649085,-0.389522522687912,1.2184696791468346e-07,0.0,0.0,0.0,1.2184696791468346e-07,0.0,0.0,0.0,1.2184696791468346e-07,-0.8998652696609497,-0.13098049163818234,10.104706764221191,8.999999999999999e-08,0.0,0.0,0.0,8.999999999999999e-08,0.0,0.0,0.0,8.999999999999999e-08
1759811059905914720,169155,1759811059900646720,base_link,-0.06031456366287868,-0.018617069045739603,0.03328543146463015,-0.9974505621661535,1.0,0.0,0.0,0.0,1.0,0.0,0.0,0.0,1.0,0.004311570432037115,0.06359647959470743,-0.4423934519290924,1.2184696791468346e-07,0.0,0.0,0.0,1.2184696791468346e-07,0.0,0.0,0.0,1.2184696791468346e-07,-0.5093657970428467,1.797922968864442,8.78718090057373,8.999999999999999e-08,0.0,0.0,0.0,8.999999999999999e-08,0.0,0.0,0.0,8.999999999999999e-08
1759811059924052032,169156,1759811059910646720,base_link,-0.06014940991989973,-0.019276584248327087,0.03402599373981504,-0.9974230402740758,1.0,0.0,0.0,0.0,1.0,0.0,0.0,0.0,1.0,-0.05552588403224945,0.12281803041696547,-0.09002074599266054,1.2184696791468346e-07,0.0,0.0,0.0,1.2184696791468346e-07,0.0,0.0,0.0,1.2184696791468346e-07,1.1547669172286987,2.3209278583526625,10.144970893859863,8.999999999999999e-08,0.0,0.0,0.0,8.999999999999999e-08,0.0,0.0,0.0,8.999999999999999e-08
1759811059924059872,169157,1759811059916646720,base_link,-0.05995964768574647,-0.019539028722737377,0.03347424934595893,-0.9974480333552428,1.0,0.0,0.0,0.0,1.0,0.0,0.0,0.0,1.0,-0.08018460869789124,0.11164647340774538,0.16910383105278015,1.2184696791468346e-07,0.0,0.0,0.0,1.2184696791468346e-07,0.0,0.0,0.0,1.2184696791468346e-07,-0.02787438966333866,1.816955327987672,9.200716018676758,8.999999999999999e-08,0.0,0.0,0.0,8.999999999999999e-08,0.0,0.0,0.0,8.999999999999999e-08
1759811059934167872,169158,1759811059926646720,base_link,-0.05974289434638904,-0.019594112019563084,0.031317595107656485,-0.997529966828748,1.0,0.0,0.0,0.0,1.0,0.0,0.0,0.0,1.0,-0.04127931222319603,0.02678007446229463,0.4134262800216675,1.2184696791468346e-07,0.0,0.0,0.0,1.2184696791468346e-07,0.0,0.0,0.0,1.2184696791468346e-07,-0.7183002233505249,1.2129354476928722,9.893348693847656,8.999999999999999e-08,0.0,0.0,0.0,8.999999999999999e-08,0.0,0.0,0.0,8.999999999999999e-08
1759811059937901728,169159,1759811059932646720,base_link,-0.05963489172999086,-0.0194808542179912,0.030492654841752752,-0.9975642322165873,1.0,0.0,0.0,0.0,1.0,0.0,0.0,0.0,1.0,-0.03641148656606674,-0.007007280364632564,0.346068412065506,1.2184696791468346e-07,0.0,0.0,0.0,1.2184696791468346e-07,0.0,0.0,0.0,1.2184696791468346e-07,-0.7011251449584961,0.9857432246208202,9.23093318939209,8.999999999999999e-08,0.0,0.0,0.0,8.999999999999999e-08,0.0,0.0,0.0,8.999999999999999e-08
1759811059943778784,169160,1759811059937646720,base_link,-0.05976274814621571,-0.01948593949868184,0.03011834868012751,-0.9975678989924078,1.0,0.0,0.0,0.0,1.0,0.0,0.0,0.0,1.0,-0.0019087293185293674,0.009206286631524568,0.046852871775627136,1.2184696791468346e-07,0.0,0.0,0.0,1.2184696791468346e-07,0.0,0.0,0.0,1.2184696791468346e-07,-0.5681297183036804,-0.5433033704757679,9.464508056640625,8.999999999999999e-08,0.0,0.0,0.0,8.999999999999999e-08,0.0,0.0,0.0,8.999999999999999e-08
1759811059951837952,169161,1759811059947646720,base_link,-0.05968173004957662,-0.019701953951101317,0.03146177947641227,-0.9975270586962007,1.0,0.0,0.0,0.0,1.0,0.0,0.0,0.0,1.0,-0.003651964943856001,0.017174120992422073,-0.2624431848526001,1.2184696791468346e-07,0.0,0.0,0.0,1.2184696791468346e-07,0.0,0.0,0.0,1.2184696791468346e-07,-0.9797469973564148,0.6990811228752148,9.534717559814453,8.999999999999999e-08,0.0,0.0,0.0,8.999999999999999e-08,0.0,0.0,0.0,8.999999999999999e-08
1759811059960729280,169162,1759811059957646720,base_link,-0.05962829838237694,-0.02006642409195534,0.03228170426734318,-0.9974967129652729,1.0,0.0,0.0,0.0,1.0,0.0,0.0,0.0,1.0,-0.01966102235019207,0.07695358246564861,-0.3277566730976105,1.2184696791468346e-07,0.0,0.0,0.0,1.2184696791468346e-07,0.0,0.0,0.0,1.2184696791468346e-07,-0.5044443607330322,1.898262143135072,9.574745178222656,8.999999999999999e-08,0.0,0.0,0.0,8.999999999999999e-08,0.0,0.0,0.0,8.999999999999999e-08
1759811059967323840,169163,1759811059958645952,base_link,-0.059406749521912376,-0.020340761880179796,0.03285363700163603,-0.9974857547846601,1.0,0.0,0.0,0.0,1.0,0.0,0.0,0.0,1.0,-0.04498564451932907,0.0831814408302307,-0.07723198831081392,1.2184696791468346e-07,0.0,0.0,0.0,1.2184696791468346e-07,0.0,0.0,0.0,1.2184696791468346e-07,0.1053449809551239,2.5281090736389173,9.38800048828125,8.999999999999999e-08,0.0,0.0,0.0,8.999999999999999e-08,0.0,0.0,0.0,8.999999999999999e-08
1759811059973853888,169164,1759811059969645952,base_link,-0.059178918146841654,-0.02062577599196767,0.03172275276239169,-0.9975300089755965,1.0,0.0,0.0,0.0,1.0,0.0,0.0,0.0,1.0,-0.06697472184896469,0.06871849298477176,0.21252429485321045,1.2184696791468346e-07,0.0,0.0,0.0,1.2184696791468346e-07,0.0,0.0,0.0,1.2184696791468346e-07,-0.12043311446905136,1.6574196815490734,9.363032341003418,8.999999999999999e-08,0.0,0.0,0.0,8.999999999999999e-08,0.0,0.0,0.0,8.999999999999999e-08
1759811059978969568,169165,1759811059974645952,base_link,-0.05920373868934752,-0.020536486576308324,0.030734704192750838,-0.9975613240840401,1.0,0.0,0.0,0.0,1.0,0.0,0.0,0.0,1.0,-0.04583682864904404,0.018738981336355258,0.39711058139801025,1.2184696791468346e-07,0.0,0.0,0.0,1.2184696791468346e-07,0.0,0.0,0.0,1.2184696791468346e-07,-0.5414918065071106,1.0055267810821547,10.081918716430664,8.999999999999999e-08,0.0,0.0,0.0,8.999999999999999e-08,0.0,0.0,0.0,8.999999999999999e-08
1759811059989153344,169166,1759811059984645952,base_link,-0.05894766760868549,-0.02032905822718393,0.028987590881428736,-0.9976331001670541,1.0,0.0,0.0,0.0,1.0,0.0,0.0,0.0,1.0,-0.04573557898402214,-0.0326769575476646,0.3311978876590729,1.2184696791468346e-07,0.0,0.0,0.0,1.2184696791468346e-07,0.0,0.0,0.0,1.2184696791468346e-07,-0.8995000123977661,0.08470411598682515,9.061710357666016,8.999999999999999e-08,0.0,0.0,0.0,8.999999999999999e-08,0.0,0.0,0.0,8.999999999999999e-08
1759811059996771072,169167,1759811059990645952,base_link,-0.05910334357910556,-0.02020991830606674,0.02904389907103927,-0.997624670797352,1.0,0.0,0.0,0.0,1.0,0.0,0.0,0.0,1.0,-0.003359838854521513,-0.03486710786819458,-0.01955665275454521,1.2184696791468346e-07,0.0,0.0,0.0,1.2184696791468346e-07,0.0,0.0,0.0,1.2184696791468346e-07,-0.8555623888969421,-0.3969582617282856,9.739773750305176,8.999999999999999e-08,0.0,0.0,0.0,8.999999999999999e-08,0.0,0.0,0.0,8.999999999999999e-08
1759811060001757408,169168,1759811059995645952,base_link,-0.05893552799922534,-0.020329022665780492,0.029619414287455556,-0.9976151877564371,1.0,0.0,0.0,0.0,1.0,0.0,0.0,0.0,1.0,-0.02101455070078373,-0.021137543022632634,-0.29325082898139954,1.2184696791468346e-07,0.0,0.0,0.0,1.2184696791468346e-07,0.0,0.0,0.0,1.2184696791468346e-07,-1.2986772060394287,0.426254600286485,9.995967864990234,8.999999999999999e-08,0.0,0.0,0.0,8.999999999999999e-08,0.0,0.0,0.0,8.999999999999999e-08
1759811060013102720,169169,1759811060006645952,base_link,-0.058697711772324586,-0.020437189918305673,0.031614772536506824,-0.9975657495031338,1.0,0.0,0.0,0.0,1.0,0.0,0.0,0.0,1.0,-0.04502826929092407,0.02390003763139243,-0.3858627676963806,1.2184696791468346e-07,0.0,0.0,0.0,1.2184696791468346e-07,0.0,0.0,0.0,1.2184696791468346e-07,-0.3272295594215393,1.8710881471633922,9.42084789276123,8.999999999999999e-08,0.0,0.0,0.0,8.999999999999999e-08,0.0,0.0,0.0,8.999999999999999e-08
1759811060016965984,169170,1759811060011645952,base_link,-0.0586239692754097,-0.020497145127401434,0.03195510833823228,-0.9975580366298563,1.0,0.0,0.0,0.0,1.0,0.0,0.0,0.0,1.0,-0.03801785036921501,0.024265389889478663,-0.18237347900867462,1.2184696791468346e-07,0.0,0.0,0.0,1.2184696791468346e-07,0.0,0.0,0.0,1.2184696791468346e-07,0.40926802158355713,3.0098524093627943,9.642491340637207,8.999999999999999e-08,0.0,0.0,0.0,8.999999999999999e-08,0.0,0.0,0.0,8.999999999999999e-08
1759811060023798848,169171,1759811060016645952,base_link,-0.05857079970892419,-0.02042336311781607,0.031393585875521615,-0.9975805009001125,1.0,0.0,0.0,0.0,1.0,0.0,0.0,0.0,1.0,-0.0638905018568039,-0.016893533989787077,0.18829728662967682,1.2184696791468346e-07,0.0,0.0,0.0,1.2184696791468346e-07,0.0,0.0,0.0,1.2184696791468346e-07,0.15762463212013245,2.1901102066040052,9.825995445251465,8.999999999999999e-08,0.0,0.0,0.0,8.999999999999999e-08,0.0,0.0,0.0,8.999999999999999e-08
1759811060030409696,169172,1759811060021645952,base_link,-0.05824226239060374,-0.020372120452560916,0.03027572501246721,-0.9976353339500252,1.0,0.0,0.0,0.0,1.0,0.0,0.0,0.0,1.0,-0.04273596778512001,-0.03369885310530657,0.43977415561676025,1.2184696791468346e-07,0.0,0.0,0.0,1.2184696791468346e-07,0.0,0.0,0.0,1.2184696791468346e-07,-0.9389751553535461,1.8711349964141857,9.517679214477539,8.999999999999999e-08,0.0,0.0,0.0,8.999999999999999e-08,0.0,0.0,0.0,8.999999999999999e-08
1759811060036898112,169173,1759811060032645952,base_link,-0.05811613136098981,-0.019915460666034394,0.0283274869400511,-0.9977091330817678,1.0,0.0,0.0,0.0,1.0,0.0,0.0,0.0,1.0,-0.04466056078672409,-0.05921170115470882,0.3498912751674652,1.2184696791468346e-07,0.0,0.0,0.0,1.2184696791468346e-07,0.0,0.0,0.0,1.2184696791468346e-07,-0.5350562930107117,0.6001669168472302,9.617798805236816,8.999999999999999e-08,0.0,0.0,0.0,8.999999999999999e-08,0.0,0.0,0.0,8.999999999999999e-08
1759811060043017376,169174,1759811060037645952,base_link,-0.05792342148161883,-0.01968672313372069,0.028044808027088544,-0.9977328617574794,1.0,0.0,0.0,0.0,1.0,0.0,0.0,0.0,1.0,-0.029365399852395058,-0.05642004311084746,0.11886543780565262,1.2184696791468346e-07,0.0,0.0,0.0,1.2184696791468346e-07,0.0,0.0,0.0,1.2184696791468346e-07,-0.5556021928787231,0.8210042715072643,9.457074165344238,8.999999999999999e-08,0.0,0.0,0.0,8.999999999999999e-08,0.0,0.0,0.0,8.999999999999999e-08
1759811060054851808,169175,1759811060048645952,base_link,-0.05792075964471756,-0.019575846629089677,0.02938857599816138,-0.9976965733209116,1.0,0.0,0.0,0.0,1.0,0.0,0.0,0.0,1.0,-0.0026671728119254112,-0.033232789486646694,-0.31392818689346313,1.2184696791468346e-07,0.0,0.0,0.0,1.2184696791468346e-07,0.0,0.0,0.0,1.2184696791468346e-07,-1.348206639289856,0.2591273784637463,9.602906227111816,8.999999999999999e-08,0.0,0.0,0.0,8.999999999999999e-08,0.0,0.0,0.0,8.999999999999999e-08
1759811060060528192,169176,1759811060053645952,base_link,-0.057650095217758636,-0.019676801502163426,0.030581921866898853,-0.9976743197848978,1.0,0.0,0.0,0.0,1.0,0.0,0.0,0.0,1.0,-0.052663128823041916,-0.0025953291915357646,-0.43569129705429077,1.2184696791468346e-07,0.0,0.0,0.0,1.2184696791468346e-07,0.0,0.0,0.0,1.2184696791468346e-07,-0.681512176990509,1.2263611555099498,9.571818351745605,8.999999999999999e-08,0.0,0.0,0.0,8.999999999999999e-08,0.0,0.0,0.0,8.999999999999999e-08
1759811060068904544,169177,1759811060064644672,base_link,-0.05748153679967341,-0.019764142943168157,0.031138428854636652,-0.9976651317719224,1.0,0.0,0.0,0.0,1.0,0.0,0.0,0.0,1.0,-0.04756266996264458,0.018048945814371095,-0.12240146100521088,1.2184696791468346e-07,0.0,0.0,0.0,1.2184696791468346e-07,0.0,0.0,0.0,1.2184696791468346e-07,0.24543407559394836,2.7056815624237074,10.214439392089844,8.999999999999999e-08,0.0,0.0,0.0,8.999999999999999e-08,0.0,0.0,0.0,8.999999999999999e-08
1759811060076807808,169178,1759811060073644672,base_link,-0.05727291648498956,-0.01956564050630496,0.030379954168834624,-0.9977044126347345,1.0,0.0,0.0,0.0,1.0,0.0,0.0,0.0,1.0,-0.08714684098958969,-0.03875355795025821,0.32588353753089905,1.2184696791468346e-07,0.0,0.0,0.0,1.2184696791468346e-07,0.0,0.0,0.0,1.2184696791468346e-07,-0.2476116567850113,1.1733435392379772,9.746465682983398,8.999999999999999e-08,0.0,0.0,0.0,8.999999999999999e-08,0.0,0.0,0.0,8.999999999999999e-08
1759811060083510976,169179,1759811060080644672,base_link,-0.0570784100962008,-0.019091318556074342,0.02837502858517139,-0.9977838172973291,1.0,0.0,0.0,0.0,1.0,0.0,0.0,0.0,1.0,-0.05078095197677612,-0.08390923589467997,0.40260952711105347,1.2184696791468346e-07,0.0,0.0,0.0,1.2184696791468346e-07,0.0,0.0,0.0,1.2184696791468346e-07,-0.9426217675209045,0.716141998767854,10.233205795288086,8.999999999999999e-08,0.0,0.0,0.0,8.999999999999999e-08,0.0,0.0,0.0,8.999999999999999e-08
1759811060092999168,169180,1759811060085644672,base_link,-0.05696953293269602,-0.018904077230297644,0.027593415279536872,-0.9978154695805608,1.0,0.0,0.0,0.0,1.0,0.0,0.0,0.0,1.0,-0.012117048725485802,-0.11112443357706067,0.23658843338489532,1.2184696791468346e-07,0.0,0.0,0.0,1.2184696791468346e-07,0.0,0.0,0.0,1.2184696791468346e-07,-0.12122689187526703,1.2773524522781383,9.807709693908691,8.999999999999999e-08,0.0,0.0,0.0,8.999999999999999e-08,0.0,0.0,0.0,8.999999999999999e-08
1759811060098916832,169181,1759811060090644672,base_link,-0.05711853521307219,-0.018549698625483953,0.027431782115497613,-0.997818124832017,1.0,0.0,0.0,0.0,1.0,0.0,0.0,0.0,1.0,0.012910050339996815,-0.05882402136921883,-0.02964638173580169,1.2184696791468346e-07,0.0,0.0,0.0,1.2184696791468346e-07,0.0,0.0,0.0,1.2184696791468346e-07,-0.7698131203651428,-0.4350978434085835,9.22464656829834,8.999999999999999e-08,0.0,0.0,0.0,8.999999999999999e-08,0.0,0.0,0.0,8.999999999999999e-08
1759811060106845216,169182,1759811060101644672,base_link,-0.05710465309484391,-0.018518283418275147,0.029368977713603805,-0.9977643033064686,1.0,0.0,0.0,0.0,1.0,0.0,0.0,0.0,1.0,0.017865195870399475,-0.015436483547091536,-0.42022058367729187,1.2184696791468346e-07,0.0,0.0,0.0,1.2184696791468346e-07,0.0,0.0,0.0,1.2184696791468346e-07,-0.8812171220779419,0.6224384903907787,8.913771629333496,8.999999999999999e-08,0.0,0.0,0.0,8.999999999999999e-08,0.0,0.0,0.0,8.999999999999999e-08
1759811060113203776,169183,1759811060106644672,base_link,-0.056875599461166375,-0.018737285028582833,0.030654035124700985,-0.9977346319251169,1.0,0.0,0.0,0.0,1.0,0.0,0.0,0.0,1.0,0.002212271559983492,0.038321088999509756,-0.43545985221862793,1.2184696791468346e-07,0.0,0.0,0.0,1.2184696791468346e-07,0.0,0.0,0.0,1.2184696791468346e-07,0.10608749091625214,2.415951728820802,9.764554023742676,8.999999999999999e-08,0.0,0.0,0.0,8.999999999999999e-08,0.0,0.0,0.0,8.999999999999999e-08
1759811060118023168,169184,1759811060111644672,base_link,-0.056868304105106945,-0.018866447997111513,0.030981895459267238,-0.9977225357795942,1.0,0.0,0.0,0.0,1.0,0.0,0.0,0.0,1.0,-0.03855142369866371,0.03301333263516424,-0.18038500845432281,1.2184696791468346e-07,0.0,0.0,0.0,1.2184696791468346e-07,0.0,0.0,0.0,1.2184696791468346e-07,0.7720457911491394,3.0109393596649183,9.432205200195312,8.999999999999999e-08,0.0,0.0,0.0,8.999999999999999e-08,0.0,0.0,0.0,8.999999999999999e-08
1759811060130344928,169185,1759811060122644672,base_link,-0.0566210259107155,-0.018851562257053072,0.02987246396591496,-0.9977707096274423,1.0,0.0,0.0,0.0,1.0,0.0,0.0,0.0,1.0,-0.04466021806001663,-0.0031762411817907953,0.2726466655731201,1.2184696791468346e-07,0.0,0.0,0.0,1.2184696791468346e-07,0.0,0.0,0.0,1.2184696791468346e-07,-0.7221612334251404,0.7340176701545729,10.44854736328125,8.999999999999999e-08,0.0,0.0,0.0,8.999999999999999e-08,0.0,0.0,0.0,8.999999999999999e-08
1759811060138366016,169186,1759811060133644672,base_link,-0.05685049837870011,-0.018422835294377146,0.028128300933988624,-0.9978163546643795,1.0,0.0,0.0,0.0,1.0,0.0,0.0,0.0,1.0,0.014797387644648552,-0.07478594034910198,0.3605820834636688,1.2184696791468346e-07,0.0,0.0,0.0,1.2184696791468346e-07,0.0,0.0,0.0,1.2184696791468346e-07,-0.29493457078933716,1.615876317024232,9.265933990478516,8.999999999999999e-08,0.0,0.0,0.0,8.999999999999999e-08,0.0,0.0,0.0,8.999999999999999e-08
1759811060144020288,169187,1759811060138644672,base_link,-0.056884988988761195,-0.01822622156316284,0.02727364713988469,-0.9978417270671831,1.0,0.0,0.0,0.0,1.0,0.0,0.0,0.0,1.0,0.019055895507335663,-0.08006985485553737,0.3300436735153198,1.2184696791468346e-07,0.0,0.0,0.0,1.2184696791468346e-07,0.0,0.0,0.0,1.2184696791468346e-07,-0.1045723706483841,0.7678604722023022,10.070260047912598,8.999999999999999e-08,0.0,0.0,0.0,8.999999999999999e-08,0.0,0.0,0.0,8.999999999999999e-08
1759811060153131392,169188,1759811060148644672,base_link,-0.05701833766618261,-0.017927277917942117,0.027679732025287198,-0.9978283665162051,1.0,0.0,0.0,0.0,1.0,0.0,0.0,0.0,1.0,0.022700484842061996,-0.05187270790338517,-0.07361289858818054,1.2184696791468346e-07,0.0,0.0,0.0,1.2184696791468346e-07,0.0,0.0,0.0,1.2184696791468346e-07,-1.0602877140045166,-0.8010808825492847,10.176345825195312,8.999999999999999e-08,0.0,0.0,0.0,8.999999999999999e-08,0.0,0.0,0.0,8.999999999999999e-08
1759811060159136928,169189,1759811060154644672,base_link,-0.05715022042352927,-0.01805022554340446,0.028698463500644023,-0.9977898021498177,1.0,0.0,0.0,0.0,1.0,0.0,0.0,0.0,1.0,0.03206286206841469,0.0017350304406135832,-0.3607511520385742,1.2184696791468346e-07,0.0,0.0,0.0,1.2184696791468346e-07,0.0,0.0,0.0,1.2184696791468346e-07,-0.7166585922241211,0.9278115034103405,8.972893714904785,8.999999999999999e-08,0.0,0.0,0.0,8.999999999999999e-08,0.0,0.0,0.0,8.999999999999999e-08
1759811060171060672,169190,1759811060164643648,base_link,-0.05728279728678733,-0.018425718402233095,0.030290687143688547,-0.9977282677509918,1.0,0.0,0.0,0.0,1.0,0.0,0.0,0.0,1.0,0.014613339677453041,0.0634375140070915,-0.25483161211013794,1.2184696791468346e-07,0.0,0.0,0.0,1.2184696791468346e-07,0.0,0.0,0.0,1.2184696791468346e-07,1.0569523572921753,2.641208887100221,10.206116676330566,8.999999999999999e-08,0.0,0.0,0.0,8.999999999999999e-08,0.0,0.0,0.0,8.999999999999999e-08
1759811060181460000,169191,1759811060175643648,base_link,-0.05730000768895895,-0.018590877413568116,0.02910855233665498,-0.9977593721251928,1.0,0.0,0.0,0.0,1.0,0.0,0.0,0.0,1.0,-0.008392180316150188,0.03688983991742137,0.22326576709747314,1.2184696791468346e-07,0.0,0.0,0.0,1.2184696791468346e-07,0.0,0.0,0.0,1.2184696791468346e-07,-0.5399078726768494,1.6930731534957897,9.372573852539062,8.999999999999999e-08,0.0,0.0,0.0,8.999999999999999e-08,0.0,0.0,0.0,8.999999999999999e-08
1759811060191249568,169192,1759811060180643648,base_link,-0.057453705391677046,-0.018462167523660918,0.027747124836056083,-0.9977917409048491,1.0,0.0,0.0,0.0,1.0,0.0,0.0,0.0,1.0,0.03377247229218483,-0.028858439996838507,0.4969622790813446,1.2184696791468346e-07,0.0,0.0,0.0,1.2184696791468346e-07,0.0,0.0,0.0,1.2184696791468346e-07,-0.6008792519569397,1.2345238924026503,10.937265396118164,8.999999999999999e-08,0.0,0.0,0.0,8.999999999999999e-08,0.0,0.0,0.0,8.999999999999999e-08
1759811060192397440,169193,1759811060185643648,base_link,-0.057516978348004025,-0.018264019383743016,0.026571396349996192,-0.9978237725097174,1.0,0.0,0.0,0.0,1.0,0.0,0.0,0.0,1.0,0.03766245022416115,-0.04115798324346537,0.4574231505393982,1.2184696791468346e-07,0.0,0.0,0.0,1.2184696791468346e-07,0.0,0.0,0.0,1.2184696791468346e-07,-0.886031985282898,0.2228200435638439,9.269288063049316,8.999999999999999e-08,0.0,0.0,0.0,8.999999999999999e-08,0.0,0.0,0.0,8.999999999999999e-08
1759811060196856448,169194,1759811060191643648,base_link,-0.05763898425481995,-0.01797134508223829,0.025908299982374285,-0.9978394932842121,1.0,0.0,0.0,0.0,1.0,0.0,0.0,0.0,1.0,0.04811645671725273,-0.07173018157482143,0.32476624846458435,1.2184696791468346e-07,0.0,0.0,0.0,1.2184696791468346e-07,0.0,0.0,0.0,1.2184696791468346e-07,-0.6417583227157593,-0.14955495297908664,9.772869110107422,8.999999999999999e-08,0.0,0.0,0.0,8.999999999999999e-08,0.0,0.0,0.0,8.999999999999999e-08
1759811060209939488,169195,1759811060202643648,base_link,-0.05804693545535803,-0.01778205700013078,0.026501643315710692,-0.9978035841692807,1.0,0.0,0.0,0.0,1.0,0.0,0.0,0.0,1.0,0.07405190169811249,-0.04722158983349802,-0.18908031284809113,1.2184696791468346e-07,0.0,0.0,0.0,1.2184696791468346e-07,0.0,0.0,0.0,1.2184696791468346e-07,-1.27566397190094,0.14475472271442527,9.225790023803711,8.999999999999999e-08,0.0,0.0,0.0,8.999999999999999e-08,0.0,0.0,0.0,8.999999999999999e-08
1759811060214376000,169196,1759811060207643648,base_link,-0.05810185543314576,-0.017887927249412114,0.02763088382786306,-0.997767885788592,1.0,0.0,0.0,0.0,1.0,0.0,0.0,0.0,1.0,0.04478523135185242,-0.00724663259461527,-0.3958008885383606,1.2184696791468346e-07,0.0,0.0,0.0,1.2184696791468346e-07,0.0,0.0,0.0,1.2184696791468346e-07,-0.7676602602005005,0.8050606250762952,10.23547649383545,8.999999999999999e-08,0.0,0.0,0.0,8.999999999999999e-08,0.0,0.0,0.0,8.999999999999999e-08
1759811060221390816,169197,1759811060212643648,base_link,-0.058317231097392494,-0.01816163942035399,0.028639668646971306,-0.9977219878705637,1.0,0.0,0.0,0.0,1.0,0.0,0.0,0.0,1.0,0.04682588949799538,0.06686884909868235,-0.4182227551937103,1.2184696791468346e-07,0.0,0.0,0.0,1.2184696791468346e-07,0.0,0.0,0.0,1.2184696791468346e-07,0.29134082794189453,2.070380210876466,9.307490348815918,8.999999999999999e-08,0.0,0.0,0.0,8.999999999999999e-08,0.0,0.0,0.0,8.999999999999999e-08
1759811060228342016,169198,1759811060223643648,base_link,-0.058200996674644526,-0.01844691958412309,0.02902691389108941,-0.9977122940954062,1.0,0.0,0.0,0.0,1.0,0.0,0.0,0.0,1.0,-0.022095758467912674,0.05564843490719795,0.007921930402517312,1.2184696791468346e-07,0.0,0.0,0.0,1.2184696791468346e-07,0.0,0.0,0.0,1.2184696791468346e-07,0.9511422514915466,2.4526367187500013,9.516304969787598,8.999999999999999e-08,0.0,0.0,0.0,8.999999999999999e-08,0.0,0.0,0.0,8.999999999999999e-08
1759811060234204256,169199,1759811060228643648,base_link,-0.05832497294662834,-0.018613045338795826,0.028173103033955683,-0.9977264554365058,1.0,0.0,0.0,0.0,1.0,0.0,0.0,0.0,1.0,-0.014040741138160229,0.06409690529108052,0.28592196106910706,1.2184696791468346e-07,0.0,0.0,0.0,1.2184696791468346e-07,0.0,0.0,0.0,1.2184696791468346e-07,-0.24198326468467712,2.458900213241578,8.78713607788086,8.999999999999999e-08,0.0,0.0,0.0,8.999999999999999e-08,0.0,0.0,0.0,8.999999999999999e-08
1759811060239748448,169200,1759811060233643648,base_link,-0.05842348066831043,-0.018432904439904196,0.026905241537051004,-0.9977589928035562,1.0,0.0,0.0,0.0,1.0,0.0,0.0,0.0,1.0,0.03692133352160454,0.004755739122629224,0.4732324481010437,1.2184696791468346e-07,0.0,0.0,0.0,1.2184696791468346e-07,0.0,0.0,0.0,1.2184696791468346e-07,-0.4017832577228546,0.784957587718965,11.302709579467773,8.999999999999999e-08,0.0,0.0,0.0,8.999999999999999e-08,0.0,0.0,0.0,8.999999999999999e-08
1759811060249975584,169201,1759811060238643648,base_link,-0.05829938190704813,-0.01836486625551746,0.02580394438546135,-0.997796587792428,1.0,0.0,0.0,0.0,1.0,0.0,0.0,0.0,1.0,0.024323679506778717,-0.04393368586897846,0.3328915536403656,1.2184696791468346e-07,0.0,0.0,0.0,1.2184696791468346e-07,0.0,0.0,0.0,1.2184696791468346e-07,-0.8190360069274902,-0.35067045688629034,9.59630012512207,8.999999999999999e-08,0.0,0.0,0.0,8.999999999999999e-08,0.0,0.0,0.0,8.999999999999999e-08
1759811060253744352,169202,1759811060249643648,base_link,-0.0588461648265811,-0.018068504104768023,0.02533906464638619,-0.9977818363954492,1.0,0.0,0.0,0.0,1.0,0.0,0.0,0.0,1.0,0.07577294856309891,-0.03987741470336913,0.11976518481969833,1.2184696791468346e-07,0.0,0.0,0.0,1.2184696791468346e-07,0.0,0.0,0.0,1.2184696791468346e-07,-0.5262588262557983,-0.3889145851135241,10.226337432861328,8.999999999999999e-08,0.0,0.0,0.0,8.999999999999999e-08,0.0,0.0,0.0,8.999999999999999e-08
1759811060259778208,169203,1759811060254643648,base_link,-0.05901375913550664,-0.018210852451435538,0.025826577243111666,-0.9977568433142822,1.0,0.0,0.0,0.0,1.0,0.0,0.0,0.0,1.0,0.07698076218366623,0.006368030328303557,-0.14921648800373077,1.2184696791468346e-07,0.0,0.0,0.0,1.2184696791468346e-07,0.0,0.0,0.0,1.2184696791468346e-07,-0.8375945687294006,0.46371164917945973,8.97482967376709,8.999999999999999e-08,0.0,0.0,0.0,8.999999999999999e-08,0.0,0.0,0.0,8.999999999999999e-08
1759811060267062368,169204,1759811060259642368,base_link,-0.05913305052186066,-0.018287385859975257,0.026903387075716503,-0.9977199648218351,1.0,0.0,0.0,0.0,1.0,0.0,0.0,0.0,1.0,0.07149512320756912,0.05518782511353488,-0.36906906962394714,1.2184696791468346e-07,0.0,0.0,0.0,1.2184696791468346e-07,0.0,0.0,0.0,1.2184696791468346e-07,-0.9623845815658569,0.5815696120262157,9.189164161682129,8.999999999999999e-08,0.0,0.0,0.0,8.999999999999999e-08,0.0,0.0,0.0,8.999999999999999e-08
1759811060273589024,169205,1759811060265642368,base_link,-0.05922962343977829,-0.018647758536900608,0.027762550582611113,-0.9976840135600553,1.0,0.0,0.0,0.0,1.0,0.0,0.0,0.0,1.0,0.040760740637779236,0.07178975641727443,-0.31227001547813416,1.2184696791468346e-07,0.0,0.0,0.0,1.2184696791468346e-07,0.0,0.0,0.0,1.2184696791468346e-07,0.1401425302028656,1.7003133296966566,10.515669822692871,8.999999999999999e-08,0.0,0.0,0.0,8.999999999999999e-08,0.0,0.0,0.0,8.999999999999999e-08
1759811060283969280,169206,1759811060274642368,base_link,-0.05931504588208677,-0.018808052221410652,0.028153715483640672,-0.9976650053313769,1.0,0.0,0.0,0.0,1.0,0.0,0.0,0.0,1.0,-0.018680965527892113,0.0886925384402275,-0.07338098436594011,1.2184696791468346e-07,0.0,0.0,0.0,1.2184696791468346e-07,0.0,0.0,0.0,1.2184696791468346e-07,0.5438405275344849,3.088242292404176,9.821093559265137,8.999999999999999e-08,0.0,0.0,0.0,8.999999999999999e-08,0.0,0.0,0.0,8.999999999999999e-08
1759811060284974336,169207,1759811060275642368,base_link,-0.059164277385340185,-0.01901318488438022,0.027754837709333596,-0.9976811897212051,1.0,0.0,0.0,0.0,1.0,0.0,0.0,0.0,1.0,-0.014864306896924973,0.07385629415512089,0.29387223720550537,1.2184696791468346e-07,0.0,0.0,0.0,1.2184696791468346e-07,0.0,0.0,0.0,1.2184696791468346e-07,0.8720476031303406,2.8313012123107923,9.411211967468262,8.999999999999999e-08,0.0,0.0,0.0,8.999999999999999e-08,0.0,0.0,0.0,8.999999999999999e-08
1759811060291538432,169208,1759811060285642368,base_link,-0.05922331458339182,-0.01911976899590821,0.02662416420433184,-0.9977065199771601,1.0,0.0,0.0,0.0,1.0,0.0,0.0,0.0,1.0,-0.008650618605315685,0.059197548776865054,0.42203402519226074,1.2184696791468346e-07,0.0,0.0,0.0,1.2184696791468346e-07,0.0,0.0,0.0,1.2184696791468346e-07,-0.02483752742409706,1.7223370075225841,9.470296859741211,8.999999999999999e-08,0.0,0.0,0.0,8.999999999999999e-08,0.0,0.0,0.0,8.999999999999999e-08
1759811060299417856,169209,1759811060291642368,base_link,-0.05948820752628279,-0.019102262248707997,0.024279366434276774,-0.9977508584617937,1.0,0.0,0.0,0.0,1.0,0.0,0.0,0.0,1.0,0.03505301475524902,0.003208396257832702,0.45159703493118286,1.2184696791468346e-07,0.0,0.0,0.0,1.2184696791468346e-07,0.0,0.0,0.0,1.2184696791468346e-07,-0.9014092087745667,0.5846692323684705,9.98794174194336,8.999999999999999e-08,0.0,0.0,0.0,8.999999999999999e-08,0.0,0.0,0.0,8.999999999999999e-08
1759811060301415264,169210,1759811060296642368,base_link,-0.05964009686578196,-0.019136625101134532,0.02376348900850344,-0.9977535558600983,1.0,0.0,0.0,0.0,1.0,0.0,0.0,0.0,1.0,0.05630115419626236,0.008387574926018755,0.3224637806415558,1.2184696791468346e-07,0.0,0.0,0.0,1.2184696791468346e-07,0.0,0.0,0.0,1.2184696791468346e-07,-1.068924069404602,0.19661581516265983,9.241231918334961,8.999999999999999e-08,0.0,0.0,0.0,8.999999999999999e-08,0.0,0.0,0.0,8.999999999999999e-08
1759811060307835808,169211,1759811060306642368,base_link,-0.059939593688389387,-0.019097790731498792,0.023932287136789545,-0.9977323559952973,1.0,0.0,0.0,0.0,1.0,0.0,0.0,0.0,1.0,0.0954689309000969,0.022114753723144514,-0.13548129796981812,1.2184696791468346e-07,0.0,0.0,0.0,1.2184696791468346e-07,0.0,0.0,0.0,1.2184696791468346e-07,-1.068924069404602,0.19661581516265983,9.241231918334961,8.999999999999999e-08,0.0,0.0,0.0,8.999999999999999e-08,0.0,0.0,0.0,8.999999999999999e-08
1759811060314969984,169212,1759811060307642368,base_link,-0.060006889034571124,-0.01930076205139316,0.02480725571187572,-0.9977030217887337,1.0,0.0,0.0,0.0,1.0,0.0,0.0,0.0,1.0,0.05792420357465744,0.045423448085784864,-0.4043123424053192,1.2184696791468346e-07,0.0,0.0,0.0,1.2184696791468346e-07,0.0,0.0,0.0,1.2184696791468346e-07,-0.8173205852508545,-0.5007302165031421,9.808805465698242,8.999999999999999e-08,0.0,0.0,0.0,8.999999999999999e-08,0.0,0.0,0.0,8.999999999999999e-08
1759811060323848448,169213,1759811060318642368,base_link,-0.060271778026195044,-0.01983366548687589,0.026775471390485975,-0.9976256823217162,1.0,0.0,0.0,0.0,1.0,0.0,0.0,0.0,1.0,0.04967071861028671,0.08691002428531641,-0.39806655049324036,1.2184696791468346e-07,0.0,0.0,0.0,1.2184696791468346e-07,0.0,0.0,0.0,1.2184696791468346e-07,-0.9548352956771851,1.5287349224090587,8.79438591003418,8.999999999999999e-08,0.0,0.0,0.0,8.999999999999999e-08,0.0,0.0,0.0,8.999999999999999e-08
1759811060333220032,169214,1759811060328642368,base_link,-0.06044674013107589,-0.020209794499699233,0.026181032239088322,-0.9976233220981996,1.0,0.0,0.0,0.0,1.0,0.0,0.0,0.0,1.0,0.00953154731541872,0.08410005271434785,0.10609582811594008,1.2184696791468346e-07,0.0,0.0,0.0,1.2184696791468346e-07,0.0,0.0,0.0,1.2184696791468346e-07,0.1530614197254181,2.0958962440490736,9.282293319702148,8.999999999999999e-08,0.0,0.0,0.0,8.999999999999999e-08,0.0,0.0,0.0,8.999999999999999e-08
1759811060341447584,169215,1759811060338642368,base_link,-0.06051224687037395,-0.020159739848736487,0.02500981346581908,-0.9976504225217921,1.0,0.0,0.0,0.0,1.0,0.0,0.0,0.0,1.0,0.041297558695077896,0.03096678480505948,0.4105836749076843,1.2184696791468346e-07,0.0,0.0,0.0,1.2184696791468346e-07,0.0,0.0,0.0,1.2184696791468346e-07,-0.496334969997406,0.9636246562004102,10.096664428710938,8.999999999999999e-08,0.0,0.0,0.0,8.999999999999999e-08,0.0,0.0,0.0,8.999999999999999e-08
1759811060348865600,169216,1759811060344642368,base_link,-0.06079046743701747,-0.02000743299201926,0.023284911543662204,-0.9976783237355064,1.0,0.0,0.0,0.0,1.0,0.0,0.0,0.0,1.0,0.03926484286785126,-0.01977320015430446,0.3561404049396515,1.2184696791468346e-07,0.0,0.0,0.0,1.2184696791468346e-07,0.0,0.0,0.0,1.2184696791468346e-07,-0.8268157839775085,1.230147123336793,9.510965347290039,8.999999999999999e-08,0.0,0.0,0.0,8.999999999999999e-08,0.0,0.0,0.0,8.999999999999999e-08
1759811060363668768,169217,1759811060355642368,base_link,-0.06131762704730157,-0.02012380834329193,0.023617239444170636,-0.997635966152753,1.0,0.0,0.0,0.0,1.0,0.0,0.0,0.0,1.0,0.1057518795132637,0.013230856508016567,-0.15180644392967224,1.2184696791468346e-07,0.0,0.0,0.0,1.2184696791468346e-07,0.0,0.0,0.0,1.2184696791468346e-07,-1.1909171342849731,-1.035159111022948,9.422953605651855,8.999999999999999e-08,0.0,0.0,0.0,8.999999999999999e-08,0.0,0.0,0.0,8.999999999999999e-08
1759811060370000864,169218,1759811060365644928,base_link,-0.0614923231002012,-0.02036954290935667,0.026015858739774113,-0.99756048114707,1.0,0.0,0.0,0.0,1.0,0.0,0.0,0.0,1.0,0.05390217900276184,0.03417294099926943,-0.4733409881591797,1.2184696791468346e-07,0.0,0.0,0.0,1.2184696791468346e-07,0.0,0.0,0.0,1.2184696791468346e-07,-0.5983339548110962,2.2934777736663827,9.004961013793945,8.999999999999999e-08,0.0,0.0,0.0,8.999999999999999e-08,0.0,0.0,0.0,8.999999999999999e-08
1759811060376951104,169219,1759811060371644928,base_link,-0.061686373776190434,-0.02053537363608983,0.026942457204286098,-0.9975205680815301,1.0,0.0,0.0,0.0,1.0,0.0,0.0,0.0,1.0,0.05690867453813553,0.05941038578748698,-0.38010430335998535,1.2184696791468346e-07,0.0,0.0,0.0,1.2184696791468346e-07,0.0,0.0,0.0,1.2184696791468346e-07,0.01161113753914833,2.8438022136688246,9.296483993530273,8.999999999999999e-08,0.0,0.0,0.0,8.999999999999999e-08,0.0,0.0,0.0,8.999999999999999e-08
1759811060382008320,169220,1759811060376644928,base_link,-0.061737783711750614,-0.020546435866734925,0.026914682431117432,-0.9975179128300738,1.0,0.0,0.0,0.0,1.0,0.0,0.0,0.0,1.0,0.024260761216282845,0.007847173139452929,-0.04358546808362007,1.2184696791468346e-07,0.0,0.0,0.0,1.2184696791468346e-07,0.0,0.0,0.0,1.2184696791468346e-07,0.5010572671890259,2.3268666267395033,10.699579238891602,8.999999999999999e-08,0.0,0.0,0.0,8.999999999999999e-08,0.0,0.0,0.0,8.999999999999999e-08
1759811060389331968,169221,1759811060382644928,base_link,-0.06158709555743401,-0.02067906409646461,0.026414146458202056,-0.9975378904362681,1.0,0.0,0.0,0.0,1.0,0.0,0.0,0.0,1.0,-0.027010774239897728,0.017718577757477785,0.2015240341424942,1.2184696791468346e-07,0.0,0.0,0.0,1.2184696791468346e-07,0.0,0.0,0.0,1.2184696791468346e-07,-0.6684540510177612,1.932515025138856,8.885323524475098,8.999999999999999e-08,0.0,0.0,0.0,8.999999999999999e-08,0.0,0.0,0.0,8.999999999999999e-08
1759811060393802944,169222,1759811060387644928,base_link,-0.06185615576997149,-0.020425234701307752,0.025581619759566375,-0.9975481321204562,1.0,0.0,0.0,0.0,1.0,0.0,0.0,0.0,1.0,0.015449953265488148,-0.03555374965071674,0.3230898678302765,1.2184696791468346e-07,0.0,0.0,0.0,1.2184696791468346e-07,0.0,0.0,0.0,1.2184696791468346e-07,-0.39931046962738037,1.0609272718429579,10.613042831420898,8.999999999999999e-08,0.0,0.0,0.0,8.999999999999999e-08,0.0,0.0,0.0,8.999999999999999e-08
1759811060403267776,169223,1759811060392644928,base_link,-0.06180158086950595,-0.02027536050800301,0.024717693658790046,-0.9975763705089585,1.0,0.0,0.0,0.0,1.0,0.0,0.0,0.0,1.0,0.03817528113722801,-0.07438539713621135,0.3162813186645508,1.2184696791468346e-07,0.0,0.0,0.0,1.2184696791468346e-07,0.0,0.0,0.0,1.2184696791468346e-07,-0.7614716291427612,1.4385402202606212,9.689047813415527,8.999999999999999e-08,0.0,0.0,0.0,8.999999999999999e-08,0.0,0.0,0.0,8.999999999999999e-08
1759811060407057792,169224,1759811060397644928,base_link,-0.06189970004992833,-0.019914640119577446,0.024105594977866355,-0.9975925127519382,1.0,0.0,0.0,0.0,1.0,0.0,0.0,0.0,1.0,0.07389979064464569,-0.0659067928791046,0.1357584148645401,1.2184696791468346e-07,0.0,0.0,0.0,1.2184696791468346e-07,0.0,0.0,0.0,1.2184696791468346e-07,-0.7052767276763916,0.7615421414375316,9.423760414123535,8.999999999999999e-08,0.0,0.0,0.0,8.999999999999999e-08,0.0,0.0,0.0,8.999999999999999e-08
1759811060412917024,169225,1759811060408644928,base_link,-0.062386968985185885,-0.019631103781665486,0.02483675850583334,-0.9975498601412451,1.0,0.0,0.0,0.0,1.0,0.0,0.0,0.0,1.0,0.0896555483341217,-0.07385692745447162,-0.20371754467487335,1.2184696791468346e-07,0.0,0.0,0.0,1.2184696791468346e-07,0.0,0.0,0.0,1.2184696791468346e-07,-1.3437066078186035,-0.21310690045356634,9.559497833251953,8.999999999999999e-08,0.0,0.0,0.0,8.999999999999999e-08,0.0,0.0,0.0,8.999999999999999e-08
1759811060417218912,169226,1759811060413644928,base_link,-0.06235057254731869,-0.019630168648464147,0.02615861011568052,-0.9975183764454075,1.0,0.0,0.0,0.0,1.0,0.0,0.0,0.0,1.0,0.05425463989377022,-0.04725693166255956,-0.4027431309223175,1.2184696791468346e-07,0.0,0.0,0.0,1.2184696791468346e-07,0.0,0.0,0.0,1.2184696791468346e-07,-0.8954719305038452,0.3019469976425183,10.098871231079102,8.999999999999999e-08,0.0,0.0,0.0,8.999999999999999e-08,0.0,0.0,0.0,8.999999999999999e-08
1759811060425898496,169227,1759811060422644928,base_link,-0.06257759127846656,-0.019723413282438436,0.027429042570344387,-0.997468179548831,1.0,0.0,0.0,0.0,1.0,0.0,0.0,0.0,1.0,0.016192788258194923,0.01717366091907019,-0.4510561525821686,1.2184696791468346e-07,0.0,0.0,0.0,1.2184696791468346e-07,0.0,0.0,0.0,1.2184696791468346e-07,-0.27860361337661743,2.5383005142211923,8.98425006866455,8.999999999999999e-08,0.0,0.0,0.0,8.999999999999999e-08,0.0,0.0,0.0,8.999999999999999e-08
1759811060430986400,169228,1759811060423644928,base_link,-0.0625070690641957,-0.01975700432070162,0.02815177672860917,-0.9974518265716088,1.0,0.0,0.0,0.0,1.0,0.0,0.0,0.0,1.0,0.01532732229679823,0.0027910752687603,-0.1924842745065689,1.2184696791468346e-07,0.0,0.0,0.0,1.2184696791468346e-07,0.0,0.0,0.0,1.2184696791468346e-07,0.6903231739997864,3.11134171485901,10.268489837646484,8.999999999999999e-08,0.0,0.0,0.0,8.999999999999999e-08,0.0,0.0,0.0,8.999999999999999e-08
1759811060442070016,169229,1759811060429644928,base_link,-0.06249823666525464,-0.01978920714714198,0.028066597947768696,-0.997454144648277,1.0,0.0,0.0,0.0,1.0,0.0,0.0,0.0,1.0,-0.037198249250650406,-0.011527007445692987,0.2380697876214981,1.2184696791468346e-07,0.0,0.0,0.0,1.2184696791468346e-07,0.0,0.0,0.0,1.2184696791468346e-07,0.43791845440864563,2.1472125053405775,9.480253219604492,8.999999999999999e-08,0.0,0.0,0.0,8.999999999999999e-08,0.0,0.0,0.0,8.999999999999999e-08
1759811060445218496,169230,1759811060439644928,base_link,-0.0623720792938604,-0.0193988285482549,0.026261406279198547,-0.9975188400607411,1.0,0.0,0.0,0.0,1.0,0.0,0.0,0.0,1.0,-0.026301680132746696,-0.05668596178293224,0.3676691949367523,1.2184696791468346e-07,0.0,0.0,0.0,1.2184696791468346e-07,0.0,0.0,0.0,1.2184696791468346e-07,-0.9089484214782715,0.8680071830749524,10.190052032470703,8.999999999999999e-08,0.0,0.0,0.0,8.999999999999999e-08,0.0,0.0,0.0,8.999999999999999e-08
1759811060449915488,169231,1759811060445644928,base_link,-0.06235437234912975,-0.019102847036231083,0.025290890798538235,-0.9975507452250639,1.0,0.0,0.0,0.0,1.0,0.0,0.0,0.0,1.0,-0.005036907270550728,-0.09703741967678066,0.38931921124458313,1.2184696791468346e-07,0.0,0.0,0.0,1.2184696791468346e-07,0.0,0.0,0.0,1.2184696791468346e-07,-0.5114357471466064,0.9538783431053174,9.888721466064453,8.999999999999999e-08,0.0,0.0,0.0,8.999999999999999e-08,0.0,0.0,0.0,8.999999999999999e-08
1759811060457257408,169232,1759811060450644928,base_link,-0.06252737989391091,-0.0187314173970167,0.024805949159571888,-0.9975591745947661,1.0,0.0,0.0,0.0,1.0,0.0,0.0,0.0,1.0,0.02608206868171692,-0.09487150609493253,0.21148431301116943,1.2184696791468346e-07,0.0,0.0,0.0,1.2184696791468346e-07,0.0,0.0,0.0,1.2184696791468346e-07,-0.6736895442008972,0.2574541270732891,8.979684829711914,8.999999999999999e-08,0.0,0.0,0.0,8.999999999999999e-08,0.0,0.0,0.0,8.999999999999999e-08
1759811060463797696,169233,1759811060459643136,base_link,-0.062477470122739916,-0.018513310090150857,0.024903687701268627,-0.9975638528949508,1.0,0.0,0.0,0.0,1.0,0.0,0.0,0.0,1.0,0.04587267339229584,-0.1142377331852913,-0.1102560982108116,1.2184696791468346e-07,0.0,0.0,0.0,1.2184696791468346e-07,0.0,0.0,0.0,1.2184696791468346e-07,-0.3617699146270752,-0.17216099798679224,10.32303237915039,8.999999999999999e-08,0.0,0.0,0.0,8.999999999999999e-08,0.0,0.0,0.0,8.999999999999999e-08
1759811060466774720,169234,1759811060461643136,base_link,-0.06267296959664671,-0.01833415305675416,0.025637085012206698,-0.9975363310028731,1.0,0.0,0.0,0.0,1.0,0.0,0.0,0.0,1.0,0.018158314749598503,-0.0767936930060387,-0.2809697091579437,1.2184696791468346e-07,0.0,0.0,0.0,1.2184696791468346e-07,0.0,0.0,0.0,1.2184696791468346e-07,-1.1600912809371948,0.3946761488914501,9.037988662719727,8.999999999999999e-08,0.0,0.0,0.0,8.999999999999999e-08,0.0,0.0,0.0,8.999999999999999e-08
1759811060477023552,169235,1759811060471643136,base_link,-0.06253533642865636,-0.01841742732687759,0.02793788147241642,-0.9974816243935061,1.0,0.0,0.0,0.0,1.0,0.0,0.0,0.0,1.0,-0.01240974385291338,-0.0009235047036782429,-0.42611342668533325,1.2184696791468346e-07,0.0,0.0,0.0,1.2184696791468346e-07,0.0,0.0,0.0,1.2184696791468346e-07,-0.14022770524024963,2.529988527297975,9.3453950881958,8.999999999999999e-08,0.0,0.0,0.0,8.999999999999999e-08,0.0,0.0,0.0,8.999999999999999e-08
1759811060482766752,169236,1759811060476643136,base_link,-0.06258465087559213,-0.01837111584289821,0.028258323961644724,-0.9974703711849536,1.0,0.0,0.0,0.0,1.0,0.0,0.0,0.0,1.0,-0.0166291706264019,0.0019628126174211346,-0.1263025403022766,1.2184696791468346e-07,0.0,0.0,0.0,1.2184696791468346e-07,0.0,0.0,0.0,1.2184696791468346e-07,0.6043193340301514,3.1827414035797132,10.057168960571289,8.999999999999999e-08,0.0,0.0,0.0,8.999999999999999e-08,0.0,0.0,0.0,8.999999999999999e-08
1759811060491275104,169237,1759811060482643136,base_link,-0.06226664500104335,-0.018313925203646962,0.027831039211441297,-0.9975033300204892,1.0,0.0,0.0,0.0,1.0,0.0,0.0,0.0,1.0,-0.06262099742889404,-0.0102558936923742,0.23766091465950012,1.2184696791468346e-07,0.0,0.0,0.0,1.2184696791468346e-07,0.0,0.0,0.0,1.2184696791468346e-07,0.8604397773742676,2.1005516052246107,9.548552513122559,8.999999999999999e-08,0.0,0.0,0.0,8.999999999999999e-08,0.0,0.0,0.0,8.999999999999999e-08
1759811060497807008,169238,1759811060487643136,base_link,-0.062240486296097255,-0.018163441198127833,0.026695813846800358,-0.9975387755200867,1.0,0.0,0.0,0.0,1.0,0.0,0.0,0.0,1.0,-0.058716870844364166,-0.055071964859962415,0.40685760974884033,1.2184696791468346e-07,0.0,0.0,0.0,1.2184696791468346e-07,0.0,0.0,0.0,1.2184696791468346e-07,-0.18872690200805664,1.5794782638549816,9.745573997497559,8.999999999999999e-08,0.0,0.0,0.0,8.999999999999999e-08,0.0,0.0,0.0,8.999999999999999e-08
1759811060503788768,169239,1759811060498643136,base_link,-0.06198026770212395,-0.01760857135203683,0.02489445754144474,-0.9976115209806166,1.0,0.0,0.0,0.0,1.0,0.0,0.0,0.0,1.0,-0.05420100688934326,-0.09879077970981594,0.350406289100647,1.2184696791468346e-07,0.0,0.0,0.0,1.2184696791468346e-07,0.0,0.0,0.0,1.2184696791468346e-07,-0.5614209771156311,1.3734537363052381,10.217083930969238,8.999999999999999e-08,0.0,0.0,0.0,8.999999999999999e-08,0.0,0.0,0.0,8.999999999999999e-08
1759811060511054304,169240,1759811060507643136,base_link,-0.061880577234505525,-0.017470996135963177,0.0245182547716365,-0.9976294755380822,1.0,0.0,0.0,0.0,1.0,0.0,0.0,0.0,1.0,-0.015011352486908436,-0.0654955357313156,0.0782592073082924,1.2184696791468346e-07,0.0,0.0,0.0,1.2184696791468346e-07,0.0,0.0,0.0,1.2184696791468346e-07,-0.803151547908783,0.39315274357795826,8.905048370361328,8.999999999999999e-08,0.0,0.0,0.0,8.999999999999999e-08,0.0,0.0,0.0,8.999999999999999e-08
1759811060518776288,169241,1759811060508643136,base_link,-0.06192045078737486,-0.017296437060321215,0.024922485195704506,-0.9976199924971673,1.0,0.0,0.0,0.0,1.0,0.0,0.0,0.0,1.0,-0.011903414502739906,-0.03266565129160884,-0.2292962372303009,1.2184696791468346e-07,0.0,0.0,0.0,1.2184696791468346e-07,0.0,0.0,0.0,1.2184696791468346e-07,-0.6019104719161987,-0.9533821940422046,9.665987014770508,8.999999999999999e-08,0.0,0.0,0.0,8.999999999999999e-08,0.0,0.0,0.0,8.999999999999999e-08
1759811060524195168,169242,1759811060519643136,base_link,-0.061814696441926935,-0.017562676068186497,0.027165161151817652,-0.9975633049859202,1.0,0.0,0.0,0.0,1.0,0.0,0.0,0.0,1.0,-0.009279067628085613,0.014529207721352523,-0.44277286529541016,1.2184696791468346e-07,0.0,0.0,0.0,1.2184696791468346e-07,0.0,0.0,0.0,1.2184696791468346e-07,-0.23013179004192352,2.2831280231475843,9.255331993103027,8.999999999999999e-08,0.0,0.0,0.0,8.999999999999999e-08,0.0,0.0,0.0,8.999999999999999e-08
1759811060529744384,169243,1759811060524643136,base_link,-0.06160963753594226,-0.017767766584307555,0.02795098914230331,-0.9975507030782154,1.0,0.0,0.0,0.0,1.0,0.0,0.0,0.0,1.0,-0.051928821951150894,0.06381662189960476,-0.3407285213470459,1.2184696791468346e-07,0.0,0.0,0.0,1.2184696791468346e-07,0.0,0.0,0.0,1.2184696791468346e-07,0.12799936532974243,2.7021188735961927,9.685601234436035,8.999999999999999e-08,0.0,0.0,0.0,8.999999999999999e-08,0.0,0.0,0.0,8.999999999999999e-08
1759811060537378272,169244,1759811060530643136,base_link,-0.06141381669231557,-0.017914797182426827,0.027796900264147485,-0.9975644429508299,1.0,0.0,0.0,0.0,1.0,0.0,0.0,0.0,1.0,-0.06049216538667679,0.03885970264673234,0.07265332341194153,1.2184696791468346e-07,0.0,0.0,0.0,1.2184696791468346e-07,0.0,0.0,0.0,1.2184696791468346e-07,0.48752132058143616,2.7949411869049086,10.347347259521484,8.999999999999999e-08,0.0,0.0,0.0,8.999999999999999e-08,0.0,0.0,0.0,8.999999999999999e-08
1759811060543303776,169245,1759811060540643136,base_link,-0.061108295504549104,-0.017834732658235306,0.026163878471744353,-0.9976287590416575,1.0,0.0,0.0,0.0,1.0,0.0,0.0,0.0,1.0,-0.07461996376514435,0.0072575663216412475,0.3347404897212982,1.2184696791468346e-07,0.0,0.0,0.0,1.2184696791468346e-07,0.0,0.0,0.0,1.2184696791468346e-07,-0.037461526691913605,1.5348246097564708,9.017688751220703,8.999999999999999e-08,0.0,0.0,0.0,8.999999999999999e-08,0.0,0.0,0.0,8.999999999999999e-08
1759811060559865088,169246,1759811060550643136,base_link,-0.06082776476377158,-0.017628235491045193,0.02449364101210613,-0.9976920214612723,1.0,0.0,0.0,0.0,1.0,0.0,0.0,0.0,1.0,-0.05601875111460686,-0.036081224679946865,0.29554107785224915,1.2184696791468346e-07,0.0,0.0,0.0,1.2184696791468346e-07,0.0,0.0,0.0,1.2184696791468346e-07,-0.6416995525360107,0.6632328629493726,9.899057388305664,8.999999999999999e-08,0.0,0.0,0.0,8.999999999999999e-08,0.0,0.0,0.0,8.999999999999999e-08
1759811060561837984,169247,1759811060556641344,base_link,-0.06083768771241787,-0.01758234020719486,0.024382246891491828,-0.9976949295938197,1.0,0.0,0.0,0.0,1.0,0.0,0.0,0.0,1.0,-0.003977618180215359,-0.025476250797510147,0.009357366710901264,1.2184696791468346e-07,0.0,0.0,0.0,1.2184696791468346e-07,0.0,0.0,0.0,1.2184696791468346e-07,-0.5862370729446411,-0.9346274733543384,9.758005142211914,8.999999999999999e-08,0.0,0.0,0.0,8.999999999999999e-08,0.0,0.0,0.0,8.999999999999999e-08
1759811060569852672,169248,1759811060565641344,base_link,-0.06075465973794042,-0.017727650687059282,0.025051623139541877,-0.997680852546417,1.0,0.0,0.0,0.0,1.0,0.0,0.0,0.0,1.0,0.008250832557678223,0.019108738750219307,-0.31731972098350525,1.2184696791468346e-07,0.0,0.0,0.0,1.2184696791468346e-07,0.0,0.0,0.0,1.2184696791468346e-07,-0.991334855556488,-0.4014328420162189,9.425789833068848,8.999999999999999e-08,0.0,0.0,0.0,8.999999999999999e-08,0.0,0.0,0.0,8.999999999999999e-08
1759811060571962432,169249,1759811060566641344,base_link,-0.060756159902329604,-0.01781920549582609,0.02628226896921146,-0.9976475143892449,1.0,0.0,0.0,0.0,1.0,0.0,0.0,0.0,1.0,0.0009175408631563187,0.05975902825593943,-0.43416592478752136,1.2184696791468346e-07,0.0,0.0,0.0,1.2184696791468346e-07,0.0,0.0,0.0,1.2184696791468346e-07,-0.991334855556488,-0.4014328420162189,9.425789833068848,8.999999999999999e-08,0.0,0.0,0.0,8.999999999999999e-08,0.0,0.0,0.0,8.999999999999999e-08
1759811060577850272,169250,1759811060572641344,base_link,-0.0606630127329425,-0.018221399700275392,0.027159471327268703,-0.9976223527206839,1.0,0.0,0.0,0.0,1.0,0.0,0.0,0.0,1.0,-0.001674152910709381,0.09762956947088237,-0.33872002363204956,1.2184696791468346e-07,0.0,0.0,0.0,1.2184696791468346e-07,0.0,0.0,0.0,1.2184696791468346e-07,0.08352373540401459,2.6755328178405775,9.561367988586426,8.999999999999999e-08,0.0,0.0,0.0,8.999999999999999e-08,0.0,0.0,0.0,8.999999999999999e-08
1759811060586449152,169251,1759811060582641344,base_link,-0.0606158912392183,-0.01867590209499376,0.02720882528687496,-0.9976154827843766,1.0,0.0,0.0,0.0,1.0,0.0,0.0,0.0,1.0,-0.033076994121074677,0.08884128928184509,-0.004051513969898235,1.2184696791468346e-07,0.0,0.0,0.0,1.2184696791468346e-07,0.0,0.0,0.0,1.2184696791468346e-07,0.41429316997528076,2.7591176033020033,9.490435600280762,8.999999999999999e-08,0.0,0.0,0.0,8.999999999999999e-08,0.0,0.0,0.0,8.999999999999999e-08
1759811060599821408,169252,1759811060593641344,base_link,-0.06039763773547169,-0.018700158923400795,0.02526349534700615,-0.9976794617004162,1.0,0.0,0.0,0.0,1.0,0.0,0.0,0.0,1.0,-0.03164643794298172,0.004989169072359849,0.3959173262119293,1.2184696791468346e-07,0.0,0.0,0.0,1.2184696791468346e-07,0.0,0.0,0.0,1.2184696791468346e-07,-0.6960321068763733,1.425886154174806,10.147866249084473,8.999999999999999e-08,0.0,0.0,0.0,8.999999999999999e-08,0.0,0.0,0.0,8.999999999999999e-08
1759811060603988576,169253,1759811060598641344,base_link,-0.06031178723923303,-0.01855681485743721,0.024346295629712054,-0.997710144606132,1.0,0.0,0.0,0.0,1.0,0.0,0.0,0.0,1.0,-0.015862414613366127,-0.026614863425493195,0.3574979901313782,1.2184696791468346e-07,0.0,0.0,0.0,1.2184696791468346e-07,0.0,0.0,0.0,1.2184696791468346e-07,-0.22235730290412903,0.9962649345397961,10.324626922607422,8.999999999999999e-08,0.0,0.0,0.0,8.999999999999999e-08,0.0,0.0,0.0,8.999999999999999e-08
1759811060611966752,169254,1759811060608641344,base_link,-0.06021392884243581,-0.01854583955466717,0.023796447844038962,-0.9977295321564471,1.0,0.0,0.0,0.0,1.0,0.0,0.0,0.0,1.0,-0.011658735573291779,-0.014085795730352383,0.1608228236436844,1.2184696791468346e-07,0.0,0.0,0.0,1.2184696791468346e-07,0.0,0.0,0.0,1.2184696791468346e-07,-0.6230514645576477,0.47203621268272505,8.683422088623047,8.999999999999999e-08,0.0,0.0,0.0,8.999999999999999e-08,0.0,0.0,0.0,8.999999999999999e-08
1759811060617055232,169255,1759811060609641344,base_link,-0.0604442903455062,-0.018480704234471616,0.02389422853258418,-0.9977144435846802,1.0,0.0,0.0,0.0,1.0,0.0,0.0,0.0,1.0,0.023813815787434578,0.008056788705289352,-0.10220780223608017,1.2184696791468346e-07,0.0,0.0,0.0,1.2184696791468346e-07,0.0,0.0,0.0,1.2184696791468346e-07,-0.6525571942329407,-0.6871625185012806,9.499839782714844,8.999999999999999e-08,0.0,0.0,0.0,8.999999999999999e-08,0.0,0.0,0.0,8.999999999999999e-08
1759811060623530112,169256,1759811060619641344,base_link,-0.06045604799915172,-0.01887143317903694,0.025649265451426338,-0.9976628136952543,1.0,0.0,0.0,0.0,1.0,0.0,0.0,0.0,1.0,0.03150195628404617,0.043494626879692036,-0.3527070879936218,1.2184696791468346e-07,0.0,0.0,0.0,1.2184696791468346e-07,0.0,0.0,0.0,1.2184696791468346e-07,-1.0521483421325684,0.07109443098306775,9.732193946838379,8.999999999999999e-08,0.0,0.0,0.0,8.999999999999999e-08,0.0,0.0,0.0,8.999999999999999e-08
1759811060629788672,169257,1759811060624641344,base_link,-0.06049719386001048,-0.019095243481341916,0.026387593943640198,-0.9976368512365716,1.0,0.0,0.0,0.0,1.0,0.0,0.0,0.0,1.0,0.016727382317185402,0.06771896779537197,-0.33254310488700867,1.2184696791468346e-07,0.0,0.0,0.0,1.2184696791468346e-07,0.0,0.0,0.0,1.2184696791468346e-07,0.10594452917575836,2.25824809074402,9.889957427978516,8.999999999999999e-08,0.0,0.0,0.0,8.999999999999999e-08,0.0,0.0,0.0,8.999999999999999e-08
1759811060638751392,169258,1759811060634641344,base_link,-0.06047264727201994,-0.019328606630279684,0.02645759985901681,-0.9976320043489929,1.0,0.0,0.0,0.0,1.0,0.0,0.0,0.0,1.0,-0.004909926559776068,0.050397243350744254,0.040312357246875756,1.2184696791468346e-07,0.0,0.0,0.0,1.2184696791468346e-07,0.0,0.0,0.0,1.2184696791468346e-07,0.21447013318538666,2.8406894207000746,10.024149894714355,8.999999999999999e-08,0.0,0.0,0.0,8.999999999999999e-08,0.0,0.0,0.0,8.999999999999999e-08
1759811060646053728,169259,1759811060640641344,base_link,-0.06038363707923197,-0.019217087386208875,0.02472511150412796,-0.9976839292663583,1.0,0.0,0.0,0.0,1.0,0.0,0.0,0.0,1.0,-0.01680280826985836,0.002088275272399233,0.376915842294693,1.2184696791468346e-07,0.0,0.0,0.0,1.2184696791468346e-07,0.0,0.0,0.0,1.2184696791468346e-07,-0.877634584903717,1.1887291669845592,9.726720809936523,8.999999999999999e-08,0.0,0.0,0.0,8.999999999999999e-08,0.0,0.0,0.0,8.999999999999999e-08
1759811060656807424,169260,1759811060651641344,base_link,-0.06058699562329704,-0.018845710430555135,0.022802161540818447,-0.9977245166814743,1.0,0.0,0.0,0.0,1.0,0.0,0.0,0.0,1.0,0.028620917350053787,-0.05242016166448589,0.3659842610359192,1.2184696791468346e-07,0.0,0.0,0.0,1.2184696791468346e-07,0.0,0.0,0.0,1.2184696791468346e-07,-0.5590919852256775,1.0568658113479625,9.690572738647461,8.999999999999999e-08,0.0,0.0,0.0,8.999999999999999e-08,0.0,0.0,0.0,8.999999999999999e-08
1759811060667054272,169261,1759811060662640064,base_link,-0.06081570813091944,-0.01861354188135484,0.02294655664381678,-0.99771161974583,1.0,0.0,0.0,0.0,1.0,0.0,0.0,0.0,1.0,0.04719826579093933,-0.04398154839873315,-0.10613633692264557,1.2184696791468346e-07,0.0,0.0,0.0,1.2184696791468346e-07,0.0,0.0,0.0,1.2184696791468346e-07,-1.1618341207504272,-0.8007791638374316,10.113930702209473,8.999999999999999e-08,0.0,0.0,0.0,8.999999999999999e-08,0.0,0.0,0.0,8.999999999999999e-08
1759811060675745312,169262,1759811060667640064,base_link,-0.060865159555112874,-0.018499410849765374,0.02401190253362662,-0.9976856994339958,1.0,0.0,0.0,0.0,1.0,0.0,0.0,0.0,1.0,0.04787612333893776,-0.041620444506406826,-0.3599780201911926,1.2184696791468346e-07,0.0,0.0,0.0,1.2184696791468346e-07,0.0,0.0,0.0,1.2184696791468346e-07,-1.025589108467102,0.361117482185365,9.964853286743164,8.999999999999999e-08,0.0,0.0,0.0,8.999999999999999e-08,0.0,0.0,0.0,8.999999999999999e-08
1759811060678828672,169263,1759811060672640064,base_link,-0.060813159563673544,-0.01870535747374681,0.025343237184388738,-0.997652066248884,1.0,0.0,0.0,0.0,1.0,0.0,0.0,0.0,1.0,0.022303635254502296,0.015033968724310339,-0.47776684165000916,1.2184696791468346e-07,0.0,0.0,0.0,1.2184696791468346e-07,0.0,0.0,0.0,1.2184696791468346e-07,-0.0990121141076088,1.5378671884536754,8.999069213867188,8.999999999999999e-08,0.0,0.0,0.0,8.999999999999999e-08,0.0,0.0,0.0,8.999999999999999e-08
1759811060687151584,169264,1759811060683640064,base_link,-0.06088819939326916,-0.01878913750605237,0.026103482037828238,-0.9976262723775954,1.0,0.0,0.0,0.0,1.0,0.0,0.0,0.0,1.0,-0.005414236802607775,0.013215470127761345,-0.15572130680084229,1.2184696791468346e-07,0.0,0.0,0.0,1.2184696791468346e-07,0.0,0.0,0.0,1.2184696791468346e-07,0.2653665840625763,2.291923046112062,10.154775619506836,8.999999999999999e-08,0.0,0.0,0.0,8.999999999999999e-08,0.0,0.0,0.0,8.999999999999999e-08
1759811060693245056,169265,1759811060688640064,base_link,-0.06087483752520219,-0.01878320665421348,0.025505924019640802,-0.9976427096485146,1.0,0.0,0.0,0.0,1.0,0.0,0.0,0.0,1.0,-0.014689193107187748,0.00962608959525825,0.11000315099954605,1.2184696791468346e-07,0.0,0.0,0.0,1.2184696791468346e-07,0.0,0.0,0.0,1.2184696791468346e-07,-0.3606760799884796,1.5502520799636852,9.603501319885254,8.999999999999999e-08,0.0,0.0,0.0,8.999999999999999e-08,0.0,0.0,0.0,8.999999999999999e-08
1759811060698980320,169266,1759811060693640064,base_link,-0.061041703483901893,-0.018613274512284603,0.02449528473919807,-0.9976610435276169,1.0,0.0,0.0,0.0,1.0,0.0,0.0,0.0,1.0,0.019250595942139626,-0.028172224760055497,0.3561246991157532,1.2184696791468346e-07,0.0,0.0,0.0,1.2184696791468346e-07,0.0,0.0,0.0,1.2184696791468346e-07,-0.49141979217529297,1.5609679222106947,10.009687423706055,8.999999999999999e-08,0.0,0.0,0.0,8.999999999999999e-08,0.0,0.0,0.0,8.999999999999999e-08
1759811060708128192,169267,1759811060703640064,base_link,-0.06091120762128906,-0.018211460946560915,0.02356350221231923,-0.9976988913975797,1.0,0.0,0.0,0.0,1.0,0.0,0.0,0.0,1.0,0.03221910446882248,-0.08753758668899532,0.3462103009223938,1.2184696791468346e-07,0.0,0.0,0.0,1.2184696791468346e-07,0.0,0.0,0.0,1.2184696791468346e-07,-0.47550925612449646,0.5785630941391005,10.460858345031738,8.999999999999999e-08,0.0,0.0,0.0,8.999999999999999e-08,0.0,0.0,0.0,8.999999999999999e-08
1759811060716825888,169268,1759811060709640064,base_link,-0.06131207946836633,-0.017694622045805918,0.02298528959759828,-0.9976970790830937,1.0,0.0,0.0,0.0,1.0,0.0,0.0,0.0,1.0,0.08061625808477402,-0.09440847486257553,-0.019658289849758138,1.2184696791468346e-07,0.0,0.0,0.0,1.2184696791468346e-07,0.0,0.0,0.0,1.2184696791468346e-07,-1.0777757167816162,-0.5872287154197682,8.985410690307617,8.999999999999999e-08,0.0,0.0,0.0,8.999999999999999e-08,0.0,0.0,0.0,8.999999999999999e-08
1759811060722779872,169269,1759811060714640064,base_link,-0.06134729316029718,-0.01761338926365723,0.023900424119315297,-0.9976748676939284,1.0,0.0,0.0,0.0,1.0,0.0,0.0,0.0,1.0,0.05913182348012924,-0.05731849744915968,-0.43844491243362427,1.2184696791468346e-07,0.0,0.0,0.0,1.2184696791468346e-07,0.0,0.0,0.0,1.2184696791468346e-07,-1.0162272453308105,-0.6574792265892017,10.198668479919434,8.999999999999999e-08,0.0,0.0,0.0,8.999999999999999e-08,0.0,0.0,0.0,8.999999999999999e-08
1759811060728700352,169270,1759811060724640064,base_link,-0.061471676412786926,-0.017551862767365423,0.025254728802515856,-0.9976349546283886,1.0,0.0,0.0,0.0,1.0,0.0,0.0,0.0,1.0,0.02188756689429283,-0.025189554318785733,-0.538293719291687,1.2184696791468346e-07,0.0,0.0,0.0,1.2184696791468346e-07,0.0,0.0,0.0,1.2184696791468346e-07,-0.5550438165664673,1.1435158252716076,9.90733814239502,8.999999999999999e-08,0.0,0.0,0.0,8.999999999999999e-08,0.0,0.0,0.0,8.999999999999999e-08
1759811060734831104,169271,1759811060730640064,base_link,-0.061561933888873,-0.017724048448600614,0.02713093791082684,-0.9975770448585347,1.0,0.0,0.0,0.0,1.0,0.0,0.0,0.0,1.0,0.036686476320028305,0.012736018747091248,-0.36590901017189026,1.2184696791468346e-07,0.0,0.0,0.0,1.2184696791468346e-07,0.0,0.0,0.0,1.2184696791468346e-07,0.7979438304901123,2.467293262481691,10.415534973144531,8.999999999999999e-08,0.0,0.0,0.0,8.999999999999999e-08,0.0,0.0,0.0,8.999999999999999e-08
1759811060744168864,169272,1759811060740640064,base_link,-0.06147240212883472,-0.017906740548916167,0.027035391005252634,-0.9975818917461134,1.0,0.0,0.0,0.0,1.0,0.0,0.0,0.0,1.0,-0.03349582478404045,0.01763262785971166,0.12007297575473785,1.2184696791468346e-07,0.0,0.0,0.0,1.2184696791468346e-07,0.0,0.0,0.0,1.2184696791468346e-07,0.5762753486633301,2.4722592830657972,9.327046394348145,8.999999999999999e-08,0.0,0.0,0.0,8.999999999999999e-08,0.0,0.0,0.0,8.999999999999999e-08
1759811060752309280,169273,1759811060741640064,base_link,-0.06146468793846821,-0.017737854175665965,0.026236286757486054,-0.9976067583867348,1.0,0.0,0.0,0.0,1.0,0.0,0.0,0.0,1.0,-0.010372422635555267,0.0009988915408030551,0.3252308964729309,1.2184696791468346e-07,0.0,0.0,0.0,1.2184696791468346e-07,0.0,0.0,0.0,1.2184696791468346e-07,-0.23651210963726044,1.861159682273866,9.981054306030273,8.999999999999999e-08,0.0,0.0,0.0,8.999999999999999e-08,0.0,0.0,0.0,8.999999999999999e-08
1759811060757882720,169274,1759811060751640064,base_link,-0.06145638896057862,-0.0173392516729632,0.02441739736314991,-0.9976604534717377,1.0,0.0,0.0,0.0,1.0,0.0,0.0,0.0,1.0,-0.0002772588632069528,-0.07036224007606502,0.35730957984924316,1.2184696791468346e-07,0.0,0.0,0.0,1.2184696791468346e-07,0.0,0.0,0.0,1.2184696791468346e-07,-0.6797349452972412,0.5638902783393872,9.562707901000977,8.999999999999999e-08,0.0,0.0,0.0,8.999999999999999e-08,0.0,0.0,0.0,8.999999999999999e-08
1759811060762025088,169275,1759811060757639296,base_link,-0.0615168736394588,-0.017168215810438946,0.02407482777845337,-0.9976679556107727,1.0,0.0,0.0,0.0,1.0,0.0,0.0,0.0,1.0,0.02068164013326168,-0.07408944517374036,0.19469410181045532,1.2184696791468346e-07,0.0,0.0,0.0,1.2184696791468346e-07,0.0,0.0,0.0,1.2184696791468346e-07,-0.4415108561515808,-0.11816944926977038,9.7108736038208,8.999999999999999e-08,0.0,0.0,0.0,8.999999999999999e-08,0.0,0.0,0.0,8.999999999999999e-08
1759811060766830976,169276,1759811060762639296,base_link,-0.061676765611818965,-0.017044549054373886,0.024202912051077972,-0.9976571238707054,1.0,0.0,0.0,0.0,1.0,0.0,0.0,0.0,1.0,0.03546953573822975,-0.06492169201374054,0.046486243605613715,1.2184696791468346e-07,0.0,0.0,0.0,1.2184696791468346e-07,0.0,0.0,0.0,1.2184696791468346e-07,-0.7547951340675354,0.06943758577108493,8.9088716506958,8.999999999999999e-08,0.0,0.0,0.0,8.999999999999999e-08,0.0,0.0,0.0,8.999999999999999e-08
1759811060778116192,169277,1759811060773639296,base_link,-0.06186734048989507,-0.017030095319512682,0.026323319999661064,-0.9975918805492106,1.0,0.0,0.0,0.0,1.0,0.0,0.0,0.0,1.0,0.041515324264764786,-0.012381197884678893,-0.42354634404182434,1.2184696791468346e-07,0.0,0.0,0.0,1.2184696791468346e-07,0.0,0.0,0.0,1.2184696791468346e-07,-0.7508666515350342,1.6312590837478649,9.799504280090332,8.999999999999999e-08,0.0,0.0,0.0,8.999999999999999e-08,0.0,0.0,0.0,8.999999999999999e-08
1759811060783807840,169278,1759811060778639296,base_link,-0.06191354397257514,-0.017208392293781957,0.027364473598425698,-0.9975579523361593,1.0,0.0,0.0,0.0,1.0,0.0,0.0,0.0,1.0,0.006884854286909103,0.04169236868619915,-0.3615051507949829,1.2184696791468346e-07,0.0,0.0,0.0,1.2184696791468346e-07,0.0,0.0,0.0,1.2184696791468346e-07,-0.07118447124958038,2.4599232673645033,9.17282485961914,8.999999999999999e-08,0.0,0.0,0.0,8.999999999999999e-08,0.0,0.0,0.0,8.999999999999999e-08
1759811060794727680,169279,1759811060787639296,base_link,-0.06198095785676831,-0.017295414999244824,0.027797574613723647,-0.9975402506597847,1.0,0.0,0.0,0.0,1.0,0.0,0.0,0.0,1.0,-0.015459580346941948,0.048835270106792436,-0.09757256507873535,1.2184696791468346e-07,0.0,0.0,0.0,1.2184696791468346e-07,0.0,0.0,0.0,1.2184696791468346e-07,0.8372437357902527,2.7216093540191664,10.052584648132324,8.999999999999999e-08,0.0,0.0,0.0,8.999999999999999e-08,0.0,0.0,0.0,8.999999999999999e-08
1759811060798875360,169280,1759811060789639296,base_link,-0.06167991608874516,-0.017423749518782464,0.027377918443100686,-0.9975682783140444,1.0,0.0,0.0,0.0,1.0,0.0,0.0,0.0,1.0,-0.02022499218583107,0.008054875768721126,0.1810961812734604,1.2184696791468346e-07,0.0,0.0,0.0,1.2184696791468346e-07,0.0,0.0,0.0,1.2184696791468346e-07,0.5121594071388245,2.5851628780365004,9.601637840270996,8.999999999999999e-08,0.0,0.0,0.0,8.999999999999999e-08,0.0,0.0,0.0,8.999999999999999e-08
1759811060801761152,169281,1759811060794639296,base_link,-0.06184456275245297,-0.017284322475552363,0.02661661991844841,-0.9975811331028402,1.0,0.0,0.0,0.0,1.0,0.0,0.0,0.0,1.0,-0.03902411460876465,-0.017283756285905796,0.33575040102005005,1.2184696791468346e-07,0.0,0.0,0.0,1.2184696791468346e-07,0.0,0.0,0.0,1.2184696791468346e-07,-0.36270785331726074,1.170299530029298,9.38172721862793,8.999999999999999e-08,0.0,0.0,0.0,8.999999999999999e-08,0.0,0.0,0.0,8.999999999999999e-08
1759811060808725856,169282,1759811060804639296,base_link,-0.06179656276035512,-0.016881582996250453,0.02483873940771335,-0.9976368090897231,1.0,0.0,0.0,0.0,1.0,0.0,0.0,0.0,1.0,0.0034197873901575804,-0.06478010863065715,0.35526981949806213,1.2184696791468346e-07,0.0,0.0,0.0,1.2184696791468346e-07,0.0,0.0,0.0,1.2184696791468346e-07,-0.6054006218910217,0.44283932447433594,9.854899406433105,8.999999999999999e-08,0.0,0.0,0.0,8.999999999999999e-08,0.0,0.0,0.0,8.999999999999999e-08
1759811060816438272,169283,1759811060810639296,base_link,-0.061874257841406925,-0.016749007450081402,0.024692026228046903,-0.9976379470546329,1.0,0.0,0.0,0.0,1.0,0.0,0.0,0.0,1.0,0.011114782653748989,-0.055173408240079866,0.0881194993853569,1.2184696791468346e-07,0.0,0.0,0.0,1.2184696791468346e-07,0.0,0.0,0.0,1.2184696791468346e-07,-0.6619009971618652,-0.03772864490747336,9.467053413391113,8.999999999999999e-08,0.0,0.0,0.0,8.999999999999999e-08,0.0,0.0,0.0,8.999999999999999e-08
1759811060821909952,169284,1759811060815639296,base_link,-0.061934169586565155,-0.016599459894852623,0.024977697567253734,-0.9976296019786278,1.0,0.0,0.0,0.0,1.0,0.0,0.0,0.0,1.0,0.029248014092445374,-0.057043060660362264,-0.1580607295036316,1.2184696791468346e-07,0.0,0.0,0.0,1.2184696791468346e-07,0.0,0.0,0.0,1.2184696791468346e-07,-0.9170230031013489,-0.17154072225093717,10.094548225402832,8.999999999999999e-08,0.0,0.0,0.0,8.999999999999999e-08,0.0,0.0,0.0,8.999999999999999e-08
1759811060832236128,169285,1759811060820639296,base_link,-0.06184510012477148,-0.016573884660340602,0.026170284792718018,-0.9976049882190974,1.0,0.0,0.0,0.0,1.0,0.0,0.0,0.0,1.0,0.012261353433132172,-0.017249671742320113,-0.4167238175868988,1.2184696791468346e-07,0.0,0.0,0.0,1.2184696791468346e-07,0.0,0.0,0.0,1.2184696791468346e-07,-1.0919302701950073,0.46746760606765864,9.331107139587402,8.999999999999999e-08,0.0,0.0,0.0,8.999999999999999e-08,0.0,0.0,0.0,8.999999999999999e-08
1759811060839128064,169286,1759811060831639296,base_link,-0.06182930822747005,-0.016823644250438134,0.028011385576219378,-0.9975517567494282,1.0,0.0,0.0,0.0,1.0,0.0,0.0,0.0,1.0,-0.017927246168255806,0.014971924945712055,-0.28235170245170593,1.2184696791468346e-07,0.0,0.0,0.0,1.2184696791468346e-07,0.0,0.0,0.0,1.2184696791468346e-07,0.2910066545009613,2.43919610977173,9.401617050170898,8.999999999999999e-08,0.0,0.0,0.0,8.999999999999999e-08,0.0,0.0,0.0,8.999999999999999e-08
1759811060845060608,169287,1759811060836639296,base_link,-0.0618718633735759,-0.016772475342167872,0.02806162461964441,-0.9975485535889413,1.0,0.0,0.0,0.0,1.0,0.0,0.0,0.0,1.0,-0.03037392534315586,0.0070676002651452975,-0.03386266529560089,1.2184696791468346e-07,0.0,0.0,0.0,1.2184696791468346e-07,0.0,0.0,0.0,1.2184696791468346e-07,0.41675058007240295,2.5820903778076185,9.719295501708984,8.999999999999999e-08,0.0,0.0,0.0,8.999999999999999e-08,0.0,0.0,0.0,8.999999999999999e-08
1759811060850134688,169288,1759811060847639296,base_link,-0.06160251603563293,-0.01655228176630074,0.026525287697725268,-0.9976109309247374,1.0,0.0,0.0,0.0,1.0,0.0,0.0,0.0,1.0,-0.03703873232007027,-0.0316933952271938,0.299969881772995,1.2184696791468346e-07,0.0,0.0,0.0,1.2184696791468346e-07,0.0,0.0,0.0,1.2184696791468346e-07,0.1586124300956726,2.1518442630767836,10.24917221069336,8.999999999999999e-08,0.0,0.0,0.0,8.999999999999999e-08,0.0,0.0,0.0,8.999999999999999e-08
1759811060858046016,169289,1759811060852639296,base_link,-0.06162635798099994,-0.016340354241097806,0.02542934319589649,-0.9976414873899079,1.0,0.0,0.0,0.0,1.0,0.0,0.0,0.0,1.0,-0.030414050444960594,-0.06354068219661707,0.3994448482990265,1.2184696791468346e-07,0.0,0.0,0.0,1.2184696791468346e-07,0.0,0.0,0.0,1.2184696791468346e-07,-0.2925269603729248,1.2478165626525892,10.074420928955078,8.999999999999999e-08,0.0,0.0,0.0,8.999999999999999e-08,0.0,0.0,0.0,8.999999999999999e-08
1759811060863805792,169290,1759811060857636992,base_link,-0.0614104449444347,-0.016120863990765195,0.02482011050067154,-0.9976737297290187,1.0,0.0,0.0,0.0,1.0,0.0,0.0,0.0,1.0,-0.027774257585406303,-0.05451940372586247,0.257834255695343,1.2184696791468346e-07,0.0,0.0,0.0,1.2184696791468346e-07,0.0,0.0,0.0,1.2184696791468346e-07,-0.7569573521614075,0.6492740511894237,9.16665267944336,8.999999999999999e-08,0.0,0.0,0.0,8.999999999999999e-08,0.0,0.0,0.0,8.999999999999999e-08
1759811060868780928,169291,1759811060863636992,base_link,-0.06136359872231484,-0.01597331314248462,0.024730422007040363,-0.9976812318680536,1.0,0.0,0.0,0.0,1.0,0.0,0.0,0.0,1.0,-0.027325110509991646,-0.05368506908416746,0.1511291265487671,1.2184696791468346e-07,0.0,0.0,0.0,1.2184696791468346e-07,0.0,0.0,0.0,1.2184696791468346e-07,-0.5997500419616699,-0.06626554578542589,9.882513999938965,8.999999999999999e-08,0.0,0.0,0.0,8.999999999999999e-08,0.0,0.0,0.0,8.999999999999999e-08
1759811060874514752,169292,1759811060868636992,base_link,-0.06144556117177836,-0.01595314850965019,0.025314113712067723,-0.9976618864645871,1.0,0.0,0.0,0.0,1.0,0.0,0.0,0.0,1.0,0.00346750789321959,-0.0381155200302601,-0.09793684631586075,1.2184696791468346e-07,0.0,0.0,0.0,1.2184696791468346e-07,0.0,0.0,0.0,1.2184696791468346e-07,-0.8306450247764587,-0.26900422573089483,9.634481430053711,8.999999999999999e-08,0.0,0.0,0.0,8.999999999999999e-08,0.0,0.0,0.0,8.999999999999999e-08
1759811060878863712,169293,1759811060873636992,base_link,-0.06122503305530118,-0.01601397694876354,0.026413472108625897,-0.99764595495585,1.0,0.0,0.0,0.0,1.0,0.0,0.0,0.0,1.0,-0.012720010243356228,-0.0029785716906190404,-0.39749741554260254,1.2184696791468346e-07,0.0,0.0,0.0,1.2184696791468346e-07,0.0,0.0,0.0,1.2184696791468346e-07,-0.8868404030799866,0.6399441361427318,9.513715744018555,8.999999999999999e-08,0.0,0.0,0.0,8.999999999999999e-08,0.0,0.0,0.0,8.999999999999999e-08
1759811060888712000,169294,1759811060879636992,base_link,-0.06129690396872438,-0.016194159994503673,0.027461748524788852,-0.9976102987220098,1.0,0.0,0.0,0.0,1.0,0.0,0.0,0.0,1.0,-0.06186845526099205,0.03575606644153591,-0.3536471128463745,1.2184696791468346e-07,0.0,0.0,0.0,1.2184696791468346e-07,0.0,0.0,0.0,1.2184696791468346e-07,-0.061848610639572144,1.726879119873048,9.791452407836914,8.999999999999999e-08,0.0,0.0,0.0,8.999999999999999e-08,0.0,0.0,0.0,8.999999999999999e-08
1759811060892273472,169295,1759811060884636992,base_link,-0.061120361357024366,-0.016304621616094663,0.027853756362788678,-0.9976084864075239,1.0,0.0,0.0,0.0,1.0,0.0,0.0,0.0,1.0,-0.030358918011188507,0.026887517422437657,-0.09062302857637405,1.2184696791468346e-07,0.0,0.0,0.0,1.2184696791468346e-07,0.0,0.0,0.0,1.2184696791468346e-07,0.20260067284107208,3.8220574855804457,10.154743194580078,8.999999999999999e-08,0.0,0.0,0.0,8.999999999999999e-08,0.0,0.0,0.0,8.999999999999999e-08
1759811060899760128,169296,1759811060889636992,base_link,-0.060886730839016356,-0.01625999337187769,0.027489101829472385,-0.9976336059292363,1.0,0.0,0.0,0.0,1.0,0.0,0.0,0.0,1.0,-0.07441037148237228,0.00857497099787,0.2546217739582062,1.2184696791468346e-07,0.0,0.0,0.0,1.2184696791468346e-07,0.0,0.0,0.0,1.2184696791468346e-07,0.48428910970687866,1.9752639532089247,10.210149765014648,8.999999999999999e-08,0.0,0.0,0.0,8.999999999999999e-08,0.0,0.0,0.0,8.999999999999999e-08
1759811060905336192,169297,1759811060900636992,base_link,-0.0604782541199609,-0.016012512345777784,0.02552463722037965,-0.9977146121720742,1.0,0.0,0.0,0.0,1.0,0.0,0.0,0.0,1.0,-0.06352558732032776,-0.03427219390869136,0.4114726483821869,1.2184696791468346e-07,0.0,0.0,0.0,1.2184696791468346e-07,0.0,0.0,0.0,1.2184696791468346e-07,-0.5670148730278015,0.6816734075546277,9.955351829528809,8.999999999999999e-08,0.0,0.0,0.0,8.999999999999999e-08,0.0,0.0,0.0,8.999999999999999e-08
1759811060912757056,169298,1759811060905636992,base_link,-0.06045560282306432,-0.01590597301527634,0.024640312044924038,-0.9977399845748778,1.0,0.0,0.0,0.0,1.0,0.0,0.0,0.0,1.0,-0.0597049817442894,-0.04191184788942332,0.3738626539707184,1.2184696791468346e-07,0.0,0.0,0.0,1.2184696791468346e-07,0.0,0.0,0.0,1.2184696791468346e-07,-0.4158176779747009,1.1397409439086925,9.936884880065918,8.999999999999999e-08,0.0,0.0,0.0,8.999999999999999e-08,0.0,0.0,0.0,8.999999999999999e-08
1759811060920057504,169299,1759811060915636992,base_link,-0.06026510433615115,-0.0157563464347066,0.024313589675267602,-0.9977619009361034,1.0,0.0,0.0,0.0,1.0,0.0,0.0,0.0,1.0,-0.029114045202732086,-0.013584177941083901,0.054229553788900375,1.2184696791468346e-07,0.0,0.0,0.0,1.2184696791468346e-07,0.0,0.0,0.0,1.2184696791468346e-07,-0.5494905710220337,-0.7672758698463428,10.109556198120117,8.999999999999999e-08,0.0,0.0,0.0,8.999999999999999e-08,0.0,0.0,0.0,8.999999999999999e-08
1759811060930007328,169300,1759811060925636992,base_link,-0.06036404406303047,-0.015784231843352623,0.025191508529749544,-0.9977336625476012,1.0,0.0,0.0,0.0,1.0,0.0,0.0,0.0,1.0,-0.05148505046963692,0.01749582588672633,-0.39852234721183777,1.2184696791468346e-07,0.0,0.0,0.0,1.2184696791468346e-07,0.0,0.0,0.0,1.2184696791468346e-07,-0.7417226433753967,-0.4456351995468128,9.697700500488281,8.999999999999999e-08,0.0,0.0,0.0,8.999999999999999e-08,0.0,0.0,0.0,8.999999999999999e-08
1759811060940003232,169301,1759811060935636992,base_link,-0.060003782021582464,-0.0162734737779561,0.027485519347348955,-0.9976870059862996,1.0,0.0,0.0,0.0,1.0,0.0,0.0,0.0,1.0,-0.045067593455314636,0.07787257432937618,-0.30806034803390503,1.2184696791468346e-07,0.0,0.0,0.0,1.2184696791468346e-07,0.0,0.0,0.0,1.2184696791468346e-07,0.10348071157932281,2.6071524620056166,9.457182884216309,8.999999999999999e-08,0.0,0.0,0.0,8.999999999999999e-08,0.0,0.0,0.0,8.999999999999999e-08
1759811060941959616,169302,1759811060937636992,base_link,-0.05984993680489458,-0.01643506347805785,0.02771989797191807,-0.9976871324268451,1.0,0.0,0.0,0.0,1.0,0.0,0.0,0.0,1.0,-0.045743267983198166,0.0710184425115585,-0.18018117547035217,1.2184696791468346e-07,0.0,0.0,0.0,1.2184696791468346e-07,0.0,0.0,0.0,1.2184696791468346e-07,0.7247152924537659,2.6996695995330824,9.998170852661133,8.999999999999999e-08,0.0,0.0,0.0,8.999999999999999e-08,0.0,0.0,0.0,8.999999999999999e-08
1759811060954760640,169303,1759811060942636992,base_link,-0.059596572342160356,-0.016617684455566537,0.02725295303726588,-0.9977121255080121,1.0,0.0,0.0,0.0,1.0,0.0,0.0,0.0,1.0,-0.08189509063959122,0.04055351018905642,0.17805777490139008,1.2184696791468346e-07,0.0,0.0,0.0,1.2184696791468346e-07,0.0,0.0,0.0,1.2184696791468346e-07,-0.08793739229440689,1.947342634201051,9.593868255615234,8.999999999999999e-08,0.0,0.0,0.0,8.999999999999999e-08,0.0,0.0,0.0,8.999999999999999e-08
1759811060961044128,169304,1759811060952636992,base_link,-0.059434945763566165,-0.01636400125729045,0.025367640209676544,-0.9977756829555665,1.0,0.0,0.0,0.0,1.0,0.0,0.0,0.0,1.0,-0.031224394217133522,-0.03484034165740009,0.36647123098373413,1.2184696791468346e-07,0.0,0.0,0.0,1.2184696791468346e-07,0.0,0.0,0.0,1.2184696791468346e-07,-0.9298937320709229,0.863174915313722,10.615962028503418,8.999999999999999e-08,0.0,0.0,0.0,8.999999999999999e-08,0.0,0.0,0.0,8.999999999999999e-08
1759811060966092224,169305,1759811060958635968,base_link,-0.05936215683909883,-0.016210962099080347,0.024502955465627075,-0.9978040899314629,1.0,0.0,0.0,0.0,1.0,0.0,0.0,0.0,1.0,-0.019488567486405373,-0.04247584939002987,0.26409587264060974,1.2184696791468346e-07,0.0,0.0,0.0,1.2184696791468346e-07,0.0,0.0,0.0,1.2184696791468346e-07,-0.04363885149359703,0.9700313210487378,9.597151756286621,8.999999999999999e-08,0.0,0.0,0.0,8.999999999999999e-08,0.0,0.0,0.0,8.999999999999999e-08
1759811060969935872,169306,1759811060963635968,base_link,-0.05936323158373586,-0.016135782658049037,0.02422453338436409,-0.9978120135389829,1.0,0.0,0.0,0.0,1.0,0.0,0.0,0.0,1.0,-0.022519104182720184,-0.016450461000204072,0.1126110702753067,1.2184696791468346e-07,0.0,0.0,0.0,1.2184696791468346e-07,0.0,0.0,0.0,1.2184696791468346e-07,-0.1010841429233551,-0.1819254159927357,9.162881851196289,8.999999999999999e-08,0.0,0.0,0.0,8.999999999999999e-08,0.0,0.0,0.0,8.999999999999999e-08
1759811060976106368,169307,1759811060968635968,base_link,-0.05931794347792189,-0.01612681723311736,0.024601284063202982,-0.9978056493648578,1.0,0.0,0.0,0.0,1.0,0.0,0.0,0.0,1.0,-0.007545239292085171,-0.012063598260283494,-0.20180639624595642,1.2184696791468346e-07,0.0,0.0,0.0,1.2184696791468346e-07,0.0,0.0,0.0,1.2184696791468346e-07,-0.7491021156311035,-0.4041185677051532,9.779818534851074,8.999999999999999e-08,0.0,0.0,0.0,8.999999999999999e-08,0.0,0.0,0.0,8.999999999999999e-08
1759811060981706368,169308,1759811060974635968,base_link,-0.059189950084439384,-0.01621886463317614,0.025541411666086988,-0.9977881162758773,1.0,0.0,0.0,0.0,1.0,0.0,0.0,0.0,1.0,-0.01705833524465561,0.022440055385231923,-0.40403690934181213,1.2184696791468346e-07,0.0,0.0,0.0,1.2184696791468346e-07,0.0,0.0,0.0,1.2184696791468346e-07,-1.3564660549163818,-0.016628209501503767,9.225866317749023,8.999999999999999e-08,0.0,0.0,0.0,8.999999999999999e-08,0.0,0.0,0.0,8.999999999999999e-08
1759811060990904480,169309,1759811060979635968,base_link,-0.05927110647542515,-0.016483718063396626,0.02676493467835823,-0.9977468966580335,1.0,0.0,0.0,0.0,1.0,0.0,0.0,0.0,1.0,-0.006389573682099581,0.06410598009824749,-0.2901657223701477,1.2184696791468346e-07,0.0,0.0,0.0,1.2184696791468346e-07,0.0,0.0,0.0,1.2184696791468346e-07,-1.0637853145599365,1.8236154317855846,9.305782318115234,8.999999999999999e-08,0.0,0.0,0.0,8.999999999999999e-08,0.0,0.0,0.0,8.999999999999999e-08
1759811060995265344,169310,1759811060989635968,base_link,-0.05916074890386642,-0.016858952772778133,0.027423142011552864,-0.9977293214222045,1.0,0.0,0.0,0.0,1.0,0.0,0.0,0.0,1.0,-0.004154760390520096,0.0696311369538307,-0.14522670209407806,1.2184696791468346e-07,0.0,0.0,0.0,1.2184696791468346e-07,0.0,0.0,0.0,1.2184696791468346e-07,1.04518723487854,2.586964607238771,10.226329803466797,8.999999999999999e-08,0.0,0.0,0.0,8.999999999999999e-08,0.0,0.0,0.0,8.999999999999999e-08
1759811061000606656,169311,1759811060995635968,base_link,-0.058854465121559715,-0.01693041012025032,0.02664152870591832,-0.9977673800264099,1.0,0.0,0.0,0.0,1.0,0.0,0.0,0.0,1.0,-0.06872056424617767,0.05254995450377467,0.22710098326206207,1.2184696791468346e-07,0.0,0.0,0.0,1.2184696791468346e-07,0.0,0.0,0.0,1.2184696791468346e-07,-0.034975163638591766,1.8359833955764782,9.536639213562012,8.999999999999999e-08,0.0,0.0,0.0,8.999999999999999e-08,0.0,0.0,0.0,8.999999999999999e-08
1759811061010088864,169312,1759811061005635968,base_link,-0.05878998834587214,-0.016665093074696213,0.024468268609302585,-0.9978313589424493,1.0,0.0,0.0,0.0,1.0,0.0,0.0,0.0,1.0,-0.032935939729213715,-0.03203009814023966,0.43034616112709045,1.2184696791468346e-07,0.0,0.0,0.0,1.2184696791468346e-07,0.0,0.0,0.0,1.2184696791468346e-07,-1.1441690921783447,0.836508333683015,9.484720230102539,8.999999999999999e-08,0.0,0.0,0.0,8.999999999999999e-08,0.0,0.0,0.0,8.999999999999999e-08
1759811061020843104,169313,1759811061016635968,base_link,-0.0587618368852449,-0.01630640495462228,0.023592878565731303,-0.9978600187994369,1.0,0.0,0.0,0.0,1.0,0.0,0.0,0.0,1.0,0.01049838401377201,-0.05389123409986494,0.15808534622192383,1.2184696791468346e-07,0.0,0.0,0.0,1.2184696791468346e-07,0.0,0.0,0.0,1.2184696791468346e-07,-0.4068891406059265,0.2383128851652157,9.561814308166504,8.999999999999999e-08,0.0,0.0,0.0,8.999999999999999e-08,0.0,0.0,0.0,8.999999999999999e-08
1759811061026348288,169314,1759811061021635968,base_link,-0.058745972548047594,-0.016029807041646426,0.024212437238841485,-0.9978505779053704,1.0,0.0,0.0,0.0,1.0,0.0,0.0,0.0,1.0,0.011453592218458652,-0.07196950167417528,-0.16045695543289185,1.2184696791468346e-07,0.0,0.0,0.0,1.2184696791468346e-07,0.0,0.0,0.0,1.2184696791468346e-07,-0.8762000799179077,-0.25602993369102356,10.089534759521484,8.999999999999999e-08,0.0,0.0,0.0,8.999999999999999e-08,0.0,0.0,0.0,8.999999999999999e-08
1759811061033006176,169315,1759811061027635968,base_link,-0.05862641379262333,-0.016159823483857454,0.025223708722011837,-0.9978304317117822,1.0,0.0,0.0,0.0,1.0,0.0,0.0,0.0,1.0,-0.019212907180190086,-0.02222591452300553,-0.35954174399375916,1.2184696791468346e-07,0.0,0.0,0.0,1.2184696791468346e-07,0.0,0.0,0.0,1.2184696791468346e-07,-1.0790835618972778,0.6695698499679578,9.597946166992188,8.999999999999999e-08,0.0,0.0,0.0,8.999999999999999e-08,0.0,0.0,0.0,8.999999999999999e-08
1759811061038051776,169316,1759811061032635968,base_link,-0.058764644919026936,-0.016258605160054864,0.026199618999281575,-0.9977955762680637,1.0,0.0,0.0,0.0,1.0,0.0,0.0,0.0,1.0,0.012899353168904781,0.01883075200021262,-0.38462507724761963,1.2184696791468346e-07,0.0,0.0,0.0,1.2184696791468346e-07,0.0,0.0,0.0,1.2184696791468346e-07,-0.4547177851200104,1.8859479427337658,9.25219440460205,8.999999999999999e-08,0.0,0.0,0.0,8.999999999999999e-08,0.0,0.0,0.0,8.999999999999999e-08
1759811061044169984,169317,1759811061037635968,base_link,-0.058454786557130906,-0.016272492546639202,0.026642034468100484,-0.9978018561484918,1.0,0.0,0.0,0.0,1.0,0.0,0.0,0.0,1.0,-0.021590040996670723,0.01578918844461439,-0.1668996810913086,1.2184696791468346e-07,0.0,0.0,0.0,1.2184696791468346e-07,0.0,0.0,0.0,1.2184696791468346e-07,0.6862903833389282,2.7170407772064222,10.495176315307617,8.999999999999999e-08,0.0,0.0,0.0,8.999999999999999e-08,0.0,0.0,0.0,8.999999999999999e-08
1759811061052956096,169318,1759811061048635968,base_link,-0.05827719949384124,-0.01620294629532918,0.025157791050940785,-0.9978519266045227,1.0,0.0,0.0,0.0,1.0,0.0,0.0,0.0,1.0,-0.06809541583061218,-0.009531023912131752,0.28784793615341187,1.2184696791468346e-07,0.0,0.0,0.0,1.2184696791468346e-07,0.0,0.0,0.0,1.2184696791468346e-07,-0.36043262481689453,1.700288772583009,9.462701797485352,8.999999999999999e-08,0.0,0.0,0.0,8.999999999999999e-08,0.0,0.0,0.0,8.999999999999999e-08
1759811061057949952,169319,1759811061053635968,base_link,-0.058194162299740684,-0.016031917018250005,0.023960104056806725,-0.9978889736843638,1.0,0.0,0.0,0.0,1.0,0.0,0.0,0.0,1.0,-0.04622473567724228,-0.050032213330268804,0.44939908385276794,1.2184696791468346e-07,0.0,0.0,0.0,1.2184696791468346e-07,0.0,0.0,0.0,1.2184696791468346e-07,-0.5543988943099976,0.7486768364906323,10.392810821533203,8.999999999999999e-08,0.0,0.0,0.0,8.999999999999999e-08,0.0,0.0,0.0,8.999999999999999e-08
1759811061068105184,169320,1759811061064637760,base_link,-0.057995887719277245,-0.015395241456288377,0.022587886962989023,-0.9979425001819726,1.0,0.0,0.0,0.0,1.0,0.0,0.0,0.0,1.0,-0.03845907002687454,-0.10280402749776837,0.28236737847328186,1.2184696791468346e-07,0.0,0.0,0.0,1.2184696791468346e-07,0.0,0.0,0.0,1.2184696791468346e-07,-0.6792625188827515,0.42565169930458185,9.639115333557129,8.999999999999999e-08,0.0,0.0,0.0,8.999999999999999e-08,0.0,0.0,0.0,8.999999999999999e-08
1759811061073908672,169321,1759811061069637760,base_link,-0.05808774282433969,-0.015288619149178926,0.02272886817125799,-0.9979356302456653,1.0,0.0,0.0,0.0,1.0,0.0,0.0,0.0,1.0,0.008960366249084473,-0.07562700659036636,-0.008926894515752784,1.2184696791468346e-07,0.0,0.0,0.0,1.2184696791468346e-07,0.0,0.0,0.0,1.2184696791468346e-07,-0.7001112699508667,-0.24269485473632696,9.562331199645996,8.999999999999999e-08,0.0,0.0,0.0,8.999999999999999e-08,0.0,0.0,0.0,8.999999999999999e-08
1759811061083229280,169322,1759811061078637760,base_link,-0.05796245078042893,-0.015251793340292532,0.023694916085976174,-0.9979210052892321,1.0,0.0,0.0,0.0,1.0,0.0,0.0,0.0,1.0,-0.029753783717751503,-0.02509347908198838,-0.37075766921043396,1.2184696791468346e-07,0.0,0.0,0.0,1.2184696791468346e-07,0.0,0.0,0.0,1.2184696791468346e-07,-0.9500999450683594,-0.03282806649803998,9.573780059814453,8.999999999999999e-08,0.0,0.0,0.0,8.999999999999999e-08,0.0,0.0,0.0,8.999999999999999e-08
1759811061090494592,169323,1759811061085637760,base_link,-0.05778282222916452,-0.015466835781018224,0.02548463986114282,-0.9978840003562395,1.0,0.0,0.0,0.0,1.0,0.0,0.0,0.0,1.0,-0.034750960767269135,0.03166956827044483,-0.3666456937789917,1.2184696791468346e-07,0.0,0.0,0.0,1.2184696791468346e-07,0.0,0.0,0.0,1.2184696791468346e-07,0.31785744428634644,2.823792934417726,9.314994812011719,8.999999999999999e-08,0.0,0.0,0.0,8.999999999999999e-08,0.0,0.0,0.0,8.999999999999999e-08
1759811061100958656,169324,1759811061095637760,base_link,-0.05746330038515835,-0.015490091621773127,0.02495430606633019,-0.9979155683457742,1.0,0.0,0.0,0.0,1.0,0.0,0.0,0.0,1.0,-0.07633747905492783,0.033158317208290114,0.11387775838375092,1.2184696791468346e-07,0.0,0.0,0.0,1.2184696791468346e-07,0.0,0.0,0.0,1.2184696791468346e-07,0.39445531368255615,2.0255534648895277,10.295706748962402,8.999999999999999e-08,0.0,0.0,0.0,8.999999999999999e-08,0.0,0.0,0.0,8.999999999999999e-08
1759811061110096320,169325,1759811061101637760,base_link,-0.05725472353441203,-0.015354081107450441,0.023998036220466538,-0.9979531211877973,1.0,0.0,0.0,0.0,1.0,0.0,0.0,0.0,1.0,-0.04871135577559471,-0.024651516228914212,0.3985487222671509,1.2184696791468346e-07,0.0,0.0,0.0,1.2184696791468346e-07,0.0,0.0,0.0,1.2184696791468346e-07,-0.8837538957595825,0.8321468830108654,9.13684368133545,8.999999999999999e-08,0.0,0.0,0.0,8.999999999999999e-08,0.0,0.0,0.0,8.999999999999999e-08
1759811061112133920,169326,1759811061106637760,base_link,-0.05736796026255966,-0.015087909271124966,0.02298887207972168,-0.9979743631994469,1.0,0.0,0.0,0.0,1.0,0.0,0.0,0.0,1.0,-0.01229879166930914,-0.061129968613386106,0.40578019618988037,1.2184696791468346e-07,0.0,0.0,0.0,1.2184696791468346e-07,0.0,0.0,0.0,1.2184696791468346e-07,-0.5615474581718445,1.1791098117828382,10.49047565460205,8.999999999999999e-08,0.0,0.0,0.0,8.999999999999999e-08,0.0,0.0,0.0,8.999999999999999e-08
1759811061119799808,169327,1759811061115637760,base_link,-0.057216098581929824,-0.014904866825131171,0.02210374611414439,-0.9980058468952845,1.0,0.0,0.0,0.0,1.0,0.0,0.0,0.0,1.0,-0.022717105224728584,-0.06523939967155454,0.2563770115375519,1.2184696791468346e-07,0.0,0.0,0.0,1.2184696791468346e-07,0.0,0.0,0.0,1.2184696791468346e-07,-0.43203768134117126,0.7449776530265819,8.814213752746582,8.999999999999999e-08,0.0,0.0,0.0,8.999999999999999e-08,0.0,0.0,0.0,8.999999999999999e-08
1759811061126141824,169328,1759811061116637760,base_link,-0.05721131623171285,-0.014729560960017157,0.021837040856767475,-0.9980146134397747,1.0,0.0,0.0,0.0,1.0,0.0,0.0,0.0,1.0,0.025450656190514565,-0.06464912742376328,-0.004596041515469543,1.2184696791468346e-07,0.0,0.0,0.0,1.2184696791468346e-07,0.0,0.0,0.0,1.2184696791468346e-07,-0.48770567774772644,0.13807328045368314,9.762819290161133,8.999999999999999e-08,0.0,0.0,0.0,8.999999999999999e-08,0.0,0.0,0.0,8.999999999999999e-08
1759811061133892672,169329,1759811061127637760,base_link,-0.057176280346799155,-0.014709252764479984,0.023335445615026762,-0.9979830033033916,1.0,0.0,0.0,0.0,1.0,0.0,0.0,0.0,1.0,-0.005718143656849861,-0.010098535567522096,-0.3808225095272064,1.2184696791468346e-07,0.0,0.0,0.0,1.2184696791468346e-07,0.0,0.0,0.0,1.2184696791468346e-07,-1.0399783849716187,0.615759074687959,9.8063383102417,8.999999999999999e-08,0.0,0.0,0.0,8.999999999999999e-08,0.0,0.0,0.0,8.999999999999999e-08
1759811061143910688,169330,1759811061132637760,base_link,-0.057261833180920214,-0.014747896156208412,0.024470797420213224,-0.9979502973489471,1.0,0.0,0.0,0.0,1.0,0.0,0.0,0.0,1.0,-0.0008074979996308684,0.03885533660650248,-0.43288201093673706,1.2184696791468346e-07,0.0,0.0,0.0,1.2184696791468346e-07,0.0,0.0,0.0,1.2184696791468346e-07,-0.09135811030864716,1.618553638458253,9.156485557556152,8.999999999999999e-08,0.0,0.0,0.0,8.999999999999999e-08,0.0,0.0,0.0,8.999999999999999e-08
1759811061146275424,169331,1759811061138637760,base_link,-0.05708327278884775,-0.01501685626998068,0.025093011344779544,-0.9979410671891232,1.0,0.0,0.0,0.0,1.0,0.0,0.0,0.0,1.0,-0.015244985930621624,0.05635512992739673,-0.3142591416835785,1.2184696791468346e-07,0.0,0.0,0.0,1.2184696791468346e-07,0.0,0.0,0.0,1.2184696791468346e-07,0.8157774806022644,3.2788908481597914,10.043473243713379,8.999999999999999e-08,0.0,0.0,0.0,8.999999999999999e-08,0.0,0.0,0.0,8.999999999999999e-08
1759811061154752512,169332,1759811061148637760,base_link,-0.057007463779266805,-0.015110414371140772,0.024253193241351508,-0.9979647537179864,1.0,0.0,0.0,0.0,1.0,0.0,0.0,0.0,1.0,-0.03811745345592499,0.004816405009478364,0.26723459362983704,1.2184696791468346e-07,0.0,0.0,0.0,1.2184696791468346e-07,0.0,0.0,0.0,1.2184696791468346e-07,-0.20992638170719147,1.3239399194717418,9.750285148620605,8.999999999999999e-08,0.0,0.0,0.0,8.999999999999999e-08,0.0,0.0,0.0,8.999999999999999e-08
1759811061159817376,169333,1759811061154637760,base_link,-0.056899130573525615,-0.015033080172479342,0.023205928349552773,-0.9979970382039457,1.0,0.0,0.0,0.0,1.0,0.0,0.0,0.0,1.0,-0.03525497764348984,-0.015547449700534299,0.37507328391075134,1.2184696791468346e-07,0.0,0.0,0.0,1.2184696791468346e-07,0.0,0.0,0.0,1.2184696791468346e-07,-1.0364969968795776,1.119263529777528,9.840998649597168,8.999999999999999e-08,0.0,0.0,0.0,8.999999999999999e-08,0.0,0.0,0.0,8.999999999999999e-08
1759811061165936608,169334,1759811061159636736,base_link,-0.056960379164035055,-0.014776059470636801,0.022289487275531917,-0.9980182802155952,1.0,0.0,0.0,0.0,1.0,0.0,0.0,0.0,1.0,-0.00837619323283434,-0.05605449900031085,0.3917389512062073,1.2184696791468346e-07,0.0,0.0,0.0,1.2184696791468346e-07,0.0,0.0,0.0,1.2184696791468346e-07,-0.1524135321378708,0.9806410074234021,10.308351516723633,8.999999999999999e-08,0.0,0.0,0.0,8.999999999999999e-08,0.0,0.0,0.0,8.999999999999999e-08
1759811061172076000,169335,1759811061164636736,base_link,-0.056884117075832616,-0.014549796748584096,0.02140027306564907,-0.9980454227860363,1.0,0.0,0.0,0.0,1.0,0.0,0.0,0.0,1.0,0.0072179147973656654,-0.05696373060345647,0.24201130867004395,1.2184696791468346e-07,0.0,0.0,0.0,1.2184696791468346e-07,0.0,0.0,0.0,1.2184696791468346e-07,-0.09161894023418427,0.7091087698936474,9.493023872375488,8.999999999999999e-08,0.0,0.0,0.0,8.999999999999999e-08,0.0,0.0,0.0,8.999999999999999e-08
1759811061182547712,169336,1759811061175636736,base_link,-0.05716466889003441,-0.014374464541689762,0.02200706124366041,-0.9980187438309288,1.0,0.0,0.0,0.0,1.0,0.0,0.0,0.0,1.0,0.04319870099425316,-0.04988161474466325,-0.09836176037788391,1.2184696791468346e-07,0.0,0.0,0.0,1.2184696791468346e-07,0.0,0.0,0.0,1.2184696791468346e-07,-1.429908037185669,-1.3165479898452745,10.044829368591309,8.999999999999999e-08,0.0,0.0,0.0,8.999999999999999e-08,0.0,0.0,0.0,8.999999999999999e-08
1759811061189791872,169337,1759811061185636736,base_link,-0.05710284868289204,-0.014631140166210121,0.024473410524820924,-0.997961086942166,1.0,0.0,0.0,0.0,1.0,0.0,0.0,0.0,1.0,0.02070096880197525,0.01987375132739538,-0.49143773317337036,1.2184696791468346e-07,0.0,0.0,0.0,1.2184696791468346e-07,0.0,0.0,0.0,1.2184696791468346e-07,0.4133296608924866,1.994463086128236,9.162205696105957,8.999999999999999e-08,0.0,0.0,0.0,8.999999999999999e-08,0.0,0.0,0.0,8.999999999999999e-08
1759811061197698688,169338,1759811061190636736,base_link,-0.05702088096507245,-0.014817537237927583,0.025141564514264098,-0.9979464619857327,1.0,0.0,0.0,0.0,1.0,0.0,0.0,0.0,1.0,-0.020304139703512192,0.04602519050240514,-0.20418676733970642,1.2184696791468346e-07,0.0,0.0,0.0,1.2184696791468346e-07,0.0,0.0,0.0,1.2184696791468346e-07,1.1044888496398926,3.0663766860961927,9.991792678833008,8.999999999999999e-08,0.0,0.0,0.0,8.999999999999999e-08,0.0,0.0,0.0,8.999999999999999e-08
1759811061206756000,169339,1759811061201636736,base_link,-0.05683084214222584,-0.014852428243049524,0.024592770399803763,-0.9979704435425354,1.0,0.0,0.0,0.0,1.0,0.0,0.0,0.0,1.0,-0.04439282789826393,-0.005749364849179964,0.15897324681282043,1.2184696791468346e-07,0.0,0.0,0.0,1.2184696791468346e-07,0.0,0.0,0.0,1.2184696791468346e-07,0.12461413443088531,2.113022089004518,9.654132843017578,8.999999999999999e-08,0.0,0.0,0.0,8.999999999999999e-08,0.0,0.0,0.0,8.999999999999999e-08
1759811061212968160,169340,1759811061206636736,base_link,-0.05681036799347266,-0.01476721916916164,0.023810524891441566,-0.9979917698478818,1.0,0.0,0.0,0.0,1.0,0.0,0.0,0.0,1.0,-0.012474488466978073,-0.027093697339296306,0.28986069560050964,1.2184696791468346e-07,0.0,0.0,0.0,1.2184696791468346e-07,0.0,0.0,0.0,1.2184696791468346e-07,-0.8748513460159302,1.8067233562469494,9.646143913269043,8.999999999999999e-08,0.0,0.0,0.0,8.999999999999999e-08,0.0,0.0,0.0,8.999999999999999e-08
1759811061221808448,169341,1759811061217636736,base_link,-0.056693476343305724,-0.014248383561458439,0.022461277830062312,-0.9980372462974251,1.0,0.0,0.0,0.0,1.0,0.0,0.0,0.0,1.0,-0.007866053842008114,-0.07280419021844861,0.26635295152664185,1.2184696791468346e-07,0.0,0.0,0.0,1.2184696791468346e-07,0.0,0.0,0.0,1.2184696791468346e-07,-0.34510889649391174,0.19808804988861203,9.712525367736816,8.999999999999999e-08,0.0,0.0,0.0,8.999999999999999e-08,0.0,0.0,0.0,8.999999999999999e-08
1759811061228870688,169342,1759811061222636736,base_link,-0.05689586155858799,-0.014051098114845992,0.02246022415884957,-0.9980286061934804,1.0,0.0,0.0,0.0,1.0,0.0,0.0,0.0,1.0,0.0527561753988266,-0.06380879133939743,-0.014567567966878405,1.2184696791468346e-07,0.0,0.0,0.0,1.2184696791468346e-07,0.0,0.0,0.0,1.2184696791468346e-07,-0.89433354139328,-0.3020072281360615,9.21854305267334,8.999999999999999e-08,0.0,0.0,0.0,8.999999999999999e-08,0.0,0.0,0.0,8.999999999999999e-08
1759811061236784800,169343,1759811061233636736,base_link,-0.056916722931511864,-0.014034709576220335,0.024678749970765974,-0.9979752482832656,1.0,0.0,0.0,0.0,1.0,0.0,0.0,0.0,1.0,0.02175731025636196,-0.03219564259052282,-0.43230730295181274,1.2184696791468346e-07,0.0,0.0,0.0,1.2184696791468346e-07,0.0,0.0,0.0,1.2184696791468346e-07,-1.2030130624771118,1.3078207969665538,9.275052070617676,8.999999999999999e-08,0.0,0.0,0.0,8.999999999999999e-08,0.0,0.0,0.0,8.999999999999999e-08
1759811061248343072,169344,1759811061242636736,base_link,-0.05668935517177477,-0.01411082283336396,0.02599583898673142,-0.997953669096828,1.0,0.0,0.0,0.0,1.0,0.0,0.0,0.0,1.0,0.008038874715566635,0.018484506756067224,-0.4365310072898865,1.2184696791468346e-07,0.0,0.0,0.0,1.2184696791468346e-07,0.0,0.0,0.0,1.2184696791468346e-07,0.20145834982395172,2.740829706192018,9.779464721679688,8.999999999999999e-08,0.0,0.0,0.0,8.999999999999999e-08,0.0,0.0,0.0,8.999999999999999e-08
1759811061254564800,169345,1759811061249636736,base_link,-0.05646450700332521,-0.014221790217137082,0.0263573746532579,-0.9979553549707685,1.0,0.0,0.0,0.0,1.0,0.0,0.0,0.0,1.0,-0.06356477737426758,0.011650267988443364,-0.07803303003311157,1.2184696791468346e-07,0.0,0.0,0.0,1.2184696791468346e-07,0.0,0.0,0.0,1.2184696791468346e-07,0.607880175113678,2.3256168365478525,8.960515975952148,8.999999999999999e-08,0.0,0.0,0.0,8.999999999999999e-08,0.0,0.0,0.0,8.999999999999999e-08
1759811061262907232,169346,1759811061258635712,base_link,-0.05624650769775868,-0.014068423103762,0.02565230002451913,-0.9979881873657585,1.0,0.0,0.0,0.0,1.0,0.0,0.0,0.0,1.0,-0.06042692810297012,-0.01707435585558411,0.28778380155563354,1.2184696791468346e-07,0.0,0.0,0.0,1.2184696791468346e-07,0.0,0.0,0.0,1.2184696791468346e-07,-0.5972927808761597,1.3563275337219252,10.46552562713623,8.999999999999999e-08,0.0,0.0,0.0,8.999999999999999e-08,0.0,0.0,0.0,8.999999999999999e-08
1759811061268815424,169347,1759811061259635712,base_link,-0.05616179648351883,-0.014081194915949818,0.024753392039478794,-0.9980154985235935,1.0,0.0,0.0,0.0,1.0,0.0,0.0,0.0,1.0,-0.05026274174451828,-0.08292151242494579,0.35874316096305847,1.2184696791468346e-07,0.0,0.0,0.0,1.2184696791468346e-07,0.0,0.0,0.0,1.2184696791468346e-07,-0.8425849676132202,1.6679710149765028,10.033224105834961,8.999999999999999e-08,0.0,0.0,0.0,8.999999999999999e-08,0.0,0.0,0.0,8.999999999999999e-08
1759811061276840224,169348,1759811061270635712,base_link,-0.05588436353610685,-0.013577952325106632,0.023336457139391066,-0.9980721860348407,1.0,0.0,0.0,0.0,1.0,0.0,0.0,0.0,1.0,-0.03738093376159668,-0.08992464095354077,0.18581825494766235,1.2184696791468346e-07,0.0,0.0,0.0,1.2184696791468346e-07,0.0,0.0,0.0,1.2184696791468346e-07,-0.321135550737381,-0.05779657140374067,9.494572639465332,8.999999999999999e-08,0.0,0.0,0.0,8.999999999999999e-08,0.0,0.0,0.0,8.999999999999999e-08
1759811061282448320,169349,1759811061275635712,base_link,-0.05586273034901962,-0.013302128860472164,0.023602867368828426,-0.9980708794825368,1.0,0.0,0.0,0.0,1.0,0.0,0.0,0.0,1.0,-0.0100582055747509,-0.046628538519144065,-0.06961126625537872,1.2184696791468346e-07,0.0,0.0,0.0,1.2184696791468346e-07,0.0,0.0,0.0,1.2184696791468346e-07,-0.9487859010696411,-0.587625503540038,9.125594139099121,8.999999999999999e-08,0.0,0.0,0.0,8.999999999999999e-08,0.0,0.0,0.0,8.999999999999999e-08
1759811061287833792,169350,1759811061280635712,base_link,-0.055731271694336115,-0.013260574702018454,0.02449793999065426,-0.9980571817567707,1.0,0.0,0.0,0.0,1.0,0.0,0.0,0.0,1.0,-0.02404068596661091,-0.05946619436144832,-0.2755330204963684,1.2184696791468346e-07,0.0,0.0,0.0,1.2184696791468346e-07,0.0,0.0,0.0,1.2184696791468346e-07,-0.7109580039978027,0.0495240688323988,10.932783126831055,8.999999999999999e-08,0.0,0.0,0.0,8.999999999999999e-08,0.0,0.0,0.0,8.999999999999999e-08
1759811061299689024,169351,1759811061291635712,base_link,-0.055697249967964706,-0.013375639549720243,0.026560817491019982,-0.9980047932240718,1.0,0.0,0.0,0.0,1.0,0.0,0.0,0.0,1.0,-0.01781216450035572,0.0038579562678932645,-0.40643244981765747,1.2184696791468346e-07,0.0,0.0,0.0,1.2184696791468346e-07,0.0,0.0,0.0,1.2184696791468346e-07,0.1658942699432373,1.6703782081604017,10.1414213180542,8.999999999999999e-08,0.0,0.0,0.0,8.999999999999999e-08,0.0,0.0,0.0,8.999999999999999e-08
1759811061308953088,169352,1759811061302635712,base_link,-0.05519154837192872,-0.0134839701212834,0.026699354182075245,-0.9980276789628132,1.0,0.0,0.0,0.0,1.0,0.0,0.0,0.0,1.0,-0.08485288918018341,0.007614438422024245,-0.04060445353388786,1.2184696791468346e-07,0.0,0.0,0.0,1.2184696791468346e-07,0.0,0.0,0.0,1.2184696791468346e-07,0.2194966971874237,2.4917788505554213,9.492942810058594,8.999999999999999e-08,0.0,0.0,0.0,8.999999999999999e-08,0.0,0.0,0.0,8.999999999999999e-08
1759811061316812736,169353,1759811061313635712,base_link,-0.05484212202181505,-0.013226497657908383,0.024706271862843587,-0.9981017309756468,1.0,0.0,0.0,0.0,1.0,0.0,0.0,0.0,1.0,-0.08317118883132935,-0.036973275244235944,0.38327983021736145,1.2184696791468346e-07,0.0,0.0,0.0,1.2184696791468346e-07,0.0,0.0,0.0,1.2184696791468346e-07,-0.5203184485435486,1.347063422203065,9.504212379455566,8.999999999999999e-08,0.0,0.0,0.0,8.999999999999999e-08,0.0,0.0,0.0,8.999999999999999e-08
1759811061322919840,169354,1759811061317635712,base_link,-0.05473839599345171,-0.012980868458964923,0.023736852200244504,-0.9981342261958487,1.0,0.0,0.0,0.0,1.0,0.0,0.0,0.0,1.0,-0.06410495191812515,-0.057823829352855634,0.39322561025619507,1.2184696791468346e-07,0.0,0.0,0.0,1.2184696791468346e-07,0.0,0.0,0.0,1.2184696791468346e-07,-0.13893219828605652,0.6052386760711682,10.161519050598145,8.999999999999999e-08,0.0,0.0,0.0,8.999999999999999e-08,0.0,0.0,0.0,8.999999999999999e-08
1759811061328876992,169355,1759811061323635712,base_link,-0.05468886949518436,-0.012932972516899342,0.02316108410273723,-0.9981510427884046,1.0,0.0,0.0,0.0,1.0,0.0,0.0,0.0,1.0,-0.03713260963559151,-0.021923569962382292,0.2013113647699356,1.2184696791468346e-07,0.0,0.0,0.0,1.2184696791468346e-07,0.0,0.0,0.0,1.2184696791468346e-07,-0.23211807012557983,-0.054763749241827774,9.371071815490723,8.999999999999999e-08,0.0,0.0,0.0,8.999999999999999e-08,0.0,0.0,0.0,8.999999999999999e-08
1759811061338973120,169356,1759811061328635712,base_link,-0.05457932851881553,-0.012845814151267829,0.02325865405703993,-0.9981558896759832,1.0,0.0,0.0,0.0,1.0,0.0,0.0,0.0,1.0,-0.010019511915743351,-0.014325078576803221,-0.1096673533320427,1.2184696791468346e-07,0.0,0.0,0.0,1.2184696791468346e-07,0.0,0.0,0.0,1.2184696791468346e-07,-0.7046105265617371,-0.48449891805648676,10.22830581665039,8.999999999999999e-08,0.0,0.0,0.0,8.999999999999999e-08,0.0,0.0,0.0,8.999999999999999e-08
1759811061342811360,169357,1759811061333635712,base_link,-0.05454800155657079,-0.012940556315453268,0.024116215983691108,-0.9981360385103347,1.0,0.0,0.0,0.0,1.0,0.0,0.0,0.0,1.0,-0.02383674867451191,0.03526775538921351,-0.37470686435699463,1.2184696791468346e-07,0.0,0.0,0.0,1.2184696791468346e-07,0.0,0.0,0.0,1.2184696791468346e-07,-0.9403917193412781,-0.34081003069877513,9.290666580200195,8.999999999999999e-08,0.0,0.0,0.0,8.999999999999999e-08,0.0,0.0,0.0,8.999999999999999e-08
1759811061349289728,169358,1759811061344635712,base_link,-0.054207580144059284,-0.013452009639221984,0.026189419461941994,-0.9980955775357642,1.0,0.0,0.0,0.0,1.0,0.0,0.0,0.0,1.0,-0.04310004413127899,0.07241313159465784,-0.4259457290172577,1.2184696791468346e-07,0.0,0.0,0.0,1.2184696791468346e-07,0.0,0.0,0.0,1.2184696791468346e-07,0.752041757106781,2.047395229339601,9.898637771606445,8.999999999999999e-08,0.0,0.0,0.0,8.999999999999999e-08,0.0,0.0,0.0,8.999999999999999e-08
1759811061354906784,169359,1759811061349635712,base_link,-0.05407788375447914,-0.013610186761683369,0.026359144820895308,-0.9980959568574008,1.0,0.0,0.0,0.0,1.0,0.0,0.0,0.0,1.0,-0.06745917350053787,0.07422406226396559,-0.16715025901794434,1.2184696791468346e-07,0.0,0.0,0.0,1.2184696791468346e-07,0.0,0.0,0.0,1.2184696791468346e-07,0.9182215332984924,2.746433496475221,9.888877868652344,8.999999999999999e-08,0.0,0.0,0.0,8.999999999999999e-08,0.0,0.0,0.0,8.999999999999999e-08
1759811061361435552,169360,1759811061355635712,base_link,-0.05372189434979892,-0.013796324366864687,0.02581953871941036,-0.9981267662036623,1.0,0.0,0.0,0.0,1.0,0.0,0.0,0.0,1.0,-0.11448324471712112,0.06479776650667192,0.12193084508180617,1.2184696791468346e-07,0.0,0.0,0.0,1.2184696791468346e-07,0.0,0.0,0.0,1.2184696791468346e-07,-0.12907767295837402,1.9008686542510997,9.517678260803223,8.999999999999999e-08,0.0,0.0,0.0,8.999999999999999e-08,0.0,0.0,0.0,8.999999999999999e-08
1759811061366820320,169361,1759811061360635456,base_link,-0.05367414328752509,-0.013810679320049694,0.02500720036121137,-0.9981497783829492,1.0,0.0,0.0,0.0,1.0,0.0,0.0,0.0,1.0,-0.09584304690361023,0.033358808606863063,0.33950620889663696,1.2184696791468346e-07,0.0,0.0,0.0,1.2184696791468346e-07,0.0,0.0,0.0,1.2184696791468346e-07,-0.3342202305793762,1.0642627477645887,10.030962944030762,8.999999999999999e-08,0.0,0.0,0.0,8.999999999999999e-08,0.0,0.0,0.0,8.999999999999999e-08
1759811061375942976,169362,1759811061365635456,base_link,-0.053431153534969626,-0.013748388912128623,0.02376635499420218,-0.9981940747207342,1.0,0.0,0.0,0.0,1.0,0.0,0.0,0.0,1.0,-0.05080657824873924,-0.006036175880581088,0.43526870012283325,1.2184696791468346e-07,0.0,0.0,0.0,1.2184696791468346e-07,0.0,0.0,0.0,1.2184696791468346e-07,-0.35640937089920044,1.7184021472930922,10.434228897094727,8.999999999999999e-08,0.0,0.0,0.0,8.999999999999999e-08,0.0,0.0,0.0,8.999999999999999e-08
1759811061380855200,169363,1759811061376635456,base_link,-0.05324398069782176,-0.01363633492991733,0.02234297162629225,-0.9982384132053675,1.0,0.0,0.0,0.0,1.0,0.0,0.0,0.0,1.0,-0.01964869163930416,-0.008201563730835885,0.23555341362953186,1.2184696791468346e-07,0.0,0.0,0.0,1.2184696791468346e-07,0.0,0.0,0.0,1.2184696791468346e-07,-0.6356711983680725,-0.06785561144351844,9.447678565979004,8.999999999999999e-08,0.0,0.0,0.0,8.999999999999999e-08,0.0,0.0,0.0,8.999999999999999e-08
1759811061386828800,169364,1759811061381635456,base_link,-0.053258703118842225,-0.01363076891173586,0.02255593965181777,-0.9982329762619098,1.0,0.0,0.0,0.0,1.0,0.0,0.0,0.0,1.0,0.002005814341828227,-0.01174597162753344,-0.021841509267687798,1.2184696791468346e-07,0.0,0.0,0.0,1.2184696791468346e-07,0.0,0.0,0.0,1.2184696791468346e-07,-1.2643686532974243,-1.234105348587035,9.927229881286621,8.999999999999999e-08,0.0,0.0,0.0,8.999999999999999e-08,0.0,0.0,0.0,8.999999999999999e-08
1759811061393462560,169365,1759811061386635456,base_link,-0.053181646825963165,-0.013785933851617735,0.023689984904700413,-0.998208657530319,1.0,0.0,0.0,0.0,1.0,0.0,0.0,0.0,1.0,-0.02843533456325531,0.031562022864818524,-0.39005690813064575,1.2184696791468346e-07,0.0,0.0,0.0,1.2184696791468346e-07,0.0,0.0,0.0,1.2184696791468346e-07,-0.9866504669189453,-0.4968288540840137,9.640722274780273,8.999999999999999e-08,0.0,0.0,0.0,8.999999999999999e-08,0.0,0.0,0.0,8.999999999999999e-08
1759811061397956288,169366,1759811061391635456,base_link,-0.05313282497031936,-0.013969467571814486,0.024913423623274644,-0.9981789018552703,1.0,0.0,0.0,0.0,1.0,0.0,0.0,0.0,1.0,-0.0198198352009058,0.0673310905694961,-0.48478376865386963,1.2184696791468346e-07,0.0,0.0,0.0,1.2184696791468346e-07,0.0,0.0,0.0,1.2184696791468346e-07,-0.14568206667900085,1.6764920949935924,9.660025596618652,8.999999999999999e-08,0.0,0.0,0.0,8.999999999999999e-08,0.0,0.0,0.0,8.999999999999999e-08
1759811061407180448,169367,1759811061402635456,base_link,-0.05284838774352048,-0.014446573848224856,0.025993352322669288,-0.9981597250391978,1.0,0.0,0.0,0.0,1.0,0.0,0.0,0.0,1.0,-0.039763931185007095,0.06344506889581678,-0.21401692926883698,1.2184696791468346e-07,0.0,0.0,0.0,1.2184696791468346e-07,0.0,0.0,0.0,1.2184696791468346e-07,0.6541197299957275,2.2466886043548597,9.81510066986084,8.999999999999999e-08,0.0,0.0,0.0,8.999999999999999e-08,0.0,0.0,0.0,8.999999999999999e-08
1759811061420203392,169368,1759811061411635456,base_link,-0.05238136246643831,-0.014680816812625291,0.02543537019523355,-0.9981952548324925,1.0,0.0,0.0,0.0,1.0,0.0,0.0,0.0,1.0,-0.07727368921041489,0.0351325832307339,0.21867352724075317,1.2184696791468346e-07,0.0,0.0,0.0,1.2184696791468346e-07,0.0,0.0,0.0,1.2184696791468346e-07,-0.18980863690376282,1.7046842575073256,9.989190101623535,8.999999999999999e-08,0.0,0.0,0.0,8.999999999999999e-08,0.0,0.0,0.0,8.999999999999999e-08
1759811061422818624,169369,1759811061413635456,base_link,-0.05229191236591902,-0.014702716051693748,0.02465202886881011,-0.9982192785361437,1.0,0.0,0.0,0.0,1.0,0.0,0.0,0.0,1.0,-0.04629847779870033,-0.011482729576528029,0.3553943634033203,1.2184696791468346e-07,0.0,0.0,0.0,1.2184696791468346e-07,0.0,0.0,0.0,1.2184696791468346e-07,-0.8467507362365723,0.8776174187660228,9.080450057983398,8.999999999999999e-08,0.0,0.0,0.0,8.999999999999999e-08,0.0,0.0,0.0,8.999999999999999e-08
1759811061430109152,169370,1759811061423635456,base_link,-0.05204599867574811,-0.014500961722050131,0.022780076592198738,-0.9982795906763627,1.0,0.0,0.0,0.0,1.0,0.0,0.0,0.0,1.0,-0.04918331652879715,-0.036637909710407215,0.31940028071403503,1.2184696791468346e-07,0.0,0.0,0.0,1.2184696791468346e-07,0.0,0.0,0.0,1.2184696791468346e-07,-0.5546100735664368,0.837043583393098,9.389193534851074,8.999999999999999e-08,0.0,0.0,0.0,8.999999999999999e-08,0.0,0.0,0.0,8.999999999999999e-08
1759811061436998368,169371,1759811061429635456,base_link,-0.05197743233866597,-0.014314792506732432,0.02259631633269125,-0.9982900430947935,1.0,0.0,0.0,0.0,1.0,0.0,0.0,0.0,1.0,-0.01789174973964691,-0.03262500092387199,0.03639277815818787,1.2184696791468346e-07,0.0,0.0,0.0,1.2184696791468346e-07,0.0,0.0,0.0,1.2184696791468346e-07,-0.8611093163490295,-1.1054491996765126,9.883598327636719,8.999999999999999e-08,0.0,0.0,0.0,8.999999999999999e-08,0.0,0.0,0.0,8.999999999999999e-08
1759811061447790560,169372,1759811061439635456,base_link,-0.051748156116944735,-0.01426859692658646,0.02429011388064702,-0.9982628162306554,1.0,0.0,0.0,0.0,1.0,0.0,0.0,0.0,1.0,-0.034529007971286774,-0.03902517631649975,-0.33704453706741333,1.2184696791468346e-07,0.0,0.0,0.0,1.2184696791468346e-07,0.0,0.0,0.0,1.2184696791468346e-07,-1.2596803903579712,0.15164062380790821,9.12517261505127,8.999999999999999e-08,0.0,0.0,0.0,8.999999999999999e-08,0.0,0.0,0.0,8.999999999999999e-08
1759811061450824192,169373,1759811061444635456,base_link,-0.05177956342161944,-0.014364520519619225,0.025537323421781395,-0.9982286772833616,1.0,0.0,0.0,0.0,1.0,0.0,0.0,0.0,1.0,-0.03514106199145317,0.008057366125285565,-0.4921884536743164,1.2184696791468346e-07,0.0,0.0,0.0,1.2184696791468346e-07,0.0,0.0,0.0,1.2184696791468346e-07,-0.2750570476055145,1.7305331230163585,9.427450180053711,8.999999999999999e-08,0.0,0.0,0.0,8.999999999999999e-08,0.0,0.0,0.0,8.999999999999999e-08
1759811061459892352,169374,1759811061455635456,base_link,-0.05145289505261265,-0.014557641330763189,0.026521157306571237,-0.9982170869000211,1.0,0.0,0.0,0.0,1.0,0.0,0.0,0.0,1.0,-0.041207145899534225,0.02455125935375688,-0.196529820561409,1.2184696791468346e-07,0.0,0.0,0.0,1.2184696791468346e-07,0.0,0.0,0.0,1.2184696791468346e-07,0.7508341073989868,1.9008589982986464,10.931477546691895,8.999999999999999e-08,0.0,0.0,0.0,8.999999999999999e-08,0.0,0.0,0.0,8.999999999999999e-08
1759811061469993568,169375,1759811061466634688,base_link,-0.05087858628973502,-0.014356274225290264,0.025122008376555073,-0.9982856598225484,1.0,0.0,0.0,0.0,1.0,0.0,0.0,0.0,1.0,-0.10479909181594849,-0.02820309624075886,0.2834213078022003,1.2184696791468346e-07,0.0,0.0,0.0,1.2184696791468346e-07,0.0,0.0,0.0,1.2184696791468346e-07,-0.9612995982170105,1.0382627248764051,10.190187454223633,8.999999999999999e-08,0.0,0.0,0.0,8.999999999999999e-08,0.0,0.0,0.0,8.999999999999999e-08
1759811061479522656,169376,1759811061471634688,base_link,-0.050795096017012965,-0.014182858382914158,0.024140787596372955,-0.9983166377562038,1.0,0.0,0.0,0.0,1.0,0.0,0.0,0.0,1.0,-0.0683499202132225,-0.08752113580703731,0.36342450976371765,1.2184696791468346e-07,0.0,0.0,0.0,1.2184696791468346e-07,0.0,0.0,0.0,1.2184696791468346e-07,-0.44447171688079834,0.8064214587211621,9.976699829101562,8.999999999999999e-08,0.0,0.0,0.0,8.999999999999999e-08,0.0,0.0,0.0,8.999999999999999e-08
1759811061484296416,169377,1759811061476634688,base_link,-0.0506962102907833,-0.01383617289504272,0.02342939094035755,-0.9983434010050083,1.0,0.0,0.0,0.0,1.0,0.0,0.0,0.0,1.0,-0.03964885324239731,-0.09700288623571392,0.298945814371109,1.2184696791468346e-07,0.0,0.0,0.0,1.2184696791468346e-07,0.0,0.0,0.0,1.2184696791468346e-07,-0.6255825161933899,0.9515578746795665,8.95426082611084,8.999999999999999e-08,0.0,0.0,0.0,8.999999999999999e-08,0.0,0.0,0.0,8.999999999999999e-08
1759811061488836096,169378,1759811061481634688,base_link,-0.05057614050482084,-0.01358068791899279,0.023193410735545063,-0.9983585317236237,1.0,0.0,0.0,0.0,1.0,0.0,0.0,0.0,1.0,-0.018782319501042366,-0.09228590130805969,-0.0023761661723256,1.2184696791468346e-07,0.0,0.0,0.0,1.2184696791468346e-07,0.0,0.0,0.0,1.2184696791468346e-07,-0.6847474575042725,-0.8152452707290637,10.142939567565918,8.999999999999999e-08,0.0,0.0,0.0,8.999999999999999e-08,0.0,0.0,0.0,8.999999999999999e-08
1759811061496609536,169379,1759811061487634688,base_link,-0.05059289914545999,-0.013430155181180072,0.023709246014469918,-0.9983476156898594,1.0,0.0,0.0,0.0,1.0,0.0,0.0,0.0,1.0,-0.038463275879621506,-0.08780578523874287,-0.36939626932144165,1.2184696791468346e-07,0.0,0.0,0.0,1.2184696791468346e-07,0.0,0.0,0.0,1.2184696791468346e-07,-0.9527382850646973,-0.24057608842849612,9.743369102478027,8.999999999999999e-08,0.0,0.0,0.0,8.999999999999999e-08,0.0,0.0,0.0,8.999999999999999e-08
1759811061503841920,169380,1759811061497634688,base_link,-0.05019739180194474,-0.013287210193188325,0.025885582831026946,-0.9983154576444455,1.0,0.0,0.0,0.0,1.0,0.0,0.0,0.0,1.0,-0.05968330800533295,-0.02451581880450254,-0.42281824350357056,1.2184696791468346e-07,0.0,0.0,0.0,1.2184696791468346e-07,0.0,0.0,0.0,1.2184696791468346e-07,-0.4800277650356293,1.8700854778289806,8.97880744934082,8.999999999999999e-08,0.0,0.0,0.0,8.999999999999999e-08,0.0,0.0,0.0,8.999999999999999e-08
1759811061511521152,169381,1759811061503634688,base_link,-0.05017272535885374,-0.01327416047521814,0.026593186270676316,-0.9982982195834046,1.0,0.0,0.0,0.0,1.0,0.0,0.0,0.0,1.0,-0.07402029633522034,-0.0002631860552355857,-0.17142927646636963,1.2184696791468346e-07,0.0,0.0,0.0,1.2184696791468346e-07,0.0,0.0,0.0,1.2184696791468346e-07,0.3311508297920227,2.853239774703981,9.167215347290039,8.999999999999999e-08,0.0,0.0,0.0,8.999999999999999e-08,0.0,0.0,0.0,8.999999999999999e-08
1759811061514799616,169382,1759811061508634688,base_link,-0.04983034016661943,-0.01320214204782515,0.026460212963624448,-0.9983198409166907,1.0,0.0,0.0,0.0,1.0,0.0,0.0,0.0,1.0,-0.08608326315879822,-0.028123572468757626,0.03066223300993443,1.2184696791468346e-07,0.0,0.0,0.0,1.2184696791468346e-07,0.0,0.0,0.0,1.2184696791468346e-07,1.1930594444274902,1.9435893297195448,10.847244262695312,8.999999999999999e-08,0.0,0.0,0.0,8.999999999999999e-08,0.0,0.0,0.0,8.999999999999999e-08
1759811061520819392,169383,1759811061513634688,base_link,-0.04953673600026943,-0.01315725433707203,0.025569860788831812,-0.9983583209893812,1.0,0.0,0.0,0.0,1.0,0.0,0.0,0.0,1.0,-0.11779706925153732,-0.057370975613594014,0.342497318983078,1.2184696791468346e-07,0.0,0.0,0.0,1.2184696791468346e-07,0.0,0.0,0.0,1.2184696791468346e-07,0.09601277112960815,1.7384419441223156,9.408928871154785,8.999999999999999e-08,0.0,0.0,0.0,8.999999999999999e-08,0.0,0.0,0.0,8.999999999999999e-08
1759811061533027552,169384,1759811061524634688,base_link,-0.04916389575871895,-0.012560511596985457,0.023405367236706373,-0.9984374727708846,1.0,0.0,0.0,0.0,1.0,0.0,0.0,0.0,1.0,-0.07952983677387238,-0.0956107079982757,0.4364006817340851,1.2184696791468346e-07,0.0,0.0,0.0,1.2184696791468346e-07,0.0,0.0,0.0,1.2184696791468346e-07,-0.6551868915557861,0.8766835927963269,10.310121536254883,8.999999999999999e-08,0.0,0.0,0.0,8.999999999999999e-08,0.0,0.0,0.0,8.999999999999999e-08
1759811061533882272,169385,1759811061529634688,base_link,-0.04898017501188193,-0.01213085872073131,0.022728151674833316,-0.9984674813270243,1.0,0.0,0.0,0.0,1.0,0.0,0.0,0.0,1.0,-0.061213549226522446,-0.12471203505992885,0.3572221100330353,1.2184696791468346e-07,0.0,0.0,0.0,1.2184696791468346e-07,0.0,0.0,0.0,1.2184696791468346e-07,-0.7564956545829773,0.1898218393325817,9.180585861206055,8.999999999999999e-08,0.0,0.0,0.0,8.999999999999999e-08,0.0,0.0,0.0,8.999999999999999e-08
1759811061538831424,169386,1759811061534634688,base_link,-0.04888481249876996,-0.011744287826189389,0.022679177036863646,-0.998477849451758,1.0,0.0,0.0,0.0,1.0,0.0,0.0,0.0,1.0,-0.04456036910414696,-0.12830226123332975,0.16237667202949527,1.2184696791468346e-07,0.0,0.0,0.0,1.2184696791468346e-07,0.0,0.0,0.0,1.2184696791468346e-07,-0.7375015616416931,-1.0629745721817003,10.007558822631836,8.999999999999999e-08,0.0,0.0,0.0,8.999999999999999e-08,0.0,0.0,0.0,8.999999999999999e-08
1759811061551089536,169387,1759811061545634688,base_link,-0.04870421325290079,-0.011468984611716228,0.024556776991175443,-0.9984455228189502,1.0,0.0,0.0,0.0,1.0,0.0,0.0,0.0,1.0,-0.045269470661878586,-0.04949005693197256,-0.43582284450531006,1.2184696791468346e-07,0.0,0.0,0.0,1.2184696791468346e-07,0.0,0.0,0.0,1.2184696791468346e-07,-0.5732091069221497,1.0452777147293102,9.88802719116211,8.999999999999999e-08,0.0,0.0,0.0,8.999999999999999e-08,0.0,0.0,0.0,8.999999999999999e-08
1759811061558633888,169388,1759811061550634688,base_link,-0.048570032175221274,-0.011635624031105192,0.02556467672646497,-0.9984247865694827,1.0,0.0,0.0,0.0,1.0,0.0,0.0,0.0,1.0,-0.03328395634889603,0.003311456413939559,-0.2961671054363251,1.2184696791468346e-07,0.0,0.0,0.0,1.2184696791468346e-07,0.0,0.0,0.0,1.2184696791468346e-07,0.27497708797454834,2.3994779586792006,9.657877922058105,8.999999999999999e-08,0.0,0.0,0.0,8.999999999999999e-08,0.0,0.0,0.0,8.999999999999999e-08
1759811061567320320,169389,1759811061561632640,base_link,-0.048093737225644737,-0.01156887791104311,0.025790246659695315,-0.9984428254206454,1.0,0.0,0.0,0.0,1.0,0.0,0.0,0.0,1.0,-0.10084469616413116,-0.007392698898911474,0.016522053629159927,1.2184696791468346e-07,0.0,0.0,0.0,1.2184696791468346e-07,0.0,0.0,0.0,1.2184696791468346e-07,0.5097549557685852,1.8168989419937147,10.095426559448242,8.999999999999999e-08,0.0,0.0,0.0,8.999999999999999e-08,0.0,0.0,0.0,8.999999999999999e-08
1759811061573786368,169390,1759811061566632640,base_link,-0.047840226566029743,-0.011445980334963378,0.02494081907480671,-0.9984779758923036,1.0,0.0,0.0,0.0,1.0,0.0,0.0,0.0,1.0,-0.08668160438537598,-0.03734840080142018,0.3033877909183502,1.2184696791468346e-07,0.0,0.0,0.0,1.2184696791468346e-07,0.0,0.0,0.0,1.2184696791468346e-07,-0.6554226279258728,1.490445137023927,8.917710304260254,8.999999999999999e-08,0.0,0.0,0.0,8.999999999999999e-08,0.0,0.0,0.0,8.999999999999999e-08
1759811061579565664,169391,1759811061571632640,base_link,-0.04781313667914937,-0.011224993871508632,0.02402627460896883,-0.9985042333789258,1.0,0.0,0.0,0.0,1.0,0.0,0.0,0.0,1.0,-0.06477217376232147,-0.07477152347564692,0.410324364900589,1.2184696791468346e-07,0.0,0.0,0.0,1.2184696791468346e-07,0.0,0.0,0.0,1.2184696791468346e-07,-0.1718452423810959,1.2459740638732923,10.25088119506836,8.999999999999999e-08,0.0,0.0,0.0,8.999999999999999e-08,0.0,0.0,0.0,8.999999999999999e-08
1759811061586611776,169392,1759811061582632640,base_link,-0.04741792041230665,-0.010729341664664454,0.022342465864110095,-0.9985676643859347,1.0,0.0,0.0,0.0,1.0,0.0,0.0,0.0,1.0,-0.06460293382406235,-0.07970737665891645,0.2738646864891052,1.2184696791468346e-07,0.0,0.0,0.0,1.2184696791468346e-07,0.0,0.0,0.0,1.2184696791468346e-07,-0.3803267180919647,-0.40117284655570873,9.269651412963867,8.999999999999999e-08,0.0,0.0,0.0,8.999999999999999e-08,0.0,0.0,0.0,8.999999999999999e-08
1759811061597271808,169393,1759811061593632640,base_link,-0.0473802898620315,-0.010525771069267819,0.023573912483901407,-0.9985433035074954,1.0,0.0,0.0,0.0,1.0,0.0,0.0,0.0,1.0,-0.004429230932146311,-0.045762080699205426,-0.2286020666360855,1.2184696791468346e-07,0.0,0.0,0.0,1.2184696791468346e-07,0.0,0.0,0.0,1.2184696791468346e-07,-0.8121770024299622,-0.767245292663573,9.645995140075684,8.999999999999999e-08,0.0,0.0,0.0,8.999999999999999e-08,0.0,0.0,0.0,8.999999999999999e-08
1759811061603776032,169394,1759811061598632640,base_link,-0.047313608279331204,-0.010687009106602308,0.025085424912047596,-0.9985078580078978,1.0,0.0,0.0,0.0,1.0,0.0,0.0,0.0,1.0,-0.0180837269872427,0.021795446053147254,-0.5088347792625427,1.2184696791468346e-07,0.0,0.0,0.0,1.2184696791468346e-07,0.0,0.0,0.0,1.2184696791468346e-07,-0.19090691208839417,1.3495047092437755,8.946210861206055,8.999999999999999e-08,0.0,0.0,0.0,8.999999999999999e-08,0.0,0.0,0.0,8.999999999999999e-08
1759811061612053184,169395,1759811061603632640,base_link,-0.04730760762177447,-0.010900888557726904,0.02604616232385343,-0.9984812633464873,1.0,0.0,0.0,0.0,1.0,0.0,0.0,0.0,1.0,0.00019241031259298325,0.058542467653751325,-0.4122464060783386,1.2184696791468346e-07,0.0,0.0,0.0,1.2184696791468346e-07,0.0,0.0,0.0,1.2184696791468346e-07,0.9107377529144287,2.5738220214843763,10.214408874511719,8.999999999999999e-08,0.0,0.0,0.0,8.999999999999999e-08,0.0,0.0,0.0,8.999999999999999e-08
1759811061616774752,169396,1759811061609632640,base_link,-0.04719984998393325,-0.011148189142631621,0.026401038788315144,-0.9984742669696346,1.0,0.0,0.0,0.0,1.0,0.0,0.0,0.0,1.0,-0.07105597853660583,0.06274277716875075,-0.0868232771754265,1.2184696791468346e-07,0.0,0.0,0.0,1.2184696791468346e-07,0.0,0.0,0.0,1.2184696791468346e-07,1.025493860244751,2.120189428329469,10.44643497467041,8.999999999999999e-08,0.0,0.0,0.0,8.999999999999999e-08,0.0,0.0,0.0,8.999999999999999e-08
1759811061625950496,169397,1759811061619632640,base_link,-0.046760246500163485,-0.011247725510835178,0.025267035682281027,-0.9985232416076042,1.0,0.0,0.0,0.0,1.0,0.0,0.0,0.0,1.0,-0.0930609256029129,0.04151349514722827,0.23278501629829407,1.2184696791468346e-07,0.0,0.0,0.0,1.2184696791468346e-07,0.0,0.0,0.0,1.2184696791468346e-07,-0.3176442086696625,1.6756099462509166,9.831759452819824,8.999999999999999e-08,0.0,0.0,0.0,8.999999999999999e-08,0.0,0.0,0.0,8.999999999999999e-08
1759811061629275424,169398,1759811061624632640,base_link,-0.04665586061020314,-0.01122332643681442,0.02426343492553965,-0.9985532501637441,1.0,0.0,0.0,0.0,1.0,0.0,0.0,0.0,1.0,-0.05724739283323288,0.004802184645086575,0.39092957973480225,1.2184696791468346e-07,0.0,0.0,0.0,1.2184696791468346e-07,0.0,0.0,0.0,1.2184696791468346e-07,-0.3520052134990692,1.0570236444473278,9.907751083374023,8.999999999999999e-08,0.0,0.0,0.0,8.999999999999999e-08,0.0,0.0,0.0,8.999999999999999e-08
1759811061640132832,169399,1759811061635632640,base_link,-0.046529263331077556,-0.011065500977120299,0.023124964253563363,-0.998587979166917,1.0,0.0,0.0,0.0,1.0,0.0,0.0,0.0,1.0,-0.02903497964143753,-0.01468903757631776,0.22381803393363953,1.2184696791468346e-07,0.0,0.0,0.0,1.2184696791468346e-07,0.0,0.0,0.0,1.2184696791468346e-07,-0.5859666466712952,-0.719793140888213,9.18209171295166,8.999999999999999e-08,0.0,0.0,0.0,8.999999999999999e-08,0.0,0.0,0.0,8.999999999999999e-08
1759811061650308064,169400,1759811061640632640,base_link,-0.046571859306942895,-0.011058229328663152,0.023701153819555797,-0.9985725112735134,1.0,0.0,0.0,0.0,1.0,0.0,0.0,0.0,1.0,0.012445269152522087,0.011100444942712758,-0.21534761786460876,1.2184696791468346e-07,0.0,0.0,0.0,1.2184696791468346e-07,0.0,0.0,0.0,1.2184696791468346e-07,-0.4197564423084259,-1.5958698987960804,9.807106971740723,8.999999999999999e-08,0.0,0.0,0.0,8.999999999999999e-08,0.0,0.0,0.0,8.999999999999999e-08
1759811061657810816,169401,1759811061651632640,base_link,-0.046606107572625045,-0.01159768396491129,0.026173192925265293,-0.998503095414016,1.0,0.0,0.0,0.0,1.0,0.0,0.0,0.0,1.0,0.00881604291498661,0.09935992956161493,-0.4857011139392853,1.2184696791468346e-07,0.0,0.0,0.0,1.2184696791468346e-07,0.0,0.0,0.0,1.2184696791468346e-07,-0.17300507426261902,1.6698561906814586,9.160161018371582,8.999999999999999e-08,0.0,0.0,0.0,8.999999999999999e-08,0.0,0.0,0.0,8.999999999999999e-08
1759811061662842656,169402,1759811061656631872,base_link,-0.046575610376460366,-0.011889639135813302,0.02721422008348438,-0.9984732554452703,1.0,0.0,0.0,0.0,1.0,0.0,0.0,0.0,1.0,-0.018961066380143166,0.1180958971381187,-0.38821297883987427,1.2184696791468346e-07,0.0,0.0,0.0,1.2184696791468346e-07,0.0,0.0,0.0,1.2184696791468346e-07,0.4546350836753845,1.764480829238893,10.167756080627441,8.999999999999999e-08,0.0,0.0,0.0,8.999999999999999e-08,0.0,0.0,0.0,8.999999999999999e-08
1759811061669831232,169403,1759811061661631872,base_link,-0.04648855342668309,-0.01225804737282506,0.027468955635884203,-0.9984659218936294,1.0,0.0,0.0,0.0,1.0,0.0,0.0,0.0,1.0,-0.04770258441567421,0.08389600366353989,-0.05426845699548722,1.2184696791468346e-07,0.0,0.0,0.0,1.2184696791468346e-07,0.0,0.0,0.0,1.2184696791468346e-07,0.8410008549690247,2.518206834793092,10.152225494384766,8.999999999999999e-08,0.0,0.0,0.0,8.999999999999999e-08,0.0,0.0,0.0,8.999999999999999e-08
1759811061676816704,169404,1759811061672631872,base_link,-0.04631554851607996,-0.012532631456695503,0.026250827420222334,-0.9985032640014101,1.0,0.0,0.0,0.0,1.0,0.0,0.0,0.0,1.0,-0.029845796525478363,0.05283608287572864,0.2839339077472687,1.2184696791468346e-07,0.0,0.0,0.0,1.2184696791468346e-07,0.0,0.0,0.0,1.2184696791468346e-07,-0.05653701722621918,1.7892233133316053,10.415568351745605,8.999999999999999e-08,0.0,0.0,0.0,8.999999999999999e-08,0.0,0.0,0.0,8.999999999999999e-08
1759811061681065600,169405,1759811061677631872,base_link,-0.04615355578673932,-0.012513503372916636,0.025323554606134144,-0.9985350005783388,1.0,0.0,0.0,0.0,1.0,0.0,0.0,0.0,1.0,-0.0326286219060421,0.02588601410388951,0.3567468523979187,1.2184696791468346e-07,0.0,0.0,0.0,1.2184696791468346e-07,0.0,0.0,0.0,1.2184696791468346e-07,-0.5674863457679749,0.6966775655746472,10.182234764099121,8.999999999999999e-08,0.0,0.0,0.0,8.999999999999999e-08,0.0,0.0,0.0,8.999999999999999e-08
1759811061689957536,169406,1759811061683631872,base_link,-0.04600874316652294,-0.012388065132125106,0.024814125648182986,-0.9985560318557457,1.0,0.0,0.0,0.0,1.0,0.0,0.0,0.0,1.0,-0.03747715801000595,-0.009231838397681678,0.2902437150478363,1.2184696791468346e-07,0.0,0.0,0.0,1.2184696791468346e-07,0.0,0.0,0.0,1.2184696791468346e-07,-0.7473294734954834,-0.2887473106384265,9.975020408630371,8.999999999999999e-08,0.0,0.0,0.0,8.999999999999999e-08,0.0,0.0,0.0,8.999999999999999e-08
1759811061699679232,169407,1759811061688631872,base_link,-0.04625167101589465,-0.012434844182705148,0.024701720003204412,-0.9985469702833158,1.0,0.0,0.0,0.0,1.0,0.0,0.0,0.0,1.0,0.02443784847855568,-0.004580665379762658,-0.07428406924009323,1.2184696791468346e-07,0.0,0.0,0.0,1.2184696791468346e-07,0.0,0.0,0.0,1.2184696791468346e-07,-1.106718897819519,-0.36782395839691057,8.597334861755371,8.999999999999999e-08,0.0,0.0,0.0,8.999999999999999e-08,0.0,0.0,0.0,8.999999999999999e-08
1759811061702506496,169408,1759811061693631872,base_link,-0.04615534834489005,-0.012544501062907382,0.025592957261815815,-0.9985276670266979,1.0,0.0,0.0,0.0,1.0,0.0,0.0,0.0,1.0,0.028035597875714302,0.030154392123222313,-0.30163687467575073,1.2184696791468346e-07,0.0,0.0,0.0,1.2184696791468346e-07,0.0,0.0,0.0,1.2184696791468346e-07,-0.8769222497940063,-1.1268013715744007,9.591696739196777,8.999999999999999e-08,0.0,0.0,0.0,8.999999999999999e-08,0.0,0.0,0.0,8.999999999999999e-08
1759811061705967904,169409,1759811061698631872,base_link,-0.046306023328316494,-0.012736975183344509,0.026821664336453867,-0.9984859837935206,1.0,0.0,0.0,0.0,1.0,0.0,0.0,0.0,1.0,-0.008268395438790321,0.06127398461103433,-0.49935224652290344,1.2184696791468346e-07,0.0,0.0,0.0,1.2184696791468346e-07,0.0,0.0,0.0,1.2184696791468346e-07,-0.25990891456604004,0.6028730869293225,10.382755279541016,8.999999999999999e-08,0.0,0.0,0.0,8.999999999999999e-08,0.0,0.0,0.0,8.999999999999999e-08
1759811061710165696,169410,1759811061704631872,base_link,-0.046203360190789036,-0.013067373548444517,0.02809154888208714,-0.9984515076714388,1.0,0.0,0.0,0.0,1.0,0.0,0.0,0.0,1.0,0.007133991923183203,0.08869669586420054,-0.5027183294296265,1.2184696791468346e-07,0.0,0.0,0.0,1.2184696791468346e-07,0.0,0.0,0.0,1.2184696791468346e-07,-0.4831591844558716,1.78636395931244,9.1819486618042,8.999999999999999e-08,0.0,0.0,0.0,8.999999999999999e-08,0.0,0.0,0.0,8.999999999999999e-08
1759811061718019776,169411,1759811061713631872,base_link,-0.046228915668965816,-0.013290579306891166,0.028936213873093967,-0.9984233114297849,1.0,0.0,0.0,0.0,1.0,0.0,0.0,0.0,1.0,-0.01242806762456894,0.08265724778175351,-0.2585867941379547,1.2184696791468346e-07,0.0,0.0,0.0,1.2184696791468346e-07,0.0,0.0,0.0,1.2184696791468346e-07,0.2669084966182709,1.7513276338577284,10.4367036819458,8.999999999999999e-08,0.0,0.0,0.0,8.999999999999999e-08,0.0,0.0,0.0,8.999999999999999e-08
1759811061722978848,169412,1759811061714631872,base_link,-0.04626273324653975,-0.013533387301162427,0.02904625929455588,-0.9984152613817193,1.0,0.0,0.0,0.0,1.0,0.0,0.0,0.0,1.0,-0.04691808670759201,0.05487852543592454,0.08159752935171127,1.2184696791468346e-07,0.0,0.0,0.0,1.2184696791468346e-07,0.0,0.0,0.0,1.2184696791468346e-07,0.6379349231719971,2.307912588119508,9.484297752380371,8.999999999999999e-08,0.0,0.0,0.0,8.999999999999999e-08,0.0,0.0,0.0,8.999999999999999e-08
1759811061730588992,169413,1759811061723631872,base_link,-0.04602811754594779,-0.013583410341988792,0.028519507981866768,-0.9984406337845229,1.0,0.0,0.0,0.0,1.0,0.0,0.0,0.0,1.0,-0.018619976937770844,0.0593943074345589,0.26447808742523193,1.2184696791468346e-07,0.0,0.0,0.0,1.2184696791468346e-07,0.0,0.0,0.0,1.2184696791468346e-07,0.009984888136386871,1.913326144218446,9.913813591003418,8.999999999999999e-08,0.0,0.0,0.0,8.999999999999999e-08,0.0,0.0,0.0,8.999999999999999e-08
1759811061732988288,169414,1759811061725631872,base_link,-0.046069036867495805,-0.013644791958488847,0.02749769978656863,-0.9984665119495085,1.0,0.0,0.0,0.0,1.0,0.0,0.0,0.0,1.0,-0.020811006426811218,-0.01683004200458522,0.3556758165359497,1.2184696791468346e-07,0.0,0.0,0.0,1.2184696791468346e-07,0.0,0.0,0.0,1.2184696791468346e-07,-0.3233964443206787,1.1729687452316298,10.269515037536621,8.999999999999999e-08,0.0,0.0,0.0,8.999999999999999e-08,0.0,0.0,0.0,8.999999999999999e-08
1759811061740312480,169415,1759811061735631872,base_link,-0.045928643080927985,-0.013374243435363323,0.02630633481971121,-0.998508785238565,1.0,0.0,0.0,0.0,1.0,0.0,0.0,0.0,1.0,-0.024199707433581352,-0.030673177912831275,0.2526266574859619,1.2184696791468346e-07,0.0,0.0,0.0,1.2184696791468346e-07,0.0,0.0,0.0,1.2184696791468346e-07,-0.8587167263031006,-0.32756859064102045,10.203581809997559,8.999999999999999e-08,0.0,0.0,0.0,8.999999999999999e-08,0.0,0.0,0.0,8.999999999999999e-08
1759811061751291808,169416,1759811061746631872,base_link,-0.046224681227779486,-0.01326191813281474,0.02727373143358173,-0.9984706423406626,1.0,0.0,0.0,0.0,1.0,0.0,0.0,0.0,1.0,0.04702019318938255,-0.026348507031798394,-0.25966915488243103,1.2184696791468346e-07,0.0,0.0,0.0,1.2184696791468346e-07,0.0,0.0,0.0,1.2184696791468346e-07,-0.520395815372467,-0.7087005376815784,10.235382080078125,8.999999999999999e-08,0.0,0.0,0.0,8.999999999999999e-08,0.0,0.0,0.0,8.999999999999999e-08
1759811061758911648,169417,1759811061755631872,base_link,-0.046242396075044226,-0.013513553257671,0.02844191563375821,-0.9984338481419126,1.0,0.0,0.0,0.0,1.0,0.0,0.0,0.0,1.0,0.02460513450205326,0.01700391992926592,-0.4563364088535309,1.2184696791468346e-07,0.0,0.0,0.0,1.2184696791468346e-07,0.0,0.0,0.0,1.2184696791468346e-07,-0.5442475080490112,0.7077817320823682,9.765763282775879,8.999999999999999e-08,0.0,0.0,0.0,8.999999999999999e-08,0.0,0.0,0.0,8.999999999999999e-08
1759811061769173184,169418,1759811061762631104,base_link,-0.046371061183924873,-0.013777644093351247,0.030115862016065337,-0.998375221875634,1.0,0.0,0.0,0.0,1.0,0.0,0.0,0.0,1.0,0.022244742140173912,0.05695750191807743,-0.33100786805152893,1.2184696791468346e-07,0.0,0.0,0.0,1.2184696791468346e-07,0.0,0.0,0.0,1.2184696791468346e-07,0.20690923929214478,2.1675682067871107,10.962565422058105,8.999999999999999e-08,0.0,0.0,0.0,8.999999999999999e-08,0.0,0.0,0.0,8.999999999999999e-08
1759811061777367552,169419,1759811061773631104,base_link,-0.046354058881817775,-0.013729092240955712,0.029076942200271853,-0.9984074220678963,1.0,0.0,0.0,0.0,1.0,0.0,0.0,0.0,1.0,-0.025183280929923058,-0.003134445752948497,0.2086058408021927,1.2184696791468346e-07,0.0,0.0,0.0,1.2184696791468346e-07,0.0,0.0,0.0,1.2184696791468346e-07,0.1918870359659195,1.6248558759689344,10.353754043579102,8.999999999999999e-08,0.0,0.0,0.0,8.999999999999999e-08,0.0,0.0,0.0,8.999999999999999e-08
1759811061788402784,169420,1759811061783631104,base_link,-0.04630336544268228,-0.013481607263588762,0.02704752929762376,-0.9984701787253291,1.0,0.0,0.0,0.0,1.0,0.0,0.0,0.0,1.0,-0.0017410251311957836,-0.05697584524750705,0.37375521659851074,1.2184696791468346e-07,0.0,0.0,0.0,1.2184696791468346e-07,0.0,0.0,0.0,1.2184696791468346e-07,-1.0565980672836304,0.19012273848056913,9.785623550415039,8.999999999999999e-08,0.0,0.0,0.0,8.999999999999999e-08,0.0,0.0,0.0,8.999999999999999e-08
1759811061793877120,169421,1759811061788631104,base_link,-0.04641354520722385,-0.013317785097604947,0.02654029197579516,-0.9984809261716993,1.0,0.0,0.0,0.0,1.0,0.0,0.0,0.0,1.0,0.030594250187277794,-0.06937652081251142,0.22670790553092957,1.2184696791468346e-07,0.0,0.0,0.0,1.2184696791468346e-07,0.0,0.0,0.0,1.2184696791468346e-07,-0.5705424547195435,-0.10752580314874521,10.452609062194824,8.999999999999999e-08,0.0,0.0,0.0,8.999999999999999e-08,0.0,0.0,0.0,8.999999999999999e-08
1759811061805911712,169422,1759811061799631104,base_link,-0.046653194822034824,-0.013032037367235181,0.027376949065584893,-0.998450875468711,1.0,0.0,0.0,0.0,1.0,0.0,0.0,0.0,1.0,0.05362675338983536,-0.06730116158723833,-0.16155827045440674,1.2184696791468346e-07,0.0,0.0,0.0,1.2184696791468346e-07,0.0,0.0,0.0,1.2184696791468346e-07,-0.6597905158996582,-0.4800935685634601,10.022571563720703,8.999999999999999e-08,0.0,0.0,0.0,8.999999999999999e-08,0.0,0.0,0.0,8.999999999999999e-08
1759811061815466176,169423,1759811061804631104,base_link,-0.04678799888281889,-0.013239623767041494,0.028256890968795387,-0.9984173265772964,1.0,0.0,0.0,0.0,1.0,0.0,0.0,0.0,1.0,0.033393483608961105,-0.010648204945027872,-0.3579425811767578,1.2184696791468346e-07,0.0,0.0,0.0,1.2184696791468346e-07,0.0,0.0,0.0,1.2184696791468346e-07,-0.9756665825843811,1.072536349296571,9.612485885620117,8.999999999999999e-08,0.0,0.0,0.0,8.999999999999999e-08,0.0,0.0,0.0,8.999999999999999e-08
1759811061820185440,169424,1759811061809631104,base_link,-0.046757877057023764,-0.01334156909105525,0.029166251372266406,-0.9983912798249166,1.0,0.0,0.0,0.0,1.0,0.0,0.0,0.0,1.0,0.016375824809074402,0.013822861947119215,-0.1693694293498993,1.2184696791468346e-07,0.0,0.0,0.0,1.2184696791468346e-07,0.0,0.0,0.0,1.2184696791468346e-07,-0.49948617815971375,2.162333011627198,9.06371021270752,8.999999999999999e-08,0.0,0.0,0.0,8.999999999999999e-08,0.0,0.0,0.0,8.999999999999999e-08
1759811061826789696,169425,1759811061820631104,base_link,-0.046646255080009705,-0.013378475242371618,0.028901484869920988,-0.9984036709983789,1.0,0.0,0.0,0.0,1.0,0.0,0.0,0.0,1.0,-0.04952250421047211,0.006143853999674342,0.1764160543680191,1.2184696791468346e-07,0.0,0.0,0.0,1.2184696791468346e-07,0.0,0.0,0.0,1.2184696791468346e-07,0.6908499002456665,1.776698112487794,9.48125171661377,8.999999999999999e-08,0.0,0.0,0.0,8.999999999999999e-08,0.0,0.0,0.0,8.999999999999999e-08
1759811061833643424,169426,1759811061829631104,base_link,-0.0465323848320454,-0.013167445971877571,0.02797189397916468,-0.9984382314141578,1.0,0.0,0.0,0.0,1.0,0.0,0.0,0.0,1.0,-0.04264404997229576,-0.03188527747988696,0.41517966985702515,1.2184696791468346e-07,0.0,0.0,0.0,1.2184696791468346e-07,0.0,0.0,0.0,1.2184696791468346e-07,-0.5127000212669373,1.2160075902938854,9.560763359069824,8.999999999999999e-08,0.0,0.0,0.0,8.999999999999999e-08,0.0,0.0,0.0,8.999999999999999e-08
1759811061840249984,169427,1759811061836631104,base_link,-0.04646677272562606,-0.012720120395207198,0.025867122511379136,-0.9985038540572893,1.0,0.0,0.0,0.0,1.0,0.0,0.0,0.0,1.0,-0.021572895348072052,-0.08497765660285944,0.4077620208263397,1.2184696791468346e-07,0.0,0.0,0.0,1.2184696791468346e-07,0.0,0.0,0.0,1.2184696791468346e-07,-0.36852505803108215,0.6012797951698315,9.680825233459473,8.999999999999999e-08,0.0,0.0,0.0,8.999999999999999e-08,0.0,0.0,0.0,8.999999999999999e-08
1759811061846757472,169428,1759811061841631104,base_link,-0.046548545514271296,-0.012451932095598283,0.02548569353235556,-0.9985132106576586,1.0,0.0,0.0,0.0,1.0,0.0,0.0,0.0,1.0,0.0002983210142701864,-0.09433032572269437,0.20751142501831055,1.2184696791468346e-07,0.0,0.0,0.0,1.2184696791468346e-07,0.0,0.0,0.0,1.2184696791468346e-07,-0.3532116711139679,-0.35821181535720703,9.821619987487793,8.999999999999999e-08,0.0,0.0,0.0,8.999999999999999e-08,0.0,0.0,0.0,8.999999999999999e-08
1759811061857791296,169429,1759811061846631104,base_link,-0.04666353923916622,-0.012367489567517691,0.0257465403777895,-0.9985022103301974,1.0,0.0,0.0,0.0,1.0,0.0,0.0,0.0,1.0,0.015674350783228874,-0.05126015469431881,-0.3352605402469635,1.2184696791468346e-07,0.0,0.0,0.0,1.2184696791468346e-07,0.0,0.0,0.0,1.2184696791468346e-07,-1.0732433795928955,-0.4821043908596027,9.387001991271973,8.999999999999999e-08,0.0,0.0,0.0,8.999999999999999e-08,0.0,0.0,0.0,8.999999999999999e-08
1759811061863873408,169430,1759811061857630080,base_link,-0.04658319285792528,-0.012294410883466849,0.028097828762515265,-0.9984435419170702,1.0,0.0,0.0,0.0,1.0,0.0,0.0,0.0,1.0,-0.004504765383899212,-0.010340464301407394,-0.46529486775398254,1.2184696791468346e-07,0.0,0.0,0.0,1.2184696791468346e-07,0.0,0.0,0.0,1.2184696791468346e-07,-0.1152796745300293,1.4089808464050304,9.736531257629395,8.999999999999999e-08,0.0,0.0,0.0,8.999999999999999e-08,0.0,0.0,0.0,8.999999999999999e-08
1759811061870798816,169431,1759811061862630080,base_link,-0.046509113186222306,-0.012528775020056754,0.02890835480622828,-0.9984209090594198,1.0,0.0,0.0,0.0,1.0,0.0,0.0,0.0,1.0,-0.011845985427498817,0.043590679764747585,-0.26154717803001404,1.2184696791468346e-07,0.0,0.0,0.0,1.2184696791468346e-07,0.0,0.0,0.0,1.2184696791468346e-07,0.7450132966041565,2.7670278549194345,8.591277122497559,8.999999999999999e-08,0.0,0.0,0.0,8.999999999999999e-08,0.0,0.0,0.0,8.999999999999999e-08
1759811061876711392,169432,1759811061873630080,base_link,-0.04616331014799156,-0.012588153344163524,0.02838341580802507,-0.9984512969371961,1.0,0.0,0.0,0.0,1.0,0.0,0.0,0.0,1.0,-0.08435843139886856,0.025030639022588744,0.09971694648265839,1.2184696791468346e-07,0.0,0.0,0.0,1.2184696791468346e-07,0.0,0.0,0.0,1.2184696791468346e-07,-0.1506250947713852,1.6638450622558607,10.165212631225586,8.999999999999999e-08,0.0,0.0,0.0,8.999999999999999e-08,0.0,0.0,0.0,8.999999999999999e-08
1759811061888340096,169433,1759811061878630080,base_link,-0.04603845274345607,-0.012385145145776709,0.027498879898326927,-0.9984842979195802,1.0,0.0,0.0,0.0,1.0,0.0,0.0,0.0,1.0,-0.08252061158418655,-0.034695368260145146,0.33130040764808655,1.2184696791468346e-07,0.0,0.0,0.0,1.2184696791468346e-07,0.0,0.0,0.0,1.2184696791468346e-07,-0.5308393239974976,0.8597828745841992,10.097799301147461,8.999999999999999e-08,0.0,0.0,0.0,8.999999999999999e-08,0.0,0.0,0.0,8.999999999999999e-08
1759811061888734176,169434,1759811061883630080,base_link,-0.04604974283050093,-0.012199103688093557,0.026483140849214368,-0.9985135478324467,1.0,0.0,0.0,0.0,1.0,0.0,0.0,0.0,1.0,-0.04846347123384476,-0.05349906533956523,0.3932212293148041,1.2184696791468346e-07,0.0,0.0,0.0,1.2184696791468346e-07,0.0,0.0,0.0,1.2184696791468346e-07,-0.16000525653362274,0.9941886663436902,9.66451644897461,8.999999999999999e-08,0.0,0.0,0.0,8.999999999999999e-08,0.0,0.0,0.0,8.999999999999999e-08
1759811061902350912,169435,1759811061894630080,base_link,-0.04573430527953327,-0.011817759002766989,0.02543031257341223,-0.9985599936595058,1.0,0.0,0.0,0.0,1.0,0.0,0.0,0.0,1.0,-0.04064159095287323,-0.07175500690937041,0.1202635020017624,1.2184696791468346e-07,0.0,0.0,0.0,1.2184696791468346e-07,0.0,0.0,0.0,1.2184696791468346e-07,-0.4911351203918457,-0.08423166722059132,9.643507957458496,8.999999999999999e-08,0.0,0.0,0.0,8.999999999999999e-08,0.0,0.0,0.0,8.999999999999999e-08
1759811061908955264,169436,1759811061899630080,base_link,-0.04575108894486371,-0.01165518938843736,0.025837029661542388,-0.9985507213528333,1.0,0.0,0.0,0.0,1.0,0.0,0.0,0.0,1.0,-0.02713683620095253,0.006745126564055639,-0.3450152575969696,1.2184696791468346e-07,0.0,0.0,0.0,1.2184696791468346e-07,0.0,0.0,0.0,1.2184696791468346e-07,-0.9758675694465637,-1.4587442874908436,9.457871437072754,8.999999999999999e-08,0.0,0.0,0.0,8.999999999999999e-08,0.0,0.0,0.0,8.999999999999999e-08
1759811061914427616,169437,1759811061909630080,base_link,-0.04554968891216539,-0.011863922972776577,0.027100760767293015,-0.9985240002508774,1.0,0.0,0.0,0.0,1.0,0.0,0.0,0.0,1.0,-0.005714062135666609,0.02033426426351065,-0.45585280656814575,1.2184696791468346e-07,0.0,0.0,0.0,1.2184696791468346e-07,0.0,0.0,0.0,1.2184696791468346e-07,-0.6999880075454712,0.24002443253994107,9.799402236938477,8.999999999999999e-08,0.0,0.0,0.0,8.999999999999999e-08,0.0,0.0,0.0,8.999999999999999e-08
1759811061925327456,169438,1759811061915630080,base_link,-0.04535116803605597,-0.012265786587882872,0.029010771648109723,-0.9984744355570286,1.0,0.0,0.0,0.0,1.0,0.0,0.0,0.0,1.0,-0.05707350745797157,0.08024600148200985,-0.38852041959762573,1.2184696791468346e-07,0.0,0.0,0.0,1.2184696791468346e-07,0.0,0.0,0.0,1.2184696791468346e-07,0.9378142952919006,2.6205499172210707,10.070405960083008,8.999999999999999e-08,0.0,0.0,0.0,8.999999999999999e-08,0.0,0.0,0.0,8.999999999999999e-08
1759811061928402752,169439,1759811061921630080,base_link,-0.045245607302693384,-0.012510300212429808,0.02898126885415208,-0.9984770486616363,1.0,0.0,0.0,0.0,1.0,0.0,0.0,0.0,1.0,-0.0817793756723404,0.08753128349781035,-0.07198820263147356,1.2184696791468346e-07,0.0,0.0,0.0,1.2184696791468346e-07,0.0,0.0,0.0,1.2184696791468346e-07,0.5314152240753174,2.480648756027223,9.260518074035645,8.999999999999999e-08,0.0,0.0,0.0,8.999999999999999e-08,0.0,0.0,0.0,8.999999999999999e-08
1759811061932566400,169440,1759811061926630080,base_link,-0.04494904890568058,-0.012507421055840908,0.028260178422979215,-0.9985111454620816,1.0,0.0,0.0,0.0,1.0,0.0,0.0,0.0,1.0,-0.08927346020936966,0.033795777708292035,0.25264883041381836,1.2184696791468346e-07,0.0,0.0,0.0,1.2184696791468346e-07,0.0,0.0,0.0,1.2184696791468346e-07,-0.10584747046232224,1.308152556419374,10.30484676361084,8.999999999999999e-08,0.0,0.0,0.0,8.999999999999999e-08,0.0,0.0,0.0,8.999999999999999e-08
1759811061944995520,169441,1759811061936630080,base_link,-0.044609498089008624,-0.012287514605379255,0.02612754788832798,-0.9985871783767953,1.0,0.0,0.0,0.0,1.0,0.0,0.0,0.0,1.0,-0.06220083311200142,-0.035491406917571966,0.4302564263343811,1.2184696791468346e-07,0.0,0.0,0.0,1.2184696791468346e-07,0.0,0.0,0.0,1.2184696791468346e-07,-0.14685499668121338,0.45630058646202204,9.626603126525879,8.999999999999999e-08,0.0,0.0,0.0,8.999999999999999e-08,0.0,0.0,0.0,8.999999999999999e-08
1759811061951931712,169442,1759811061947630080,base_link,-0.044286372689454775,-0.012108723722728996,0.025100344896420473,-0.9986301681622765,1.0,0.0,0.0,0.0,1.0,0.0,0.0,0.0,1.0,-0.04819416254758835,-0.03294504433870313,0.20338495075702667,1.2184696791468346e-07,0.0,0.0,0.0,1.2184696791468346e-07,0.0,0.0,0.0,1.2184696791468346e-07,-0.6212562918663025,-0.26190254092216375,9.462319374084473,8.999999999999999e-08,0.0,0.0,0.0,8.999999999999999e-08,0.0,0.0,0.0,8.999999999999999e-08
1759811061962153472,169443,1759811061958630080,base_link,-0.04407077180298631,-0.012307760897732676,0.02662732521797015,-0.998597715088923,1.0,0.0,0.0,0.0,1.0,0.0,0.0,0.0,1.0,-0.036304909735918045,0.03532095625996586,-0.31114819645881653,1.2184696791468346e-07,0.0,0.0,0.0,1.2184696791468346e-07,0.0,0.0,0.0,1.2184696791468346e-07,-0.9191195368766785,0.44907137751579407,9.898138046264648,8.999999999999999e-08,0.0,0.0,0.0,8.999999999999999e-08,0.0,0.0,0.0,8.999999999999999e-08
1759811061968715424,169444,1759811061963628544,base_link,-0.04407730719868353,-0.012550771723712394,0.027826108030165494,-0.9985616795334462,1.0,0.0,0.0,0.0,1.0,0.0,0.0,0.0,1.0,-0.023047516122460365,0.10505073517560953,-0.44578972458839417,1.2184696791468346e-07,0.0,0.0,0.0,1.2184696791468346e-07,0.0,0.0,0.0,1.2184696791468346e-07,0.2998688817024231,1.6072336435318004,9.444127082824707,8.999999999999999e-08,0.0,0.0,0.0,8.999999999999999e-08,0.0,0.0,0.0,8.999999999999999e-08
1759811061978360160,169445,1759811061968628544,base_link,-0.04387555550321795,-0.012801961672481259,0.02856346714486361,-0.9985465488148307,1.0,0.0,0.0,0.0,1.0,0.0,0.0,0.0,1.0,-0.062101688235998154,0.10164541751146314,-0.22920602560043335,1.2184696791468346e-07,0.0,0.0,0.0,1.2184696791468346e-07,0.0,0.0,0.0,1.2184696791468346e-07,1.5109976530075073,2.2789099216461195,10.521710395812988,8.999999999999999e-08,0.0,0.0,0.0,8.999999999999999e-08,0.0,0.0,0.0,8.999999999999999e-08
1759811061983829696,169446,1759811061979628544,base_link,-0.043508555234364255,-0.01313976998038509,0.027703587141544368,-0.9985824579297621,1.0,0.0,0.0,0.0,1.0,0.0,0.0,0.0,1.0,-0.08608417958021164,0.05190677195787432,0.17407995462417603,1.2184696791468346e-07,0.0,0.0,0.0,1.2184696791468346e-07,0.0,0.0,0.0,1.2184696791468346e-07,-0.5430408716201782,1.3180044889450084,9.848332405090332,8.999999999999999e-08,0.0,0.0,0.0,8.999999999999999e-08,0.0,0.0,0.0,8.999999999999999e-08
1759811061991972960,169447,1759811061984628544,base_link,-0.04312942720985156,-0.013255780498000342,0.026663234332901464,-0.9986257005963343,1.0,0.0,0.0,0.0,1.0,0.0,0.0,0.0,1.0,-0.049576688557863235,-0.011621771380305236,0.4360481798648834,1.2184696791468346e-07,0.0,0.0,0.0,1.2184696791468346e-07,0.0,0.0,0.0,1.2184696791468346e-07,-1.1129484176635742,1.359652638435365,10.73856258392334,8.999999999999999e-08,0.0,0.0,0.0,8.999999999999999e-08,0.0,0.0,0.0,8.999999999999999e-08
1759811061997130976,169448,1759811061990628544,base_link,-0.043119132842102774,-0.013001192459570286,0.02547001490470953,-0.9986606403337498,1.0,0.0,0.0,0.0,1.0,0.0,0.0,0.0,1.0,-0.05329662561416626,-0.03216604515910144,0.4086870849132538,1.2184696791468346e-07,0.0,0.0,0.0,1.2184696791468346e-07,0.0,0.0,0.0,1.2184696791468346e-07,-0.31804293394088745,0.10785258561372874,9.525233268737793,8.999999999999999e-08,0.0,0.0,0.0,8.999999999999999e-08,0.0,0.0,0.0,8.999999999999999e-08
1759811062005054336,169449,1759811062000628544,base_link,-0.04316226092193056,-0.012818747971989739,0.024322777688242963,-0.9986897216592223,1.0,0.0,0.0,0.0,1.0,0.0,0.0,0.0,1.0,0.01575412228703499,-0.04472258314490317,0.1315852701663971,1.2184696791468346e-07,0.0,0.0,0.0,1.2184696791468346e-07,0.0,0.0,0.0,1.2184696791468346e-07,-0.8249709010124207,-0.420917898416518,9.510787010192871,8.999999999999999e-08,0.0,0.0,0.0,8.999999999999999e-08,0.0,0.0,0.0,8.999999999999999e-08
1759811062009202208,169450,1759811062005628544,base_link,-0.04306616610732572,-0.012724233664204058,0.024814968585153207,-0.9986829781634605,1.0,0.0,0.0,0.0,1.0,0.0,0.0,0.0,1.0,0.006522653624415398,-0.04101775586605072,-0.019429355859756466,1.2184696791468346e-07,0.0,0.0,0.0,1.2184696791468346e-07,0.0,0.0,0.0,1.2184696791468346e-07,-1.2316219806671143,-1.2279958724975573,10.333572387695312,8.999999999999999e-08,0.0,0.0,0.0,8.999999999999999e-08,0.0,0.0,0.0,8.999999999999999e-08
1759811062017428224,169451,1759811062010628544,base_link,-0.04305072850696959,-0.012804535264418456,0.02581127793710221,-0.9986573950264144,1.0,0.0,0.0,0.0,1.0,0.0,0.0,0.0,1.0,-0.0022145071998238564,0.005455064587295008,-0.3924436867237091,1.2184696791468346e-07,0.0,0.0,0.0,1.2184696791468346e-07,0.0,0.0,0.0,1.2184696791468346e-07,-1.3188345432281494,0.42381873726844904,9.49793815612793,8.999999999999999e-08,0.0,0.0,0.0,8.999999999999999e-08,0.0,0.0,0.0,8.999999999999999e-08
1759811062019919648,169452,1759811062016628544,base_link,-0.04304922307422434,-0.012997071288039331,0.0270901819083168,-0.998621064442998,1.0,0.0,0.0,0.0,1.0,0.0,0.0,0.0,1.0,0.002202030271291733,0.03280157968401903,-0.45858946442604065,1.2184696791468346e-07,0.0,0.0,0.0,1.2184696791468346e-07,0.0,0.0,0.0,1.2184696791468346e-07,0.12880073487758636,1.2113957405090343,9.412550926208496,8.999999999999999e-08,0.0,0.0,0.0,8.999999999999999e-08,0.0,0.0,0.0,8.999999999999999e-08
1759811062030962432,169453,1759811062026628544,base_link,-0.04279648686295073,-0.013357076497129229,0.02760955752251652,-0.9986129301012354,1.0,0.0,0.0,0.0,1.0,0.0,0.0,0.0,1.0,-0.04955117031931877,0.06323638558387755,-0.11776145547628404,1.2184696791468346e-07,0.0,0.0,0.0,1.2184696791468346e-07,0.0,0.0,0.0,1.2184696791468346e-07,0.7288521528244019,2.818585872650148,9.184066772460938,8.999999999999999e-08,0.0,0.0,0.0,8.999999999999999e-08,0.0,0.0,0.0,8.999999999999999e-08
1759811062039891648,169454,1759811062032628544,base_link,-0.04267400285282201,-0.013318575351014527,0.026863558303873703,-0.9986390611473122,1.0,0.0,0.0,0.0,1.0,0.0,0.0,0.0,1.0,-0.06678325682878494,0.024199457839131383,0.223772332072258,1.2184696791468346e-07,0.0,0.0,0.0,1.2184696791468346e-07,0.0,0.0,0.0,1.2184696791468346e-07,-0.5327473878860474,0.869230389595033,9.788586616516113,8.999999999999999e-08,0.0,0.0,0.0,8.999999999999999e-08,0.0,0.0,0.0,8.999999999999999e-08
1759811062043807360,169455,1759811062037628544,base_link,-0.04255822545996259,-0.013288003080775936,0.025875383293687312,-0.9986705026963013,1.0,0.0,0.0,0.0,1.0,0.0,0.0,0.0,1.0,-0.03300422802567482,-0.0020414106547832047,0.36022722721099854,1.2184696791468346e-07,0.0,0.0,0.0,1.2184696791468346e-07,0.0,0.0,0.0,1.2184696791468346e-07,-1.1888681650161743,0.9165897369384779,10.436911582946777,8.999999999999999e-08,0.0,0.0,0.0,8.999999999999999e-08,0.0,0.0,0.0,8.999999999999999e-08
1759811062050851392,169456,1759811062042628544,base_link,-0.0425612955944588,-0.012994704479077641,0.02494360076680846,-0.9986978981478334,1.0,0.0,0.0,0.0,1.0,0.0,0.0,0.0,1.0,-0.008804886601865292,-0.06173681095242496,0.34093987941741943,1.2184696791468346e-07,0.0,0.0,0.0,1.2184696791468346e-07,0.0,0.0,0.0,1.2184696791468346e-07,-0.5121093392372131,-0.03115887939929845,9.571239471435547,8.999999999999999e-08,0.0,0.0,0.0,8.999999999999999e-08,0.0,0.0,0.0,8.999999999999999e-08
1759811062056906208,169457,1759811062053628544,base_link,-0.042769308731106286,-0.012632944907418477,0.024010174512837656,-0.9987165692017237,1.0,0.0,0.0,0.0,1.0,0.0,0.0,0.0,1.0,0.03303011506795883,-0.0737354829907417,0.18759943544864655,1.2184696791468346e-07,0.0,0.0,0.0,1.2184696791468346e-07,0.0,0.0,0.0,1.2184696791468346e-07,-1.0465291738510132,-0.21419684588909033,9.509332656860352,8.999999999999999e-08,0.0,0.0,0.0,8.999999999999999e-08,0.0,0.0,0.0,8.999999999999999e-08
1759811062067132640,169458,1759811062064627520,base_link,-0.04283362087066687,-0.012522223819291344,0.025906319080494275,-0.9986678052979966,1.0,0.0,0.0,0.0,1.0,0.0,0.0,0.0,1.0,0.017076151445508003,-0.030243555083870933,-0.36599087715148926,1.2184696791468346e-07,0.0,0.0,0.0,1.2184696791468346e-07,0.0,0.0,0.0,1.2184696791468346e-07,-1.4196189641952515,-2.0230612754821764,10.116643905639648,8.999999999999999e-08,0.0,0.0,0.0,8.999999999999999e-08,0.0,0.0,0.0,8.999999999999999e-08
1759811062074299008,169459,1759811062069627520,base_link,-0.04284832353535209,-0.012624599831413322,0.027188257624801662,-0.9986318118893683,1.0,0.0,0.0,0.0,1.0,0.0,0.0,0.0,1.0,0.02059946022927761,0.00879543088376516,-0.4938333034515381,1.2184696791468346e-07,0.0,0.0,0.0,1.2184696791468346e-07,0.0,0.0,0.0,1.2184696791468346e-07,0.25190675258636475,1.7867791652679454,9.11670970916748,8.999999999999999e-08,0.0,0.0,0.0,8.999999999999999e-08,0.0,0.0,0.0,8.999999999999999e-08
1759811062082906784,169460,1759811062074627520,base_link,-0.042945815781402864,-0.012630346290789978,0.027895439595965948,-0.9986080832136567,1.0,0.0,0.0,0.0,1.0,0.0,0.0,0.0,1.0,0.000551876612007618,0.006706247571855749,-0.2809689939022064,1.2184696791468346e-07,0.0,0.0,0.0,1.2184696791468346e-07,0.0,0.0,0.0,1.2184696791468346e-07,1.5483161211013794,2.8287422657012953,10.953180313110352,8.999999999999999e-08,0.0,0.0,0.0,8.999999999999999e-08,0.0,0.0,0.0,8.999999999999999e-08
1759811062086098112,169461,1759811062079627520,base_link,-0.042729834256208785,-0.012661434859922827,0.02788675734517269,-0.998617186932935,1.0,0.0,0.0,0.0,1.0,0.0,0.0,0.0,1.0,-0.05385765805840492,-0.019659489393234243,0.07691264897584915,1.2184696791468346e-07,0.0,0.0,0.0,1.2184696791468346e-07,0.0,0.0,0.0,1.2184696791468346e-07,0.5546048283576965,2.3061740398406996,9.37180233001709,8.999999999999999e-08,0.0,0.0,0.0,8.999999999999999e-08,0.0,0.0,0.0,8.999999999999999e-08
1759811062089890720,169462,1759811062084627520,base_link,-0.04267535023488535,-0.012466356854501138,0.027263026134059978,-0.9986391454410092,1.0,0.0,0.0,0.0,1.0,0.0,0.0,0.0,1.0,-0.04527967795729637,-0.04176819697022436,0.18268270790576935,1.2184696791468346e-07,0.0,0.0,0.0,1.2184696791468346e-07,0.0,0.0,0.0,1.2184696791468346e-07,-1.0249097347259521,1.0105727910995495,9.429808616638184,8.999999999999999e-08,0.0,0.0,0.0,8.999999999999999e-08,0.0,0.0,0.0,8.999999999999999e-08
1759811062101017536,169463,1759811062095627520,base_link,-0.04257118298170166,-0.01203155547728358,0.025642184780876532,-0.9986918711484963,1.0,0.0,0.0,0.0,1.0,0.0,0.0,0.0,1.0,-0.015184040181338787,-0.08201786130666729,0.3381805121898651,1.2184696791468346e-07,0.0,0.0,0.0,1.2184696791468346e-07,0.0,0.0,0.0,1.2184696791468346e-07,0.06082417443394661,0.8049139976501478,10.64884090423584,8.999999999999999e-08,0.0,0.0,0.0,8.999999999999999e-08,0.0,0.0,0.0,8.999999999999999e-08
1759811062117983840,169464,1759811062106627520,base_link,-0.04270734759543921,-0.011740264119245614,0.025218861834433073,-0.9987003005181985,1.0,0.0,0.0,0.0,1.0,0.0,0.0,0.0,1.0,0.026284798979759216,-0.07302287220954894,0.09054231643676759,1.2184696791468346e-07,0.0,0.0,0.0,1.2184696791468346e-07,0.0,0.0,0.0,1.2184696791468346e-07,-1.2063136100769043,-0.8903141617774952,8.911080360412598,8.999999999999999e-08,0.0,0.0,0.0,8.999999999999999e-08,0.0,0.0,0.0,8.999999999999999e-08
1759811062119492608,169465,1759811062115627520,base_link,-0.04269642761040784,-0.011573956606288675,0.02607064964283829,-0.9986808286741865,1.0,0.0,0.0,0.0,1.0,0.0,0.0,0.0,1.0,0.029287777841091156,-0.07479133456945423,-0.3774750828742981,1.2184696791468346e-07,0.0,0.0,0.0,1.2184696791468346e-07,0.0,0.0,0.0,1.2184696791468346e-07,-1.3948827981948853,-1.0610843896865831,11.075058937072754,8.999999999999999e-08,0.0,0.0,0.0,8.999999999999999e-08,0.0,0.0,0.0,8.999999999999999e-08
1759811062126843008,169466,1759811062121627520,base_link,-0.04281070483887808,-0.011481032024945265,0.028681478320694124,-0.998605470109049,1.0,0.0,0.0,0.0,1.0,0.0,0.0,0.0,1.0,0.042200181633234024,-0.023966826498508512,-0.49447599053382874,1.2184696791468346e-07,0.0,0.0,0.0,1.2184696791468346e-07,0.0,0.0,0.0,1.2184696791468346e-07,0.22058624029159546,1.9430853128433239,9.494734764099121,8.999999999999999e-08,0.0,0.0,0.0,8.999999999999999e-08,0.0,0.0,0.0,8.999999999999999e-08
1759811062137628992,169467,1759811062132627520,base_link,-0.042678262318699645,-0.01144548247531534,0.02920586940986666,-0.9985963663897707,1.0,0.0,0.0,0.0,1.0,0.0,0.0,0.0,1.0,-0.025457661598920822,-0.025744212791323676,-0.10486958175897598,1.2184696791468346e-07,0.0,0.0,0.0,1.2184696791468346e-07,0.0,0.0,0.0,1.2184696791468346e-07,0.5038226246833801,2.1741526126861586,9.414122581481934,8.999999999999999e-08,0.0,0.0,0.0,8.999999999999999e-08,0.0,0.0,0.0,8.999999999999999e-08
1759811062144735232,169468,1759811062137627520,base_link,-0.042384725323889455,-0.011436837103014545,0.02847896271359927,-0.9986299574280338,1.0,0.0,0.0,0.0,1.0,0.0,0.0,0.0,1.0,-0.07092710584402084,-0.019996607676148387,0.2253071516752243,1.2184696791468346e-07,0.0,0.0,0.0,1.2184696791468346e-07,0.0,0.0,0.0,1.2184696791468346e-07,-0.8615168333053589,1.637804150581361,9.716904640197754,8.999999999999999e-08,0.0,0.0,0.0,8.999999999999999e-08,0.0,0.0,0.0,8.999999999999999e-08
1759811062151104160,169469,1759811062143627520,base_link,-0.04236521660138498,-0.011161223055533617,0.027597587817539418,-0.9986586172850213,1.0,0.0,0.0,0.0,1.0,0.0,0.0,0.0,1.0,-0.04236795753240585,-0.05324859544634815,0.34463852643966675,1.2184696791468346e-07,0.0,0.0,0.0,1.2184696791468346e-07,0.0,0.0,0.0,1.2184696791468346e-07,-0.40193259716033936,0.28960198163986334,10.535319328308105,8.999999999999999e-08,0.0,0.0,0.0,8.999999999999999e-08,0.0,0.0,0.0,8.999999999999999e-08
1759811062161868320,169470,1759811062153627520,base_link,-0.042173385220387646,-0.0107519824248489,0.02625200753198067,-0.9987075076292938,1.0,0.0,0.0,0.0,1.0,0.0,0.0,0.0,1.0,-0.04406594857573509,-0.0776700749993324,0.2735624611377716,1.2184696791468346e-07,0.0,0.0,0.0,1.2184696791468346e-07,0.0,0.0,0.0,1.2184696791468346e-07,-0.09391816705465317,0.26396274566650496,8.546331405639648,8.999999999999999e-08,0.0,0.0,0.0,8.999999999999999e-08,0.0,0.0,0.0,8.999999999999999e-08
1759811062168987232,169471,1759811062164626496,base_link,-0.04235722713941414,-0.010516489542972313,0.027195254001654432,-0.998676993310972,1.0,0.0,0.0,0.0,1.0,0.0,0.0,0.0,1.0,0.020025141537189484,-0.048134829849004766,-0.17532868683338165,1.2184696791468346e-07,0.0,0.0,0.0,1.2184696791468346e-07,0.0,0.0,0.0,1.2184696791468346e-07,-0.8554787039756775,-0.7018134593963611,10.267708778381348,8.999999999999999e-08,0.0,0.0,0.0,8.999999999999999e-08,0.0,0.0,0.0,8.999999999999999e-08
1759811062177542656,169472,1759811062173626496,base_link,-0.042247405623084905,-0.010635077603791808,0.028555796418434608,-0.9986423907483445,1.0,0.0,0.0,0.0,1.0,0.0,0.0,0.0,1.0,0.009648436680436134,0.011979807168245258,-0.46654263138771057,1.2184696791468346e-07,0.0,0.0,0.0,1.2184696791468346e-07,0.0,0.0,0.0,1.2184696791468346e-07,-0.4008979797363281,0.8218320012092601,9.269309997558594,8.999999999999999e-08,0.0,0.0,0.0,8.999999999999999e-08,0.0,0.0,0.0,8.999999999999999e-08
1759811062183931808,169473,1759811062180626496,base_link,-0.04213963876562058,-0.01097132252703369,0.030181105337560202,-0.9985955655996489,1.0,0.0,0.0,0.0,1.0,0.0,0.0,0.0,1.0,-0.02929745987057686,0.053327467292547184,-0.34398946166038513,1.2184696791468346e-07,0.0,0.0,0.0,1.2184696791468346e-07,0.0,0.0,0.0,1.2184696791468346e-07,0.7333333492279053,2.305788040161134,9.680031776428223,8.999999999999999e-08,0.0,0.0,0.0,8.999999999999999e-08,0.0,0.0,0.0,8.999999999999999e-08
1759811062188806336,169474,1759811062185626496,base_link,-0.042154963096321336,-0.010870577071113477,0.029951320719478817,-0.9986028991512899,1.0,0.0,0.0,0.0,1.0,0.0,0.0,0.0,1.0,-0.029792115092277527,0.022251492366194718,-0.0677674412727356,1.2184696791468346e-07,0.0,0.0,0.0,1.2184696791468346e-07,0.0,0.0,0.0,1.2184696791468346e-07,0.5277017951011658,1.8095453977584852,10.285396575927734,8.999999999999999e-08,0.0,0.0,0.0,8.999999999999999e-08,0.0,0.0,0.0,8.999999999999999e-08
1759811062199144384,169475,1759811062194626496,base_link,-0.04186019198910319,-0.01104669953141739,0.029145009360616918,-0.9986372488328262,1.0,0.0,0.0,0.0,1.0,0.0,0.0,0.0,1.0,-0.026615841314196587,0.006343912798911376,0.3472270369529724,1.2184696791468346e-07,0.0,0.0,0.0,1.2184696791468346e-07,0.0,0.0,0.0,1.2184696791468346e-07,-0.30207332968711853,2.0909359455108656,9.53779125213623,8.999999999999999e-08,0.0,0.0,0.0,8.999999999999999e-08,0.0,0.0,0.0,8.999999999999999e-08
1759811062206868096,169476,1759811062201626496,base_link,-0.04180455156362373,-0.010788856966028885,0.027218476915183948,-0.9986967601829236,1.0,0.0,0.0,0.0,1.0,0.0,0.0,0.0,1.0,-0.028577538207173347,-0.03504852205514904,0.33569201827049255,1.2184696791468346e-07,0.0,0.0,0.0,1.2184696791468346e-07,0.0,0.0,0.0,1.2184696791468346e-07,-0.3253532648086548,0.04064315184950945,9.542553901672363,8.999999999999999e-08,0.0,0.0,0.0,8.999999999999999e-08,0.0,0.0,0.0,8.999999999999999e-08
1759811062217157408,169477,1759811062211626496,base_link,-0.041837380007346665,-0.010572779293336644,0.02702645587336831,-0.9987029136228062,1.0,0.0,0.0,0.0,1.0,0.0,0.0,0.0,1.0,0.023210836574435234,-0.02631650492548943,-0.0325755812227726,1.2184696791468346e-07,0.0,0.0,0.0,1.2184696791468346e-07,0.0,0.0,0.0,1.2184696791468346e-07,-0.449930340051651,-1.012576937675475,9.871179580688477,8.999999999999999e-08,0.0,0.0,0.0,8.999999999999999e-08,0.0,0.0,0.0,8.999999999999999e-08
1759811062226760608,169478,1759811062222626496,base_link,-0.04174464113555451,-0.010852866175115789,0.029206628053139845,-0.9986423907483445,1.0,0.0,0.0,0.0,1.0,0.0,0.0,0.0,1.0,-0.01702090911567211,0.05026663467288012,-0.46354326605796814,1.2184696791468346e-07,0.0,0.0,0.0,1.2184696791468346e-07,0.0,0.0,0.0,1.2184696791468346e-07,0.1480863094329834,0.6096603870391858,9.709325790405273,8.999999999999999e-08,0.0,0.0,0.0,8.999999999999999e-08,0.0,0.0,0.0,8.999999999999999e-08
1759811062235744992,169479,1759811062227626496,base_link,-0.041923355627041844,-0.011203215804629643,0.030236022681169927,-0.9986004124872276,1.0,0.0,0.0,0.0,1.0,0.0,0.0,0.0,1.0,0.01624426431953907,0.10511031001806254,-0.4359172582626343,1.2184696791468346e-07,0.0,0.0,0.0,1.2184696791468346e-07,0.0,0.0,0.0,1.2184696791468346e-07,0.2048870027065277,1.8309229612350475,9.415846824645996,8.999999999999999e-08,0.0,0.0,0.0,8.999999999999999e-08,0.0,0.0,0.0,8.999999999999999e-08
1759811062240812512,169480,1759811062233626496,base_link,-0.04169627762688826,-0.011516694844230561,0.03073546283602403,-0.9985911401805553,1.0,0.0,0.0,0.0,1.0,0.0,0.0,0.0,1.0,-0.04808768257498741,0.11497308313846587,-0.11851895600557329,1.2184696791468346e-07,0.0,0.0,0.0,1.2184696791468346e-07,0.0,0.0,0.0,1.2184696791468346e-07,0.7994310855865479,2.07807230949402,10.533915519714355,8.999999999999999e-08,0.0,0.0,0.0,8.999999999999999e-08,0.0,0.0,0.0,8.999999999999999e-08
1759811062247806848,169481,1759811062243626496,base_link,-0.04148131289441451,-0.01191269082777073,0.029522012920546875,-0.9986319804767624,1.0,0.0,0.0,0.0,1.0,0.0,0.0,0.0,1.0,-0.06518316268920898,0.07320141047239306,0.23194719851016998,1.2184696791468346e-07,0.0,0.0,0.0,1.2184696791468346e-07,0.0,0.0,0.0,1.2184696791468346e-07,-0.32711926102638245,2.076194286346437,9.365951538085938,8.999999999999999e-08,0.0,0.0,0.0,8.999999999999999e-08,0.0,0.0,0.0,8.999999999999999e-08
1759811062255323456,169482,1759811062248626496,base_link,-0.04137069190505259,-0.011929735276726338,0.028509856353557735,-0.9986658243961166,1.0,0.0,0.0,0.0,1.0,0.0,0.0,0.0,1.0,-0.048399779945611954,0.019653784111142207,0.3935762643814087,1.2184696791468346e-07,0.0,0.0,0.0,1.2184696791468346e-07,0.0,0.0,0.0,1.2184696791468346e-07,-0.19761236011981964,0.09100776910781995,10.975760459899902,8.999999999999999e-08,0.0,0.0,0.0,8.999999999999999e-08,0.0,0.0,0.0,8.999999999999999e-08
1759811062259921600,169483,1759811062254626496,base_link,-0.041354137413210916,-0.0118906453918215,0.027606902271060343,-0.9986922926169814,1.0,0.0,0.0,0.0,1.0,0.0,0.0,0.0,1.0,-0.025353725999593735,0.00012644182424996418,0.3344429135322571,1.2184696791468346e-07,0.0,0.0,0.0,1.2184696791468346e-07,0.0,0.0,0.0,1.2184696791468346e-07,-0.5612838268280029,0.2918704748153698,9.592804908752441,8.999999999999999e-08,0.0,0.0,0.0,8.999999999999999e-08,0.0,0.0,0.0,8.999999999999999e-08
1759811062274992256,169484,1759811062264624704,base_link,-0.04137882097845913,-0.011987502800966584,0.027476752802858738,-0.9986937256098308,1.0,0.0,0.0,0.0,1.0,0.0,0.0,0.0,1.0,0.01657562330365181,0.03118874318897721,-0.2492826282978058,1.2184696791468346e-07,0.0,0.0,0.0,1.2184696791468346e-07,0.0,0.0,0.0,1.2184696791468346e-07,-0.531897246837616,-1.149017572402953,9.446599006652832,8.999999999999999e-08,0.0,0.0,0.0,8.999999999999999e-08,0.0,0.0,0.0,8.999999999999999e-08
1759811062279786784,169485,1759811062275624704,base_link,-0.04137628031374733,-0.012464616979911046,0.029710704361330144,-0.9986240147223938,1.0,0.0,0.0,0.0,1.0,0.0,0.0,0.0,1.0,0.007613880094140768,0.08096401393413538,-0.43546441197395325,1.2184696791468346e-07,0.0,0.0,0.0,1.2184696791468346e-07,0.0,0.0,0.0,1.2184696791468346e-07,-0.3448002338409424,0.6117433905601513,9.374557495117188,8.999999999999999e-08,0.0,0.0,0.0,8.999999999999999e-08,0.0,0.0,0.0,8.999999999999999e-08
1759811062286808288,169486,1759811062280624704,base_link,-0.041463276677429876,-0.012866213225947101,0.030835814482328458,-0.9985812356711552,1.0,0.0,0.0,0.0,1.0,0.0,0.0,0.0,1.0,0.019836468622088432,0.13688272237777704,-0.4410875141620636,1.2184696791468346e-07,0.0,0.0,0.0,1.2184696791468346e-07,0.0,0.0,0.0,1.2184696791468346e-07,0.28374266624450684,2.034789085388185,9.589705467224121,8.999999999999999e-08,0.0,0.0,0.0,8.999999999999999e-08,0.0,0.0,0.0,8.999999999999999e-08
1759811062293890848,169487,1759811062289624704,base_link,-0.04129098562907341,-0.013233544084143798,0.03149461187140225,-0.99856298608575,1.0,0.0,0.0,0.0,1.0,0.0,0.0,0.0,1.0,-0.05433239787817001,0.13282366096973416,-0.1483000218868256,1.2184696791468346e-07,0.0,0.0,0.0,1.2184696791468346e-07,0.0,0.0,0.0,1.2184696791468346e-07,1.0466527938842773,2.061043262481691,10.904711723327637,8.999999999999999e-08,0.0,0.0,0.0,8.999999999999999e-08,0.0,0.0,0.0,8.999999999999999e-08
1759811062300059040,169488,1759811062291624704,base_link,-0.041124260598898406,-0.0135199134805291,0.031203630029283006,-0.9985752086718181,1.0,0.0,0.0,0.0,1.0,0.0,0.0,0.0,1.0,-0.05660245567560196,0.09238703548908236,0.25220975279808044,1.2184696791468346e-07,0.0,0.0,0.0,1.2184696791468346e-07,0.0,0.0,0.0,1.2184696791468346e-07,0.5846661329269409,2.038235902786256,9.46978759765625,8.999999999999999e-08,0.0,0.0,0.0,8.999999999999999e-08,0.0,0.0,0.0,8.999999999999999e-08
1759811062305032800,169489,1759811062300624704,base_link,-0.041065135155882705,-0.013746172251314755,0.030428338750925127,-0.9985984315853477,1.0,0.0,0.0,0.0,1.0,0.0,0.0,0.0,1.0,-0.025882793590426445,0.07086805999279026,0.33440443873405457,1.2184696791468346e-07,0.0,0.0,0.0,1.2184696791468346e-07,0.0,0.0,0.0,1.2184696791468346e-07,-0.974122166633606,1.837813138961793,9.24038314819336,8.999999999999999e-08,0.0,0.0,0.0,8.999999999999999e-08,0.0,0.0,0.0,8.999999999999999e-08
1759811062312937760,169490,1759811062301624704,base_link,-0.04104552633461301,-0.013704604921970885,0.029456685305354963,-0.9986289459036696,1.0,0.0,0.0,0.0,1.0,0.0,0.0,0.0,1.0,-0.018599364906549454,0.005950300954282327,0.35743430256843567,1.2184696791468346e-07,0.0,0.0,0.0,1.2184696791468346e-07,0.0,0.0,0.0,1.2184696791468346e-07,-0.9199351668357849,0.39607277512550493,11.178421020507812,8.999999999999999e-08,0.0,0.0,0.0,8.999999999999999e-08,0.0,0.0,0.0,8.999999999999999e-08
1759811062318279072,169491,1759811062312624704,base_link,-0.0411312885858876,-0.013571295757219944,0.028522795436050567,-0.9986544026001701,1.0,0.0,0.0,0.0,1.0,0.0,0.0,0.0,1.0,0.03335992246866226,-0.017903698608279214,0.12737047672271729,1.2184696791468346e-07,0.0,0.0,0.0,1.2184696791468346e-07,0.0,0.0,0.0,1.2184696791468346e-07,-0.6422287821769714,-1.210614800453185,9.015799522399902,8.999999999999999e-08,0.0,0.0,0.0,8.999999999999999e-08,0.0,0.0,0.0,8.999999999999999e-08
1759811062329866176,169492,1759811062322624704,base_link,-0.041310768306093204,-0.013797152815855728,0.03010848631757597,-0.9985972936204379,1.0,0.0,0.0,0.0,1.0,0.0,0.0,0.0,1.0,0.016955170780420303,0.04958603903651232,-0.4343889057636261,1.2184696791468346e-07,0.0,0.0,0.0,1.2184696791468346e-07,0.0,0.0,0.0,1.2184696791468346e-07,-1.4169334173202515,-0.14765200018882635,9.441596984863281,8.999999999999999e-08,0.0,0.0,0.0,8.999999999999999e-08,0.0,0.0,0.0,8.999999999999999e-08
1759811062335743136,169493,1759811062332624704,base_link,-0.04138138535077321,-0.014050423765269817,0.031446985932584916,-0.9985495833879235,1.0,0.0,0.0,0.0,1.0,0.0,0.0,0.0,1.0,0.04095756635069847,0.08854054659605021,-0.5060266852378845,1.2184696791468346e-07,0.0,0.0,0.0,1.2184696791468346e-07,0.0,0.0,0.0,1.2184696791468346e-07,-0.7131653428077698,1.1243264675140392,9.882566452026367,8.999999999999999e-08,0.0,0.0,0.0,8.999999999999999e-08,0.0,0.0,0.0,8.999999999999999e-08
1759811062340901664,169494,1759811062333624704,base_link,-0.04140704751316029,-0.014441636081504002,0.032522447066037415,-0.9985084902106254,1.0,0.0,0.0,0.0,1.0,0.0,0.0,0.0,1.0,0.021545065566897392,0.10385696589946743,-0.364820659160614,1.2184696791468346e-07,0.0,0.0,0.0,1.2184696791468346e-07,0.0,0.0,0.0,1.2184696791468346e-07,0.3234977722167969,2.061623334884645,9.233209609985352,8.999999999999999e-08,0.0,0.0,0.0,8.999999999999999e-08,0.0,0.0,0.0,8.999999999999999e-08
1759811062351913024,169495,1759811062338624704,base_link,-0.04149798065591155,-0.014634114153208174,0.03304224414872225,-0.9984848458286109,1.0,0.0,0.0,0.0,1.0,0.0,0.0,0.0,1.0,-0.03337937965989113,0.07165735214948656,0.06350045651197432,1.2184696791468346e-07,0.0,0.0,0.0,1.2184696791468346e-07,0.0,0.0,0.0,1.2184696791468346e-07,1.0082823038101196,2.140990495681764,10.298135757446289,8.999999999999999e-08,0.0,0.0,0.0,8.999999999999999e-08,0.0,0.0,0.0,8.999999999999999e-08
1759811062354972352,169496,1759811062349624704,base_link,-0.04125212360056833,-0.014852791759617932,0.03184632732222567,-0.9985307437466392,1.0,0.0,0.0,0.0,1.0,0.0,0.0,0.0,1.0,-0.04104479402303696,0.02942357026040557,0.25829175114631653,1.2184696791468346e-07,0.0,0.0,0.0,1.2184696791468346e-07,0.0,0.0,0.0,1.2184696791468346e-07,-1.0910871028900146,0.9776481389999402,9.907980918884277,8.999999999999999e-08,0.0,0.0,0.0,8.999999999999999e-08,0.0,0.0,0.0,8.999999999999999e-08
1759811062359165216,169497,1759811062354624704,base_link,-0.041376888808872705,-0.014739627471366182,0.030956185881675594,-0.9985551889187755,1.0,0.0,0.0,0.0,1.0,0.0,0.0,0.0,1.0,0.003188271541148424,-0.018349522724747616,0.34119713306427,1.2184696791468346e-07,0.0,0.0,0.0,1.2184696791468346e-07,0.0,0.0,0.0,1.2184696791468346e-07,-0.9378244280815125,0.7576068043708815,10.503528594970703,8.999999999999999e-08,0.0,0.0,0.0,8.999999999999999e-08,0.0,0.0,0.0,8.999999999999999e-08
1759811062373294720,169498,1759811062365622912,base_link,-0.04133373965562066,-0.014379568261626629,0.030243103351719737,-0.9985841438037025,1.0,0.0,0.0,0.0,1.0,0.0,0.0,0.0,1.0,0.012708213180303574,-0.06059928238391874,0.14310282468795776,1.2184696791468346e-07,0.0,0.0,0.0,1.2184696791468346e-07,0.0,0.0,0.0,1.2184696791468346e-07,-0.878063440322876,-0.46821117401122936,9.086915016174316,8.999999999999999e-08,0.0,0.0,0.0,8.999999999999999e-08,0.0,0.0,0.0,8.999999999999999e-08
1759811062381180768,169499,1759811062376622912,base_link,-0.04148368365464325,-0.01442098149155563,0.031953127436352285,-0.9985240002508774,1.0,0.0,0.0,0.0,1.0,0.0,0.0,0.0,1.0,0.010715746320784092,-0.005283119156956723,-0.4126456379890442,1.2184696791468346e-07,0.0,0.0,0.0,1.2184696791468346e-07,0.0,0.0,0.0,1.2184696791468346e-07,-1.3473107814788818,-0.5960659384727466,9.785306930541992,8.999999999999999e-08,0.0,0.0,0.0,8.999999999999999e-08,0.0,0.0,0.0,8.999999999999999e-08
1759811062387861952,169500,1759811062381622912,base_link,-0.04159487494354908,-0.014595440468432381,0.033166450911283875,-0.9984773015427274,1.0,0.0,0.0,0.0,1.0,0.0,0.0,0.0,1.0,0.025141030550003052,0.031564112752675955,-0.48041248321533203,1.2184696791468346e-07,0.0,0.0,0.0,1.2184696791468346e-07,0.0,0.0,0.0,1.2184696791468346e-07,-0.05907478556036949,1.8960963487625133,9.83010482788086,8.999999999999999e-08,0.0,0.0,0.0,8.999999999999999e-08,0.0,0.0,0.0,8.999999999999999e-08
1759811062397017248,169501,1759811062386622912,base_link,-0.04157444294164441,-0.014683386453295443,0.03400909285356217,-0.9984485152451944,1.0,0.0,0.0,0.0,1.0,0.0,0.0,0.0,1.0,-0.022695638239383698,-0.0012635806342586894,-0.01573053002357483,1.2184696791468346e-07,0.0,0.0,0.0,1.2184696791468346e-07,0.0,0.0,0.0,1.2184696791468346e-07,0.6198896169662476,2.360590219497682,9.743825912475586,8.999999999999999e-08,0.0,0.0,0.0,8.999999999999999e-08,0.0,0.0,0.0,8.999999999999999e-08
1759811062401867072,169502,1759811062397622912,base_link,-0.04148269452079226,-0.01469061463781506,0.03336243375685954,-0.9984740140885435,1.0,0.0,0.0,0.0,1.0,0.0,0.0,0.0,1.0,-0.024970345199108124,-0.005020945798605665,0.12692296504974365,1.2184696791468346e-07,0.0,0.0,0.0,1.2184696791468346e-07,0.0,0.0,0.0,1.2184696791468346e-07,-0.7478512525558472,1.452402710914613,9.247389793395996,8.999999999999999e-08,0.0,0.0,0.0,8.999999999999999e-08,0.0,0.0,0.0,8.999999999999999e-08
1759811062413004096,169503,1759811062407622912,base_link,-0.04138246009541024,-0.014277895575039178,0.03161746993481152,-0.9985409432839788,1.0,0.0,0.0,0.0,1.0,0.0,0.0,0.0,1.0,-0.014934374950826168,-0.06886916607618328,0.35708943009376526,1.2184696791468346e-07,0.0,0.0,0.0,1.2184696791468346e-07,0.0,0.0,0.0,1.2184696791468346e-07,-0.11373363435268402,1.1031435728073131,9.774317741394043,8.999999999999999e-08,0.0,0.0,0.0,8.999999999999999e-08,0.0,0.0,0.0,8.999999999999999e-08
1759811062420881312,169504,1759811062412622912,base_link,-0.041359166059073874,-0.0138618772042783,0.03113859744203071,-0.9985628596452045,1.0,0.0,0.0,0.0,1.0,0.0,0.0,0.0,1.0,0.0027321679517626762,-0.08086186647415158,0.17126412689685822,1.2184696791468346e-07,0.0,0.0,0.0,1.2184696791468346e-07,0.0,0.0,0.0,1.2184696791468346e-07,-0.3450693190097809,-0.09473822265863299,9.775187492370605,8.999999999999999e-08,0.0,0.0,0.0,8.999999999999999e-08,0.0,0.0,0.0,8.999999999999999e-08
1759811062430791008,169505,1759811062423622912,base_link,-0.04155401884227383,-0.013541900964561628,0.03156731518508351,-0.9985456637310121,1.0,0.0,0.0,0.0,1.0,0.0,0.0,0.0,1.0,0.0461057610809803,-0.0843586176633835,-0.08591377735137938,1.2184696791468346e-07,0.0,0.0,0.0,1.2184696791468346e-07,0.0,0.0,0.0,1.2184696791468346e-07,-1.2902642488479614,-0.30962380766868475,9.39171028137207,8.999999999999999e-08,0.0,0.0,0.0,8.999999999999999e-08,0.0,0.0,0.0,8.999999999999999e-08
1759811062435897696,169506,1759811062428622912,base_link,-0.04146207812642535,-0.013447336607393341,0.032635442766895145,-0.998516455964994,1.0,0.0,0.0,0.0,1.0,0.0,0.0,0.0,1.0,0.037983302026987076,-0.032507333904504825,-0.394611120223999,1.2184696791468346e-07,0.0,0.0,0.0,1.2184696791468346e-07,0.0,0.0,0.0,1.2184696791468346e-07,-0.8414838910102844,0.09299429506063583,10.000597953796387,8.999999999999999e-08,0.0,0.0,0.0,8.999999999999999e-08,0.0,0.0,0.0,8.999999999999999e-08
1759811062441343840,169507,1759811062434622912,base_link,-0.04162538531060392,-0.013548221674749245,0.033515848285439166,-0.9984790717103649,1.0,0.0,0.0,0.0,1.0,0.0,0.0,0.0,1.0,0.029500626027584076,-0.009116986766457601,-0.3534295856952667,1.2184696791468346e-07,0.0,0.0,0.0,1.2184696791468346e-07,0.0,0.0,0.0,1.2184696791468346e-07,-0.05799463763833046,1.9256635904312145,9.02120590209961,8.999999999999999e-08,0.0,0.0,0.0,8.999999999999999e-08,0.0,0.0,0.0,8.999999999999999e-08
1759811062447137152,169508,1759811062439622912,base_link,-0.041625377408069826,-0.013386354068865123,0.03412798911321144,-0.99846052709702,1.0,0.0,0.0,0.0,1.0,0.0,0.0,0.0,1.0,-0.009769671596586704,-0.026695623993873614,-0.14459358155727386,1.2184696791468346e-07,0.0,0.0,0.0,1.2184696791468346e-07,0.0,0.0,0.0,1.2184696791468346e-07,0.4445456564426422,1.9042226076126112,10.559402465820312,8.999999999999999e-08,0.0,0.0,0.0,8.999999999999999e-08,0.0,0.0,0.0,8.999999999999999e-08
1759811062454017280,169509,1759811062449622912,base_link,-0.04143187727528926,-0.013048672201506824,0.03310403142863926,-0.9985076051268067,1.0,0.0,0.0,0.0,1.0,0.0,0.0,0.0,1.0,-0.0347808413207531,-0.06906695663928983,0.1975121647119522,1.2184696791468346e-07,0.0,0.0,0.0,1.2184696791468346e-07,0.0,0.0,0.0,1.2184696791468346e-07,-0.5337694883346558,1.53459393978119,9.599750518798828,8.999999999999999e-08,0.0,0.0,0.0,8.999999999999999e-08,0.0,0.0,0.0,8.999999999999999e-08
1759811062459927872,169510,1759811062455622912,base_link,-0.04130901789479099,-0.012792647218960352,0.03202861244203526,-0.9985510163807729,1.0,0.0,0.0,0.0,1.0,0.0,0.0,0.0,1.0,-0.0382855199277401,-0.09386259317398067,0.39301326870918274,1.2184696791468346e-07,0.0,0.0,0.0,1.2184696791468346e-07,0.0,0.0,0.0,1.2184696791468346e-07,-0.3827861249446869,0.6441742181777967,10.595696449279785,8.999999999999999e-08,0.0,0.0,0.0,8.999999999999999e-08,0.0,0.0,0.0,8.999999999999999e-08
1759811062470707456,169511,1759811062465621632,base_link,-0.04110739132278192,-0.012056638120503626,0.030585462202173744,-0.9986137730382056,1.0,0.0,0.0,0.0,1.0,0.0,0.0,0.0,1.0,-0.030579980462789536,-0.12178853899240491,0.25020667910575867,1.2184696791468346e-07,0.0,0.0,0.0,1.2184696791468346e-07,0.0,0.0,0.0,1.2184696791468346e-07,-0.42695701122283936,-0.1570704281330097,9.597820281982422,8.999999999999999e-08,0.0,0.0,0.0,8.999999999999999e-08,0.0,0.0,0.0,8.999999999999999e-08
1759811062475815744,169512,1759811062471621632,base_link,-0.041196547712450654,-0.011923664813451754,0.03057690639192606,-0.9986119607237197,1.0,0.0,0.0,0.0,1.0,0.0,0.0,0.0,1.0,0.0117592578753829,-0.08469902724027634,0.04284461215138436,1.2184696791468346e-07,0.0,0.0,0.0,1.2184696791468346e-07,0.0,0.0,0.0,1.2184696791468346e-07,-0.7389649748802185,-0.2502019405364979,8.962362289428711,8.999999999999999e-08,0.0,0.0,0.0,8.999999999999999e-08,0.0,0.0,0.0,8.999999999999999e-08
1759811062487819840,169513,1759811062481621632,base_link,-0.041201305037976324,-0.011672290472220655,0.03256075855133379,-0.9985519436114402,1.0,0.0,0.0,0.0,1.0,0.0,0.0,0.0,1.0,-0.006768047343939543,-0.041069526225328494,-0.4158153533935547,1.2184696791468346e-07,0.0,0.0,0.0,1.2184696791468346e-07,0.0,0.0,0.0,1.2184696791468346e-07,0.04320232942700386,0.5434125661849988,10.266683578491211,8.999999999999999e-08,0.0,0.0,0.0,8.999999999999999e-08,0.0,0.0,0.0,8.999999999999999e-08
1759811062493844960,169514,1759811062486621632,base_link,-0.041226897394645544,-0.011720091583877087,0.03338502446766138,-0.9985231573139073,1.0,0.0,0.0,0.0,1.0,0.0,0.0,0.0,1.0,-0.002385189291089773,0.013091219589114151,-0.3100164234638214,1.2184696791468346e-07,0.0,0.0,0.0,1.2184696791468346e-07,0.0,0.0,0.0,1.2184696791468346e-07,0.4059756398200989,2.2799434661865248,9.145493507385254,8.999999999999999e-08,0.0,0.0,0.0,8.999999999999999e-08,0.0,0.0,0.0,8.999999999999999e-08
1759811062500969696,169515,1759811062492621632,base_link,-0.04113290333702117,-0.011676254910158711,0.0336458713130953,-0.9985188161885106,1.0,0.0,0.0,0.0,1.0,0.0,0.0,0.0,1.0,-0.04142516478896141,0.003095871768891815,0.028850097209215164,1.2184696791468346e-07,0.0,0.0,0.0,1.2184696791468346e-07,0.0,0.0,0.0,1.2184696791468346e-07,0.5984540581703186,2.0107896327972425,10.412185668945312,8.999999999999999e-08,0.0,0.0,0.0,8.999999999999999e-08,0.0,0.0,0.0,8.999999999999999e-08
1759811062509951232,169516,1759811062502621632,base_link,-0.040921312986606326,-0.011466629656555684,0.032263918297271585,-0.9985755036997578,1.0,0.0,0.0,0.0,1.0,0.0,0.0,0.0,1.0,-0.03565223515033722,-0.04510369896888729,0.3185061812400818,1.2184696791468346e-07,0.0,0.0,0.0,1.2184696791468346e-07,0.0,0.0,0.0,1.2184696791468346e-07,-0.4584571123123169,0.8848410248756421,9.528889656066895,8.999999999999999e-08,0.0,0.0,0.0,8.999999999999999e-08,0.0,0.0,0.0,8.999999999999999e-08
1759811062516561600,169517,1759811062508621632,base_link,-0.04081676114342997,-0.011317736694567837,0.031238401179304532,-0.9986141102129937,1.0,0.0,0.0,0.0,1.0,0.0,0.0,0.0,1.0,-0.035769280046224594,-0.06691466271877285,0.39389291405677795,1.2184696791468346e-07,0.0,0.0,0.0,1.2184696791468346e-07,0.0,0.0,0.0,1.2184696791468346e-07,-0.2370624989271164,0.5342755913734448,10.119863510131836,8.999999999999999e-08,0.0,0.0,0.0,8.999999999999999e-08,0.0,0.0,0.0,8.999999999999999e-08
1759811062521114752,169518,1759811062513621632,base_link,-0.04076008153471691,-0.011001026835610758,0.030405537305880734,-0.9986456782025284,1.0,0.0,0.0,0.0,1.0,0.0,0.0,0.0,1.0,-0.036082636564970016,-0.08855119347572322,0.2935776114463806,1.2184696791468346e-07,0.0,0.0,0.0,1.2184696791468346e-07,0.0,0.0,0.0,1.2184696791468346e-07,-0.029653580859303474,1.0542665719985975,10.254581451416016,8.999999999999999e-08,0.0,0.0,0.0,8.999999999999999e-08,0.0,0.0,0.0,8.999999999999999e-08
1759811062527587360,169519,1759811062524621632,base_link,-0.04072882174401199,-0.010618947214613279,0.030121046078432186,-0.998659755249931,1.0,0.0,0.0,0.0,1.0,0.0,0.0,0.0,1.0,0.007433184888213873,-0.07009263336658476,0.06017733737826348,1.2184696791468346e-07,0.0,0.0,0.0,1.2184696791468346e-07,0.0,0.0,0.0,1.2184696791468346e-07,-0.8154160380363464,-1.0637377500534047,9.156781196594238,8.999999999999999e-08,0.0,0.0,0.0,8.999999999999999e-08,0.0,0.0,0.0,8.999999999999999e-08
1759811062533783968,169520,1759811062529621632,base_link,-0.04072262747436991,-0.010609499735101759,0.031207971154679662,-0.99862666997385,1.0,0.0,0.0,0.0,1.0,0.0,0.0,0.0,1.0,0.018603894859552383,-0.03494410216808322,-0.23790766298770905,1.2184696791468346e-07,0.0,0.0,0.0,1.2184696791468346e-07,0.0,0.0,0.0,1.2184696791468346e-07,-0.456355482339859,-0.8712912797927844,9.861279487609863,8.999999999999999e-08,0.0,0.0,0.0,8.999999999999999e-08,0.0,0.0,0.0,8.999999999999999e-08
1759811062538673632,169521,1759811062534621632,base_link,-0.04073488167057445,-0.010809028184308397,0.03230737169808632,-0.9985890328381297,1.0,0.0,0.0,0.0,1.0,0.0,0.0,0.0,1.0,0.009081990458071232,0.03205458447337145,-0.4300999343395233,1.2184696791468346e-07,0.0,0.0,0.0,1.2184696791468346e-07,0.0,0.0,0.0,1.2184696791468346e-07,0.2266455888748169,1.6799849271774303,9.517012596130371,8.999999999999999e-08,0.0,0.0,0.0,8.999999999999999e-08,0.0,0.0,0.0,8.999999999999999e-08
1759811062552828032,169522,1759811062545621632,base_link,-0.0407170416998532,-0.011214951067761894,0.032940038041083336,-0.998564629812842,1.0,0.0,0.0,0.0,1.0,0.0,0.0,0.0,1.0,-0.007429797668009996,0.058528319001197815,0.005343585740774863,1.2184696791468346e-07,0.0,0.0,0.0,1.2184696791468346e-07,0.0,0.0,0.0,1.2184696791468346e-07,0.723145067691803,2.2280325889587416,10.183760643005371,8.999999999999999e-08,0.0,0.0,0.0,8.999999999999999e-08,0.0,0.0,0.0,8.999999999999999e-08
1759811062558983840,169523,1759811062550621632,base_link,-0.040600456931426984,-0.01137538436370763,0.03226851230375929,-0.9985895386003119,1.0,0.0,0.0,0.0,1.0,0.0,0.0,0.0,1.0,-0.04147030785679817,0.044036448001861614,0.31552132964134216,1.2184696791468346e-07,0.0,0.0,0.0,1.2184696791468346e-07,0.0,0.0,0.0,1.2184696791468346e-07,-0.14151784777641296,1.1199197769165052,10.11021900177002,8.999999999999999e-08,0.0,0.0,0.0,8.999999999999999e-08,0.0,0.0,0.0,8.999999999999999e-08
1759811062563488032,169524,1759811062559620352,base_link,-0.04057029954422842,-0.011279227645919042,0.031161230299681063,-0.9986270492954865,1.0,0.0,0.0,0.0,1.0,0.0,0.0,0.0,1.0,-0.025232212617993355,0.012007789686322268,0.4504071772098541,1.2184696791468346e-07,0.0,0.0,0.0,1.2184696791468346e-07,0.0,0.0,0.0,1.2184696791468346e-07,-0.16615118086338043,0.9425588846206677,10.214336395263672,8.999999999999999e-08,0.0,0.0,0.0,8.999999999999999e-08,0.0,0.0,0.0,8.999999999999999e-08
1759811062571239200,169525,1759811062566620352,base_link,-0.0405071385404678,-0.011089855270114515,0.029190190782220616,-0.9986912810926172,1.0,0.0,0.0,0.0,1.0,0.0,0.0,0.0,1.0,-0.011038562282919884,-0.030876098200678784,0.35392358899116516,1.2184696791468346e-07,0.0,0.0,0.0,1.2184696791468346e-07,0.0,0.0,0.0,1.2184696791468346e-07,-0.5723484754562378,0.09518604725599406,9.51135540008545,8.999999999999999e-08,0.0,0.0,0.0,8.999999999999999e-08,0.0,0.0,0.0,8.999999999999999e-08
1759811062579764736,169526,1759811062575620352,base_link,-0.04047873683292752,-0.011042239868009332,0.02894944798352635,-0.9986999633434104,1.0,0.0,0.0,0.0,1.0,0.0,0.0,0.0,1.0,0.021556438878178596,-0.01193541567772627,-0.020375289022922516,1.2184696791468346e-07,0.0,0.0,0.0,1.2184696791468346e-07,0.0,0.0,0.0,1.2184696791468346e-07,-0.5206764936447144,-0.9863047599792469,9.47335147857666,8.999999999999999e-08,0.0,0.0,0.0,8.999999999999999e-08,0.0,0.0,0.0,8.999999999999999e-08
1759811062584714176,169527,1759811062576620352,base_link,-0.04063366733096455,-0.01116333434922621,0.029650897983293206,-0.9986716828080596,1.0,0.0,0.0,0.0,1.0,0.0,0.0,0.0,1.0,0.0222050491720438,0.04945288598537441,-0.3613833487033844,1.2184696791468346e-07,0.0,0.0,0.0,1.2184696791468346e-07,0.0,0.0,0.0,1.2184696791468346e-07,-0.5200490951538086,-0.8734678030014027,9.402524948120117,8.999999999999999e-08,0.0,0.0,0.0,8.999999999999999e-08,0.0,0.0,0.0,8.999999999999999e-08
1759811062594624864,169528,1759811062587620352,base_link,-0.04067032191827887,-0.011710977327886608,0.03181024961990033,-0.9985975043546804,1.0,0.0,0.0,0.0,1.0,0.0,0.0,0.0,1.0,0.01904667355120182,0.09235153347253794,-0.4311249256134033,1.2184696791468346e-07,0.0,0.0,0.0,1.2184696791468346e-07,0.0,0.0,0.0,1.2184696791468346e-07,0.2209031879901886,1.486670494079591,9.36230182647705,8.999999999999999e-08,0.0,0.0,0.0,8.999999999999999e-08,0.0,0.0,0.0,8.999999999999999e-08
1759811062600883712,169529,1759811062598620352,base_link,-0.04077263207595005,-0.012406875797451124,0.0320708857310917,-0.998576599517819,1.0,0.0,0.0,0.0,1.0,0.0,0.0,0.0,1.0,0.011385616846382618,0.12780357897281647,-0.05029878765344621,1.2184696791468346e-07,0.0,0.0,0.0,1.2184696791468346e-07,0.0,0.0,0.0,1.2184696791468346e-07,0.20004190504550934,2.4076137542724623,9.585229873657227,8.999999999999999e-08,0.0,0.0,0.0,8.999999999999999e-08,0.0,0.0,0.0,8.999999999999999e-08
1759811062622140960,169530,1759811062608620352,base_link,-0.04073888825536102,-0.012771071983789822,0.030077719118163024,-0.9986353943714917,1.0,0.0,0.0,0.0,1.0,0.0,0.0,0.0,1.0,-0.008008025586605072,0.06934686005115515,0.40601590275764465,1.2184696791468346e-07,0.0,0.0,0.0,1.2184696791468346e-07,0.0,0.0,0.0,1.2184696791468346e-07,-0.5168429613113403,0.6654019355773938,10.105955123901367,8.999999999999999e-08,0.0,0.0,0.0,8.999999999999999e-08,0.0,0.0,0.0,8.999999999999999e-08
1759811062622150304,169531,1759811062614620352,base_link,-0.04068854252772573,-0.013000094007330973,0.029188083439795072,-0.9986608510679923,1.0,0.0,0.0,0.0,1.0,0.0,0.0,0.0,1.0,-0.0032320977188646793,0.06420253962278372,0.4034610390663147,1.2184696791468346e-07,0.0,0.0,0.0,1.2184696791468346e-07,0.0,0.0,0.0,1.2184696791468346e-07,-0.34729352593421936,0.19069205224514127,9.73332691192627,8.999999999999999e-08,0.0,0.0,0.0,8.999999999999999e-08,0.0,0.0,0.0,8.999999999999999e-08
1759811062630710976,169532,1759811062619620352,base_link,-0.04083123595171543,-0.012916522075089932,0.028565448046743627,-0.9986741273252733,1.0,0.0,0.0,0.0,1.0,0.0,0.0,0.0,1.0,0.03211924061179161,0.03552037850022318,0.17053744196891785,1.2184696791468346e-07,0.0,0.0,0.0,1.2184696791468346e-07,0.0,0.0,0.0,1.2184696791468346e-07,-0.6237370371818542,-0.05362473800778268,9.833945274353027,8.999999999999999e-08,0.0,0.0,0.0,8.999999999999999e-08,0.0,0.0,0.0,8.999999999999999e-08
1759811062633116000,169533,1759811062624620352,base_link,-0.04091927413280961,-0.013093224054560872,0.02853421723199706,-0.9986691118503005,1.0,0.0,0.0,0.0,1.0,0.0,0.0,0.0,1.0,0.06886330991983414,0.05281666666269302,-0.08487790077924728,1.2184696791468346e-07,0.0,0.0,0.0,1.2184696791468346e-07,0.0,0.0,0.0,1.2184696791468346e-07,-0.5724592208862305,-0.8797680139541614,9.593949317932129,8.999999999999999e-08,0.0,0.0,0.0,8.999999999999999e-08,0.0,0.0,0.0,8.999999999999999e-08
1759811062639793312,169534,1759811062635620352,base_link,-0.041287636271705806,-0.013696610191643976,0.030039491926563626,-0.9986017190395315,1.0,0.0,0.0,0.0,1.0,0.0,0.0,0.0,1.0,0.06590542197227478,0.13946270942687983,-0.3668026030063629,1.2184696791468346e-07,0.0,0.0,0.0,1.2184696791468346e-07,0.0,0.0,0.0,1.2184696791468346e-07,-0.7788498997688293,-0.5410358309745777,9.289779663085938,8.999999999999999e-08,0.0,0.0,0.0,8.999999999999999e-08,0.0,0.0,0.0,8.999999999999999e-08
1759811062645798784,169535,1759811062640620352,base_link,-0.04152399843233293,-0.014162361843647706,0.030956818084403252,-0.9985574227017466,1.0,0.0,0.0,0.0,1.0,0.0,0.0,0.0,1.0,0.06283619999885559,0.1632681488990783,-0.36190322041511536,1.2184696791468346e-07,0.0,0.0,0.0,1.2184696791468346e-07,0.0,0.0,0.0,1.2184696791468346e-07,-0.5360743403434753,0.5793849229812634,9.703007698059082,8.999999999999999e-08,0.0,0.0,0.0,8.999999999999999e-08,0.0,0.0,0.0,8.999999999999999e-08
1759811062651803904,169536,1759811062645620352,base_link,-0.04159841264464597,-0.014667366699594253,0.03149583413000903,-0.99853015369076,1.0,0.0,0.0,0.0,1.0,0.0,0.0,0.0,1.0,0.04118823632597923,0.1758863031864166,-0.25754934549331665,1.2184696791468346e-07,0.0,0.0,0.0,1.2184696791468346e-07,0.0,0.0,0.0,1.2184696791468346e-07,0.5036273002624512,1.8104639053344738,9.876579284667969,8.999999999999999e-08,0.0,0.0,0.0,8.999999999999999e-08,0.0,0.0,0.0,8.999999999999999e-08
1759811062664095744,169537,1759811062656620352,base_link,-0.04162213736909055,-0.015345513443401586,0.030410889955641614,-0.9985526601078648,1.0,0.0,0.0,0.0,1.0,0.0,0.0,0.0,1.0,-0.0012956296559423208,0.14102075994014743,0.2651142179965973,1.2184696791468346e-07,0.0,0.0,0.0,1.2184696791468346e-07,0.0,0.0,0.0,1.2184696791468346e-07,-0.7087720632553101,1.9820218086242687,9.587525367736816,8.999999999999999e-08,0.0,0.0,0.0,8.999999999999999e-08,0.0,0.0,0.0,8.999999999999999e-08
1759811062673579104,169538,1759811062666623680,base_link,-0.04215521992867945,-0.015484325406061232,0.027972231153952802,-0.9985994009628635,1.0,0.0,0.0,0.0,1.0,0.0,0.0,0.0,1.0,0.07187457382678986,0.05273315310478216,0.4731387794017792,1.2184696791468346e-07,0.0,0.0,0.0,1.2184696791468346e-07,0.0,0.0,0.0,1.2184696791468346e-07,-0.6642351746559143,-0.16467207670211675,9.455127716064453,8.999999999999999e-08,0.0,0.0,0.0,8.999999999999999e-08,0.0,0.0,0.0,8.999999999999999e-08
1759811062679152192,169539,1759811062672623680,base_link,-0.04249864298705834,-0.015352505868987346,0.027158249068661877,-0.9986093897659605,1.0,0.0,0.0,0.0,1.0,0.0,0.0,0.0,1.0,0.10672073811292648,-0.0007654769578948176,0.36073607206344604,1.2184696791468346e-07,0.0,0.0,0.0,1.2184696791468346e-07,0.0,0.0,0.0,1.2184696791468346e-07,-1.0206313133239746,-0.09875398874282716,9.821187019348145,8.999999999999999e-08,0.0,0.0,0.0,8.999999999999999e-08,0.0,0.0,0.0,8.999999999999999e-08
1759811062684107936,169540,1759811062677623680,base_link,-0.04291279109141655,-0.015412599372429786,0.0267695286848459,-0.9986012554241979,1.0,0.0,0.0,0.0,1.0,0.0,0.0,0.0,1.0,0.14384710788726807,0.009103678166866318,0.12992358207702637,1.2184696791468346e-07,0.0,0.0,0.0,1.2184696791468346e-07,0.0,0.0,0.0,1.2184696791468346e-07,-0.7437113523483276,-0.6204524040222156,10.167612075805664,8.999999999999999e-08,0.0,0.0,0.0,8.999999999999999e-08,0.0,0.0,0.0,8.999999999999999e-08
1759811062688819104,169541,1759811062682623680,base_link,-0.04312674298243702,-0.015511092606132698,0.027048920143624623,-0.9985829215450956,1.0,0.0,0.0,0.0,1.0,0.0,0.0,0.0,1.0,0.11485222727060318,0.03497858718037604,-0.11705046147108078,1.2184696791468346e-07,0.0,0.0,0.0,1.2184696791468346e-07,0.0,0.0,0.0,1.2184696791468346e-07,-0.9257494211196899,-1.0130856037139881,9.86712646484375,8.999999999999999e-08,0.0,0.0,0.0,8.999999999999999e-08,0.0,0.0,0.0,8.999999999999999e-08
1759811062695796704,169542,1759811062688623680,base_link,-0.04345989669775843,-0.015614996441513195,0.027996592032392093,-0.9985407325497363,1.0,0.0,0.0,0.0,1.0,0.0,0.0,0.0,1.0,0.1292516142129898,0.07439298927783962,-0.3529071509838104,1.2184696791468346e-07,0.0,0.0,0.0,1.2184696791468346e-07,0.0,0.0,0.0,1.2184696791468346e-07,-1.4059702157974243,-0.1310133486986149,9.183571815490723,8.999999999999999e-08,0.0,0.0,0.0,8.999999999999999e-08,0.0,0.0,0.0,8.999999999999999e-08
1759811062703831424,169543,1759811062693623680,base_link,-0.04383012515179025,-0.015953087923555462,0.028916236266899785,-0.9984930223172219,1.0,0.0,0.0,0.0,1.0,0.0,0.0,0.0,1.0,0.12825803458690643,0.06717871874570842,-0.34412455558776855,1.2184696791468346e-07,0.0,0.0,0.0,1.2184696791468346e-07,0.0,0.0,0.0,1.2184696791468346e-07,-0.41394224762916565,1.57506024837494,9.755224227905273,8.999999999999999e-08,0.0,0.0,0.0,8.999999999999999e-08,0.0,0.0,0.0,8.999999999999999e-08
1759811062713048160,169544,1759811062704623680,base_link,-0.04434387811298084,-0.016277230115829634,0.028967824009477106,-0.9984636038169613,1.0,0.0,0.0,0.0,1.0,0.0,0.0,0.0,1.0,0.09422115981578827,0.07766783982515335,-0.01312655210494996,1.2184696791468346e-07,0.0,0.0,0.0,1.2184696791468346e-07,0.0,0.0,0.0,1.2184696791468346e-07,1.1216765642166138,2.609452009201051,10.036219596862793,8.999999999999999e-08,0.0,0.0,0.0,8.999999999999999e-08,0.0,0.0,0.0,8.999999999999999e-08
1759811062713899264,169545,1759811062709623680,base_link,-0.04460230941715949,-0.016413962394933066,0.027843894000237086,-0.9984818534023665,1.0,0.0,0.0,0.0,1.0,0.0,0.0,0.0,1.0,0.09139977395534515,0.06673553586006169,0.30097076296806335,1.2184696791468346e-07,0.0,0.0,0.0,1.2184696791468346e-07,0.0,0.0,0.0,1.2184696791468346e-07,-0.5344794392585754,1.5175259113311779,9.632789611816406,8.999999999999999e-08,0.0,0.0,0.0,8.999999999999999e-08,0.0,0.0,0.0,8.999999999999999e-08
1759811062719752096,169546,1759811062714623680,base_link,-0.04494709961393695,-0.01616745338052694,0.02641115403195777,-0.9985093331475956,1.0,0.0,0.0,0.0,1.0,0.0,0.0,0.0,1.0,0.11522193253040314,-0.016642106696963244,0.5331034064292908,1.2184696791468346e-07,0.0,0.0,0.0,1.2184696791468346e-07,0.0,0.0,0.0,1.2184696791468346e-07,-1.306877851486206,0.49308761954307684,10.601855278015137,8.999999999999999e-08,0.0,0.0,0.0,8.999999999999999e-08,0.0,0.0,0.0,8.999999999999999e-08
1759811062727718400,169547,1759811062719623680,base_link,-0.04521849897656679,-0.016004371418570102,0.025123483516252928,-0.9985329353827618,1.0,0.0,0.0,0.0,1.0,0.0,0.0,0.0,1.0,0.1270083785057068,-0.09222324192523951,0.4539166986942291,1.2184696791468346e-07,0.0,0.0,0.0,1.2184696791468346e-07,0.0,0.0,0.0,1.2184696791468346e-07,-1.1059439182281494,-0.028542619198559525,9.720261573791504,8.999999999999999e-08,0.0,0.0,0.0,8.999999999999999e-08,0.0,0.0,0.0,8.999999999999999e-08
1759811062732929248,169548,1759811062730623680,base_link,-0.04617279977435159,-0.015403203259389887,0.024035167594004633,-0.9985255175374238,1.0,0.0,0.0,0.0,1.0,0.0,0.0,0.0,1.0,0.16995707154273987,-0.09020731598138806,0.22526787221431732,1.2184696791468346e-07,0.0,0.0,0.0,1.2184696791468346e-07,0.0,0.0,0.0,1.2184696791468346e-07,-0.9971177577972412,0.2802727520465862,8.93521785736084,8.999999999999999e-08,0.0,0.0,0.0,8.999999999999999e-08,0.0,0.0,0.0,8.999999999999999e-08
1759811062745132480,169549,1759811062739623680,base_link,-0.04655233214519219,-0.015320221383028002,0.024712467449574727,-0.9984926429955854,1.0,0.0,0.0,0.0,1.0,0.0,0.0,0.0,1.0,0.13139666616916656,-0.06761594116687777,-0.27988454699516296,1.2184696791468346e-07,0.0,0.0,0.0,1.2184696791468346e-07,0.0,0.0,0.0,1.2184696791468346e-07,-0.7247820496559143,-0.6285051107406603,10.713704109191895,8.999999999999999e-08,0.0,0.0,0.0,8.999999999999999e-08,0.0,0.0,0.0,8.999999999999999e-08
1759811062753487040,169550,1759811062746623680,base_link,-0.047391485118667205,-0.015293322474054941,0.02674487277846705,-0.9984011843343167,1.0,0.0,0.0,0.0,1.0,0.0,0.0,0.0,1.0,0.15953929722309113,-0.008233229629695464,-0.39250144362449646,1.2184696791468346e-07,0.0,0.0,0.0,1.2184696791468346e-07,0.0,0.0,0.0,1.2184696791468346e-07,-1.0190993547439575,0.5060929656028759,9.424347877502441,8.999999999999999e-08,0.0,0.0,0.0,8.999999999999999e-08,0.0,0.0,0.0,8.999999999999999e-08
1759811062761898656,169551,1759811062756623680,base_link,-0.047862706641354245,-0.015008495388907332,0.026622646917785424,-0.9983862643499438,1.0,0.0,0.0,0.0,1.0,0.0,0.0,0.0,1.0,0.09948143362998962,-0.0364498272538185,0.1007189229130745,1.2184696791468346e-07,0.0,0.0,0.0,1.2184696791468346e-07,0.0,0.0,0.0,1.2184696791468346e-07,0.496207594871521,2.1167042255401625,10.038925170898438,8.999999999999999e-08,0.0,0.0,0.0,8.999999999999999e-08,0.0,0.0,0.0,8.999999999999999e-08
1759811062770976992,169552,1759811062767623168,base_link,-0.04868872033480598,-0.014521985096922973,0.024568451668212997,-0.9984061998092895,1.0,0.0,0.0,0.0,1.0,0.0,0.0,0.0,1.0,0.12749268114566803,-0.08125964552164072,0.427446186542511,1.2184696791468346e-07,0.0,0.0,0.0,1.2184696791468346e-07,0.0,0.0,0.0,1.2184696791468346e-07,-0.6863956451416016,0.838159799575807,10.736176490783691,8.999999999999999e-08,0.0,0.0,0.0,8.999999999999999e-08,0.0,0.0,0.0,8.999999999999999e-08
1759811062780905376,169553,1759811062776623168,base_link,-0.048886993598180405,-0.014231647311332566,0.023448904931218116,-0.9984276525551815,1.0,0.0,0.0,0.0,1.0,0.0,0.0,0.0,1.0,0.13135308027267456,-0.11810258030891414,0.37451449036598206,1.2184696791468346e-07,0.0,0.0,0.0,1.2184696791468346e-07,0.0,0.0,0.0,1.2184696791468346e-07,0.0001963600516319275,0.8020480871200574,10.23145866394043,8.999999999999999e-08,0.0,0.0,0.0,8.999999999999999e-08,0.0,0.0,0.0,8.999999999999999e-08
1759811062786904960,169554,1759811062783623168,base_link,-0.04976102177170917,-0.01344132277894644,0.022703917236939562,-0.9984126482771116,1.0,0.0,0.0,0.0,1.0,0.0,0.0,0.0,1.0,0.16165010631084442,-0.13179357349872586,0.16776759922504428,1.2184696791468346e-07,0.0,0.0,0.0,1.2184696791468346e-07,0.0,0.0,0.0,1.2184696791468346e-07,-1.19962739944458,-1.1301485300064076,9.774528503417969,8.999999999999999e-08,0.0,0.0,0.0,8.999999999999999e-08,0.0,0.0,0.0,8.999999999999999e-08
1759811062794381824,169555,1759811062788623168,base_link,-0.05018747412165452,-0.013323190430926468,0.02362158056956726,-0.9983715550998136,1.0,0.0,0.0,0.0,1.0,0.0,0.0,0.0,1.0,0.17909738421440125,-0.09511153399944308,-0.23779156804084778,1.2184696791468346e-07,0.0,0.0,0.0,1.2184696791468346e-07,0.0,0.0,0.0,1.2184696791468346e-07,-1.8949317932128906,-0.53251552581787,8.87690544128418,8.999999999999999e-08,0.0,0.0,0.0,8.999999999999999e-08,0.0,0.0,0.0,8.999999999999999e-08
1759811062800303648,169556,1759811062793623168,base_link,-0.05066488464562758,-0.013118986315713156,0.024931293887043283,-0.9983183236301443,1.0,0.0,0.0,0.0,1.0,0.0,0.0,0.0,1.0,0.16636821627616882,-0.060556344687938746,-0.4755651354789734,1.2184696791468346e-07,0.0,0.0,0.0,1.2184696791468346e-07,0.0,0.0,0.0,1.2184696791468346e-07,-0.3977338969707489,1.2067319154739393,10.31094741821289,8.999999999999999e-08,0.0,0.0,0.0,8.999999999999999e-08,0.0,0.0,0.0,8.999999999999999e-08
1759811062807555744,169557,1759811062799623168,base_link,-0.05102007194309707,-0.013170932306502832,0.02591310472310455,-0.9982745330545415,1.0,0.0,0.0,0.0,1.0,0.0,0.0,0.0,1.0,0.11966434121131897,-0.03360192477703097,-0.2495691478252411,1.2184696791468346e-07,0.0,0.0,0.0,1.2184696791468346e-07,0.0,0.0,0.0,1.2184696791468346e-07,0.8037869930267334,2.798057317733766,10.192584991455078,8.999999999999999e-08,0.0,0.0,0.0,8.999999999999999e-08,0.0,0.0,0.0,8.999999999999999e-08
1759811062813819936,169558,1759811062809623168,base_link,-0.05146779001229421,-0.012929459840493759,0.02555013606372873,-0.9982640806361107,1.0,0.0,0.0,0.0,1.0,0.0,0.0,0.0,1.0,0.08717483282089233,-0.028643634170293798,0.07256937026977539,1.2184696791468346e-07,0.0,0.0,0.0,1.2184696791468346e-07,0.0,0.0,0.0,1.2184696791468346e-07,0.2477172166109085,1.6566591262817394,9.944649696350098,8.999999999999999e-08,0.0,0.0,0.0,8.999999999999999e-08,0.0,0.0,0.0,8.999999999999999e-08
1759811062820747712,169559,1759811062814623168,base_link,-0.05160989206331573,-0.012833866836804004,0.024482767125190322,-0.9982846904450325,1.0,0.0,0.0,0.0,1.0,0.0,0.0,0.0,1.0,0.08147452771663666,-0.03949600458145137,0.42127272486686707,1.2184696791468346e-07,0.0,0.0,0.0,1.2184696791468346e-07,0.0,0.0,0.0,1.2184696791468346e-07,-0.9355632066726685,1.9395837783813488,9.792654037475586,8.999999999999999e-08,0.0,0.0,0.0,8.999999999999999e-08,0.0,0.0,0.0,8.999999999999999e-08
1759811062827230432,169560,1759811062824623168,base_link,-0.05196417056936421,-0.01245636014886996,0.02325355428837013,-0.9983004955132242,1.0,0.0,0.0,0.0,1.0,0.0,0.0,0.0,1.0,0.09188482165336609,-0.08241069316864008,0.44423794746398926,1.2184696791468346e-07,0.0,0.0,0.0,1.2184696791468346e-07,0.0,0.0,0.0,1.2184696791468346e-07,0.16278283298015594,0.621811628341676,10.180708885192871,8.999999999999999e-08,0.0,0.0,0.0,8.999999999999999e-08,0.0,0.0,0.0,8.999999999999999e-08
1759811062830819488,169561,1759811062825623168,base_link,-0.05225795781108743,-0.012283829390312584,0.022333277851134762,-0.9983082926801987,1.0,0.0,0.0,0.0,1.0,0.0,0.0,0.0,1.0,0.10593326389789581,-0.07290025055408472,0.4043581783771515,1.2184696791468346e-07,0.0,0.0,0.0,1.2184696791468346e-07,0.0,0.0,0.0,1.2184696791468346e-07,0.19243188202381134,0.9841287136077892,9.417572021484375,8.999999999999999e-08,0.0,0.0,0.0,8.999999999999999e-08,0.0,0.0,0.0,8.999999999999999e-08
1759811062840822784,169562,1759811062836623168,base_link,-0.05292536896232563,-0.011809735296481726,0.0222248761567647,-0.9982813186971518,1.0,0.0,0.0,0.0,1.0,0.0,0.0,0.0,1.0,0.15264658629894257,-0.06956572830677034,-0.0611768327653408,1.2184696791468346e-07,0.0,0.0,0.0,1.2184696791468346e-07,0.0,0.0,0.0,1.2184696791468346e-07,-1.0860419273376465,-1.4974564313888539,9.424732208251953,8.999999999999999e-08,0.0,0.0,0.0,8.999999999999999e-08,0.0,0.0,0.0,8.999999999999999e-08
1759811062852102848,169563,1759811062846623168,base_link,-0.05353596747886016,-0.011757735305042398,0.024690256060409477,-0.998191419469278,1.0,0.0,0.0,0.0,1.0,0.0,0.0,0.0,1.0,0.1150481253862381,-0.021924084052443563,-0.48458364605903625,1.2184696791468346e-07,0.0,0.0,0.0,1.2184696791468346e-07,0.0,0.0,0.0,1.2184696791468346e-07,0.2509949207305908,2.01736617088318,10.19863224029541,8.999999999999999e-08,0.0,0.0,0.0,8.999999999999999e-08,0.0,0.0,0.0,8.999999999999999e-08
1759811062861961024,169564,1759811062857623168,base_link,-0.05404879847773957,-0.011994586105694444,0.025679231860717616,-0.9981359963634862,1.0,0.0,0.0,0.0,1.0,0.0,0.0,0.0,1.0,0.0789211243391037,0.02900801226496694,-0.1994195282459259,1.2184696791468346e-07,0.0,0.0,0.0,1.2184696791468346e-07,0.0,0.0,0.0,1.2184696791468346e-07,0.8597543239593506,2.108813285827638,10.25150203704834,8.999999999999999e-08,0.0,0.0,0.0,8.999999999999999e-08,0.0,0.0,0.0,8.999999999999999e-08
1759811062869833024,169565,1759811062862625216,base_link,-0.054062407958541545,-0.012159273599161748,0.025224888833770182,-0.9981448472016734,1.0,0.0,0.0,0.0,1.0,0.0,0.0,0.0,1.0,0.04914727807044983,0.026022411882877378,0.2143309861421585,1.2184696791468346e-07,0.0,0.0,0.0,1.2184696791468346e-07,0.0,0.0,0.0,1.2184696791468346e-07,0.45270824432373047,1.6877307891845714,9.166770935058594,8.999999999999999e-08,0.0,0.0,0.0,8.999999999999999e-08,0.0,0.0,0.0,8.999999999999999e-08
1759811062878609632,169566,1759811062867625216,base_link,-0.054328484964457864,-0.012108972652553012,0.024301324942350946,-0.9981539087741033,1.0,0.0,0.0,0.0,1.0,0.0,0.0,0.0,1.0,0.09090887010097504,-0.017008870840072583,0.3962290585041046,1.2184696791468346e-07,0.0,0.0,0.0,1.2184696791468346e-07,0.0,0.0,0.0,1.2184696791468346e-07,-0.1665574163198471,2.3893384933471693,9.65543270111084,8.999999999999999e-08,0.0,0.0,0.0,8.999999999999999e-08,0.0,0.0,0.0,8.999999999999999e-08
1759811062882860256,169567,1759811062878625216,base_link,-0.05463774800211867,-0.011878866664751722,0.022368807644429407,-0.9981850131483043,1.0,0.0,0.0,0.0,1.0,0.0,0.0,0.0,1.0,0.06754001975059509,-0.020352635532617524,0.3544641137123108,1.2184696791468346e-07,0.0,0.0,0.0,1.2184696791468346e-07,0.0,0.0,0.0,1.2184696791468346e-07,-0.3178032338619232,0.3944827616214764,9.324668884277344,8.999999999999999e-08,0.0,0.0,0.0,8.999999999999999e-08,0.0,0.0,0.0,8.999999999999999e-08
1759811062891757376,169568,1759811062887625216,base_link,-0.05506010815649143,-0.011885008250833167,0.02224430585392826,-0.9981645297799281,1.0,0.0,0.0,0.0,1.0,0.0,0.0,0.0,1.0,0.07799607515335083,0.005274087656289341,0.012942993082106113,1.2184696791468346e-07,0.0,0.0,0.0,1.2184696791468346e-07,0.0,0.0,0.0,1.2184696791468346e-07,-0.6232894659042358,-0.7674452066421498,9.318032264709473,8.999999999999999e-08,0.0,0.0,0.0,8.999999999999999e-08,0.0,0.0,0.0,8.999999999999999e-08
1759811062901020320,169569,1759811062894625216,base_link,-0.055270677762918906,-0.012075945328388661,0.0238128851149582,-0.9981144171770486,1.0,0.0,0.0,0.0,1.0,0.0,0.0,0.0,1.0,0.06595019996166229,0.05632189661264414,-0.4330563247203827,1.2184696791468346e-07,0.0,0.0,0.0,1.2184696791468346e-07,0.0,0.0,0.0,1.2184696791468346e-07,-0.694606363773346,1.08526110649109,9.190261840820312,8.999999999999999e-08,0.0,0.0,0.0,8.999999999999999e-08,0.0,0.0,0.0,8.999999999999999e-08
1759811062907654432,169570,1759811062899625216,base_link,-0.0555683240754589,-0.012351764841756081,0.025091831233021254,-0.9980632087561079,1.0,0.0,0.0,0.0,1.0,0.0,0.0,0.0,1.0,0.042159147560596466,0.1092685386538505,-0.4408395290374756,1.2184696791468346e-07,0.0,0.0,0.0,1.2184696791468346e-07,0.0,0.0,0.0,1.2184696791468346e-07,-0.22790370881557465,1.6602593660354625,9.231886863708496,8.999999999999999e-08,0.0,0.0,0.0,8.999999999999999e-08,0.0,0.0,0.0,8.999999999999999e-08
1759811062915947008,169571,1759811062910625216,base_link,-0.05559114659392755,-0.01318187863331452,0.02645144641913418,-0.9980161307263211,1.0,0.0,0.0,0.0,1.0,0.0,0.0,0.0,1.0,-0.028716284781694412,0.11628625541925429,-0.13582570850849154,1.2184696791468346e-07,0.0,0.0,0.0,1.2184696791468346e-07,0.0,0.0,0.0,1.2184696791468346e-07,0.8824231624603271,2.7706820964813246,9.66394329071045,8.999999999999999e-08,0.0,0.0,0.0,8.999999999999999e-08,0.0,0.0,0.0,8.999999999999999e-08
1759811062920947552,169572,1759811062919625216,base_link,-0.05554334548227111,-0.013278174962538802,0.026097707919582252,-0.9980268781726914,1.0,0.0,0.0,0.0,1.0,0.0,0.0,0.0,1.0,-0.04123707860708237,0.10168162733316424,0.20280922949314117,1.2184696791468346e-07,0.0,0.0,0.0,1.2184696791468346e-07,0.0,0.0,0.0,1.2184696791468346e-07,0.8824231624603271,2.7706820964813246,9.66394329071045,8.999999999999999e-08,0.0,0.0,0.0,8.999999999999999e-08,0.0,0.0,0.0,8.999999999999999e-08
1759811062928475808,169573,1759811062926625216,base_link,-0.05548844130955158,-0.013409075171479544,0.023824180470359117,-0.998084998676788,1.0,0.0,0.0,0.0,1.0,0.0,0.0,0.0,1.0,0.002996455878019333,0.030418112874031122,0.44472235441207886,1.2184696791468346e-07,0.0,0.0,0.0,1.2184696791468346e-07,0.0,0.0,0.0,1.2184696791468346e-07,-0.42053934931755066,2.6176407337188734,10.534708976745605,8.999999999999999e-08,0.0,0.0,0.0,8.999999999999999e-08,0.0,0.0,0.0,8.999999999999999e-08
1759811062937926400,169574,1759811062931625216,base_link,-0.05547515451555852,-0.013428699797817426,0.023363852590923103,-0.9980963783258859,1.0,0.0,0.0,0.0,1.0,0.0,0.0,0.0,1.0,-0.0020346168894320726,0.010027650743722949,0.26891806721687317,1.2184696791468346e-07,0.0,0.0,0.0,1.2184696791468346e-07,0.0,0.0,0.0,1.2184696791468346e-07,-0.7114604115486145,-0.3531305789947498,9.693827629089355,8.999999999999999e-08,0.0,0.0,0.0,8.999999999999999e-08,0.0,0.0,0.0,8.999999999999999e-08
1759811062945837728,169575,1759811062941625216,base_link,-0.05553216471361458,-0.013479116648259567,0.024039045104067645,-0.9980764850133887,1.0,0.0,0.0,0.0,1.0,0.0,0.0,0.0,1.0,0.029914362356066704,-0.004405381157994288,-0.1435752958059311,1.2184696791468346e-07,0.0,0.0,0.0,1.2184696791468346e-07,0.0,0.0,0.0,1.2184696791468346e-07,-0.8792701363563538,-0.32035431265830877,9.390924453735352,8.999999999999999e-08,0.0,0.0,0.0,8.999999999999999e-08,0.0,0.0,0.0,8.999999999999999e-08
1759811062951379968,169576,1759811062947625216,base_link,-0.05558119071805587,-0.013766959867253738,0.025301006042180853,-0.998038637143426,1.0,0.0,0.0,0.0,1.0,0.0,0.0,0.0,1.0,0.018346553668379784,0.046566255390644025,-0.39829760789871216,1.2184696791468346e-07,0.0,0.0,0.0,1.2184696791468346e-07,0.0,0.0,0.0,1.2184696791468346e-07,-0.9273579120635986,0.7225292325019848,9.445369720458984,8.999999999999999e-08,0.0,0.0,0.0,8.999999999999999e-08,0.0,0.0,0.0,8.999999999999999e-08
1759811062960946784,169577,1759811062956625216,base_link,-0.05546758652207278,-0.01415423408733018,0.026755999546473935,-0.9980016322104335,1.0,0.0,0.0,0.0,1.0,0.0,0.0,0.0,1.0,-0.010347820818424225,0.11605200171470637,-0.4987085461616516,1.2184696791468346e-07,0.0,0.0,0.0,1.2184696791468346e-07,0.0,0.0,0.0,1.2184696791468346e-07,-0.3417483866214752,1.4678605794906627,9.555327415466309,8.999999999999999e-08,0.0,0.0,0.0,8.999999999999999e-08,0.0,0.0,0.0,8.999999999999999e-08
1759811062961775456,169578,1759811062957623936,base_link,-0.05549816010940039,-0.014462521162030163,0.02754608436865916,-0.9979739838778103,1.0,0.0,0.0,0.0,1.0,0.0,0.0,0.0,1.0,-0.013496567495167255,0.10489034652709957,-0.38928166031837463,1.2184696791468346e-07,0.0,0.0,0.0,1.2184696791468346e-07,0.0,0.0,0.0,1.2184696791468346e-07,-0.3417483866214752,1.4678605794906627,9.555327415466309,8.999999999999999e-08,0.0,0.0,0.0,8.999999999999999e-08,0.0,0.0,0.0,8.999999999999999e-08
1759811062975022048,169579,1759811062968623936,base_link,-0.054962551373078865,-0.014879212565278195,0.02689183883922453,-0.9980153299361995,1.0,0.0,0.0,0.0,1.0,0.0,0.0,0.0,1.0,-0.09461702406406403,0.09153239428997041,0.12480521202087401,1.2184696791468346e-07,0.0,0.0,0.0,1.2184696791468346e-07,0.0,0.0,0.0,1.2184696791468346e-07,0.1404866874217987,2.1438107490539564,10.70170783996582,8.999999999999999e-08,0.0,0.0,0.0,8.999999999999999e-08,0.0,0.0,0.0,8.999999999999999e-08
1759811062983157888,169580,1759811062978623936,base_link,-0.05459310526992253,-0.014826726567991975,0.025194037340660173,-0.9980806996982399,1.0,0.0,0.0,0.0,1.0,0.0,0.0,0.0,1.0,-0.07461857795715332,-0.0023207846097647723,0.34395262598991394,1.2184696791468346e-07,0.0,0.0,0.0,1.2184696791468346e-07,0.0,0.0,0.0,1.2184696791468346e-07,-0.548231303691864,0.7498936653137219,10.122511863708496,8.999999999999999e-08,0.0,0.0,0.0,8.999999999999999e-08,0.0,0.0,0.0,8.999999999999999e-08
1759811062992194976,169581,1759811062984623936,base_link,-0.054403638063708855,-0.014888262283906894,0.0245634361932402,-0.9981058192199523,1.0,0.0,0.0,0.0,1.0,0.0,0.0,0.0,1.0,-0.05094992741942406,-0.012032079510390734,0.1992461383342743,1.2184696791468346e-07,0.0,0.0,0.0,1.2184696791468346e-07,0.0,0.0,0.0,1.2184696791468346e-07,-0.6381152272224426,0.6620576381683361,9.444478034973145,8.999999999999999e-08,0.0,0.0,0.0,8.999999999999999e-08,0.0,0.0,0.0,8.999999999999999e-08
1759811062999615360,169582,1759811062989623936,base_link,-0.05422429400367189,-0.014847383792118378,0.024582233687676036,-0.9981157658762009,1.0,0.0,0.0,0.0,1.0,0.0,0.0,0.0,1.0,-0.03626558557152748,0.012115916237235062,-0.05109839513897896,1.2184696791468346e-07,0.0,0.0,0.0,1.2184696791468346e-07,0.0,0.0,0.0,1.2184696791468346e-07,-0.8472205400466919,-0.09010975062847024,9.302838325500488,8.999999999999999e-08,0.0,0.0,0.0,8.999999999999999e-08,0.0,0.0,0.0,8.999999999999999e-08
1759811063003760416,169583,1759811063000623936,base_link,-0.05398038492298328,-0.01519658096874326,0.026232198513180552,-0.9980817112226041,1.0,0.0,0.0,0.0,1.0,0.0,0.0,0.0,1.0,-0.061822324991226196,0.04179481416940685,-0.32631298899650574,1.2184696791468346e-07,0.0,0.0,0.0,1.2184696791468346e-07,0.0,0.0,0.0,1.2184696791468346e-07,-0.853243350982666,-0.8042804002761829,10.077462196350098,8.999999999999999e-08,0.0,0.0,0.0,8.999999999999999e-08,0.0,0.0,0.0,8.999999999999999e-08
1759811063010103840,169584,1759811063005623936,base_link,-0.05384044684921498,-0.015336761386890494,0.027304372192449175,-0.9980584040153776,1.0,0.0,0.0,0.0,1.0,0.0,0.0,0.0,1.0,-0.05335342884063721,0.05057239904999728,-0.41408419609069824,1.2184696791468346e-07,0.0,0.0,0.0,1.2184696791468346e-07,0.0,0.0,0.0,1.2184696791468346e-07,-0.4104457497596741,1.5892797708511364,9.942232131958008,8.999999999999999e-08,0.0,0.0,0.0,8.999999999999999e-08,0.0,0.0,0.0,8.999999999999999e-08
1759811063017014304,169585,1759811063010623936,base_link,-0.05351647192724583,-0.015527014895246704,0.027747588451389697,-0.9980606799451972,1.0,0.0,0.0,0.0,1.0,0.0,0.0,0.0,1.0,-0.0752282589673996,0.0551292262971401,-0.19420526921749115,1.2184696791468346e-07,0.0,0.0,0.0,1.2184696791468346e-07,0.0,0.0,0.0,1.2184696791468346e-07,0.5193002820014954,3.299927949905397,10.154687881469727,8.999999999999999e-08,0.0,0.0,0.0,8.999999999999999e-08,0.0,0.0,0.0,8.999999999999999e-08
1759811063027346112,169586,1759811063021623936,base_link,-0.052918626783652896,-0.01565391642193497,0.02643812801500475,-0.9981260497072376,1.0,0.0,0.0,0.0,1.0,0.0,0.0,0.0,1.0,-0.12107272446155548,0.019175289198756256,0.31773295998573303,1.2184696791468346e-07,0.0,0.0,0.0,1.2184696791468346e-07,0.0,0.0,0.0,1.2184696791468346e-07,-0.29108914732933044,1.3884265422821056,9.84814739227295,8.999999999999999e-08,0.0,0.0,0.0,8.999999999999999e-08,0.0,0.0,0.0,8.999999999999999e-08
1759811063042495040,169587,1759811063026623936,base_link,-0.052410604476770775,-0.015564754763910177,0.02521241336661091,-0.99818598252582,1.0,0.0,0.0,0.0,1.0,0.0,0.0,0.0,1.0,-0.10680678486824036,-0.018865574151277487,0.45193716883659363,1.2184696791468346e-07,0.0,0.0,0.0,1.2184696791468346e-07,0.0,0.0,0.0,1.2184696791468346e-07,-1.4064393043518066,0.9536578655242932,9.671798706054688,8.999999999999999e-08,0.0,0.0,0.0,8.999999999999999e-08,0.0,0.0,0.0,8.999999999999999e-08
1759811063042500480,169588,1759811063031623936,base_link,-0.052268663110609195,-0.015304852271300701,0.02423426930637008,-0.9982216387596603,1.0,0.0,0.0,0.0,1.0,0.0,0.0,0.0,1.0,-0.10753650963306427,-0.07033156603574749,0.3708687424659729,1.2184696791468346e-07,0.0,0.0,0.0,1.2184696791468346e-07,0.0,0.0,0.0,1.2184696791468346e-07,-0.877595067024231,0.43745306134224066,10.321328163146973,8.999999999999999e-08,0.0,0.0,0.0,8.999999999999999e-08,0.0,0.0,0.0,8.999999999999999e-08
1759811063049108032,169589,1759811063042623936,base_link,-0.05178367537352729,-0.015039973816388908,0.023554187758798324,-0.998267241649749,1.0,0.0,0.0,0.0,1.0,0.0,0.0,0.0,1.0,-0.08800742030143738,-0.050435580313205705,0.1270637810230255,1.2184696791468346e-07,0.0,0.0,0.0,1.2184696791468346e-07,0.0,0.0,0.0,1.2184696791468346e-07,-0.4823659062385559,-0.28255775570869324,9.808880805969238,8.999999999999999e-08,0.0,0.0,0.0,8.999999999999999e-08,0.0,0.0,0.0,8.999999999999999e-08
1759811063055956768,169590,1759811063047623936,base_link,-0.05165611398524202,-0.014919364023929902,0.024271569267302225,-0.9982585172521073,1.0,0.0,0.0,0.0,1.0,0.0,0.0,0.0,1.0,-0.07985691726207733,-0.04999623075127604,-0.1955944299697876,1.2184696791468346e-07,0.0,0.0,0.0,1.2184696791468346e-07,0.0,0.0,0.0,1.2184696791468346e-07,-1.1525062322616577,-0.7943245768547046,10.151205062866211,8.999999999999999e-08,0.0,0.0,0.0,8.999999999999999e-08,0.0,0.0,0.0,8.999999999999999e-08
1759811063057876192,169591,1759811063052623936,base_link,-0.0512205974286888,-0.014936072615186443,0.02526792076609976,-0.9982559884411967,1.0,0.0,0.0,0.0,1.0,0.0,0.0,0.0,1.0,-0.12365955114364624,-0.02744456194341187,-0.33914121985435486,1.2184696791468346e-07,0.0,0.0,0.0,1.2184696791468346e-07,0.0,0.0,0.0,1.2184696791468346e-07,-1.1695551872253418,0.7002860307693494,9.65677261352539,8.999999999999999e-08,0.0,0.0,0.0,8.999999999999999e-08,0.0,0.0,0.0,8.999999999999999e-08
1759811063067021024,169592,1759811063063622144,base_link,-0.05087490107466834,-0.01516020165303328,0.02675330214816921,-0.9982315854159088,1.0,0.0,0.0,0.0,1.0,0.0,0.0,0.0,1.0,-0.0833762139081955,0.03022246435284611,-0.2840847969055176,1.2184696791468346e-07,0.0,0.0,0.0,1.2184696791468346e-07,0.0,0.0,0.0,1.2184696791468346e-07,1.0735340118408203,3.438405752182008,10.494434356689453,8.999999999999999e-08,0.0,0.0,0.0,8.999999999999999e-08,0.0,0.0,0.0,8.999999999999999e-08
1759811063072863200,169593,1759811063068622144,base_link,-0.050267740160465486,-0.015074779210724809,0.02621230520068339,-0.9982779469492709,1.0,0.0,0.0,0.0,1.0,0.0,0.0,0.0,1.0,-0.1434268206357956,-0.003203165717422958,0.035700444132089615,1.2184696791468346e-07,0.0,0.0,0.0,1.2184696791468346e-07,0.0,0.0,0.0,1.2184696791468346e-07,0.44422629475593567,2.202140569686891,10.07088851928711,8.999999999999999e-08,0.0,0.0,0.0,8.999999999999999e-08,0.0,0.0,0.0,8.999999999999999e-08
1759811063081978464,169594,1759811063078622144,base_link,-0.049975416204639,-0.01495050264244536,0.025125717299224012,-0.9983224118744498,1.0,0.0,0.0,0.0,1.0,0.0,0.0,0.0,1.0,-0.13670562207698822,-0.060552518814802114,0.4531954228878021,1.2184696791468346e-07,0.0,0.0,0.0,1.2184696791468346e-07,0.0,0.0,0.0,1.2184696791468346e-07,-0.7885820865631104,0.7646241188049328,9.384591102600098,8.999999999999999e-08,0.0,0.0,0.0,8.999999999999999e-08,0.0,0.0,0.0,8.999999999999999e-08
1759811063088103232,169595,1759811063084622144,base_link,-0.0493910620038366,-0.014333308144118876,0.023041808521451407,-0.9984108359626257,1.0,0.0,0.0,0.0,1.0,0.0,0.0,0.0,1.0,-0.11404581367969513,-0.09725563228130335,0.4071328043937683,1.2184696791468346e-07,0.0,0.0,0.0,1.2184696791468346e-07,0.0,0.0,0.0,1.2184696791468346e-07,-0.38699716329574585,0.6446632742881788,10.788844108581543,8.999999999999999e-08,0.0,0.0,0.0,8.999999999999999e-08,0.0,0.0,0.0,8.999999999999999e-08
1759811063101504384,169596,1759811063090622144,base_link,-0.049211966873623655,-0.014024748431992588,0.02254363277205263,-0.998435449722156,1.0,0.0,0.0,0.0,1.0,0.0,0.0,0.0,1.0,-0.053680289536714554,-0.0925576463341713,-0.01975964382290839,1.2184696791468346e-07,0.0,0.0,0.0,1.2184696791468346e-07,0.0,0.0,0.0,1.2184696791468346e-07,0.014652255922555923,0.2638895809650432,9.126931190490723,8.999999999999999e-08,0.0,0.0,0.0,8.999999999999999e-08,0.0,0.0,0.0,8.999999999999999e-08
1759811063102862656,169597,1759811063099622144,base_link,-0.049041551360025915,-0.013793983899683313,0.022768781236797802,-0.9984419403368268,1.0,0.0,0.0,0.0,1.0,0.0,0.0,0.0,1.0,-0.025000859051942825,-0.070722870528698,-0.18850088119506836,1.2184696791468346e-07,0.0,0.0,0.0,1.2184696791468346e-07,0.0,0.0,0.0,1.2184696791468346e-07,-1.1706362962722778,-0.6139365434646595,8.855923652648926,8.999999999999999e-08,0.0,0.0,0.0,8.999999999999999e-08,0.0,0.0,0.0,8.999999999999999e-08
1759811063108929824,169598,1759811063105622144,base_link,-0.048645488204945936,-0.013890393498562968,0.025404350114729562,-0.9983963795935865,1.0,0.0,0.0,0.0,1.0,0.0,0.0,0.0,1.0,-0.07018172740936279,-0.0062544923275709785,-0.5135345458984375,1.2184696791468346e-07,0.0,0.0,0.0,1.2184696791468346e-07,0.0,0.0,0.0,1.2184696791468346e-07,0.12298941612243652,1.7200417518615734,9.363046646118164,8.999999999999999e-08,0.0,0.0,0.0,8.999999999999999e-08,0.0,0.0,0.0,8.999999999999999e-08
1759811063116913536,169599,1759811063111622144,base_link,-0.04856139207127654,-0.014153866619494726,0.02640213460637645,-0.9983709228970858,1.0,0.0,0.0,0.0,1.0,0.0,0.0,0.0,1.0,-0.046984679996967316,0.06624221801757807,-0.4394603967666626,1.2184696791468346e-07,0.0,0.0,0.0,1.2184696791468346e-07,0.0,0.0,0.0,1.2184696791468346e-07,0.9255108833312988,2.7369267940521254,9.352713584899902,8.999999999999999e-08,0.0,0.0,0.0,8.999999999999999e-08,0.0,0.0,0.0,8.999999999999999e-08
1759811063128878432,169600,1759811063121622144,base_link,-0.04780260128411066,-0.014322085228613834,0.025869819909683844,-0.9984190545980853,1.0,0.0,0.0,0.0,1.0,0.0,0.0,0.0,1.0,-0.15561111271381378,0.037689164280891446,0.23400503396987915,1.2184696791468346e-07,0.0,0.0,0.0,1.2184696791468346e-07,0.0,0.0,0.0,1.2184696791468346e-07,-0.43633392453193665,1.5152984857559215,9.742595672607422,8.999999999999999e-08,0.0,0.0,0.0,8.999999999999999e-08,0.0,0.0,0.0,8.999999999999999e-08
1759811063134915392,169601,1759811063127622144,base_link,-0.04768384727007515,-0.014138151113356229,0.02481492643830471,-0.9984541629228949,1.0,0.0,0.0,0.0,1.0,0.0,0.0,0.0,1.0,-0.09910617768764496,-0.033859223127365064,0.401244193315506,1.2184696791468346e-07,0.0,0.0,0.0,1.2184696791468346e-07,0.0,0.0,0.0,1.2184696791468346e-07,-0.6374515891075134,0.9697083830833447,9.577189445495605,8.999999999999999e-08,0.0,0.0,0.0,8.999999999999999e-08,0.0,0.0,0.0,8.999999999999999e-08
1759811063139809664,169602,1759811063132622144,base_link,-0.0474110610127115,-0.014061450434511479,0.023778113964936693,-0.998493443785707,1.0,0.0,0.0,0.0,1.0,0.0,0.0,0.0,1.0,-0.05055166408419609,-0.07149802893400188,0.3912792503833771,1.2184696791468346e-07,0.0,0.0,0.0,1.2184696791468346e-07,0.0,0.0,0.0,1.2184696791468346e-07,-0.14516602456569672,0.7777057290077221,9.491111755371094,8.999999999999999e-08,0.0,0.0,0.0,8.999999999999999e-08,0.0,0.0,0.0,8.999999999999999e-08
1759811063147753920,169603,1759811063143622144,base_link,-0.04717219243168699,-0.013585034312745478,0.022719300836646,-0.998536012102703,1.0,0.0,0.0,0.0,1.0,0.0,0.0,0.0,1.0,-0.03947119414806366,-0.0678676664829254,0.1516547054052353,1.2184696791468346e-07,0.0,0.0,0.0,1.2184696791468346e-07,0.0,0.0,0.0,1.2184696791468346e-07,-0.5573286414146423,-0.40597262978553655,9.299135208129883,8.999999999999999e-08,0.0,0.0,0.0,8.999999999999999e-08,0.0,0.0,0.0,8.999999999999999e-08
1759811063154511872,169604,1759811063148622144,base_link,-0.04727311306044633,-0.013425808787427386,0.023208415013614966,-0.998522145789543,1.0,0.0,0.0,0.0,1.0,0.0,0.0,0.0,1.0,0.006467323284596205,-0.0329522639513016,-0.20474199950695038,1.2184696791468346e-07,0.0,0.0,0.0,1.2184696791468346e-07,0.0,0.0,0.0,1.2184696791468346e-07,-1.4359413385391235,-1.2509018182754505,8.979583740234375,8.999999999999999e-08,0.0,0.0,0.0,8.999999999999999e-08,0.0,0.0,0.0,8.999999999999999e-08
1759811063157809248,169605,1759811063153622144,base_link,-0.04718713217239509,-0.013603385314004927,0.02467609471930981,-0.9984886390449768,1.0,0.0,0.0,0.0,1.0,0.0,0.0,0.0,1.0,-0.01891402155160904,0.011651691980659906,-0.44958969950675964,1.2184696791468346e-07,0.0,0.0,0.0,1.2184696791468346e-07,0.0,0.0,0.0,1.2184696791468346e-07,-0.7290051579475403,-0.550136864185332,10.165804862976074,8.999999999999999e-08,0.0,0.0,0.0,8.999999999999999e-08,0.0,0.0,0.0,8.999999999999999e-08
1759811063162915840,169606,1759811063158620352,base_link,-0.047118190464943394,-0.01390027825162779,0.025832182773963645,-0.9984585461951401,1.0,0.0,0.0,0.0,1.0,0.0,0.0,0.0,1.0,-0.01267166342586279,0.07456625252962107,-0.49694812297821045,1.2184696791468346e-07,0.0,0.0,0.0,1.2184696791468346e-07,0.0,0.0,0.0,1.2184696791468346e-07,0.5025363564491272,2.5919778347015394,9.385778427124023,8.999999999999999e-08,0.0,0.0,0.0,8.999999999999999e-08,0.0,0.0,0.0,8.999999999999999e-08
1759811063171831904,169607,1759811063164620352,base_link,-0.04701626753144291,-0.014284885366446905,0.02655723500889655,-0.9984388636168855,1.0,0.0,0.0,0.0,1.0,0.0,0.0,0.0,1.0,-0.05433797836303711,0.10602848231792447,-0.1735275238752365,1.2184696791468346e-07,0.0,0.0,0.0,1.2184696791468346e-07,0.0,0.0,0.0,1.2184696791468346e-07,1.1452419757843018,2.3731627464294447,9.641637802124023,8.999999999999999e-08,0.0,0.0,0.0,8.999999999999999e-08,0.0,0.0,0.0,8.999999999999999e-08
1759811063175759616,169608,1759811063169620352,base_link,-0.04694562151080455,-0.014418056236851173,0.026317250853475485,-0.9984466186370115,1.0,0.0,0.0,0.0,1.0,0.0,0.0,0.0,1.0,-0.059357885271310806,0.08069642633199692,0.05491251870989799,1.2184696791468346e-07,0.0,0.0,0.0,1.2184696791468346e-07,0.0,0.0,0.0,1.2184696791468346e-07,0.6266120672225952,2.270399093627931,10.259254455566406,8.999999999999999e-08,0.0,0.0,0.0,8.999999999999999e-08,0.0,0.0,0.0,8.999999999999999e-08
1759811063183031744,169609,1759811063178620352,base_link,-0.04662018330293867,-0.0145879515002876,0.025454799892397077,-0.998481811255518,1.0,0.0,0.0,0.0,1.0,0.0,0.0,0.0,1.0,-0.034765247255563736,0.02812741696834568,0.32210102677345276,1.2184696791468346e-07,0.0,0.0,0.0,1.2184696791468346e-07,0.0,0.0,0.0,1.2184696791468346e-07,-0.6746832728385925,1.1342027187347425,10.058345794677734,8.999999999999999e-08,0.0,0.0,0.0,8.999999999999999e-08,0.0,0.0,0.0,8.999999999999999e-08
1759811063186939264,169610,1759811063179620352,base_link,-0.046649668974739086,-0.014434137893736109,0.02463618165377,-0.9985031797077131,1.0,0.0,0.0,0.0,1.0,0.0,0.0,0.0,1.0,-0.041625916957855225,-0.01960622332990165,0.37161076068878174,1.2184696791468346e-07,0.0,0.0,0.0,1.2184696791468346e-07,0.0,0.0,0.0,1.2184696791468346e-07,-0.7710378170013428,0.24961408972740295,10.006606101989746,8.999999999999999e-08,0.0,0.0,0.0,8.999999999999999e-08,0.0,0.0,0.0,8.999999999999999e-08
1759811063194312928,169611,1759811063189620352,base_link,-0.046621608393253945,-0.014298652897930794,0.023674474864448406,-0.9985297322222749,1.0,0.0,0.0,0.0,1.0,0.0,0.0,0.0,1.0,-0.019155118614435196,-0.06800279021263118,0.3157334327697754,1.2184696791468346e-07,0.0,0.0,0.0,1.2184696791468346e-07,0.0,0.0,0.0,1.2184696791468346e-07,-0.4003911018371582,1.2549663782119762,9.676998138427734,8.999999999999999e-08,0.0,0.0,0.0,8.999999999999999e-08,0.0,0.0,0.0,8.999999999999999e-08
1759811063204192960,169612,1759811063195620352,base_link,-0.04676148588092751,-0.013997753375521362,0.023099086088577702,-0.9985408589902818,1.0,0.0,0.0,0.0,1.0,0.0,0.0,0.0,1.0,0.02879169210791588,-0.051074922084808336,0.12574966251850128,1.2184696791468346e-07,0.0,0.0,0.0,1.2184696791468346e-07,0.0,0.0,0.0,1.2184696791468346e-07,-0.5582680106163025,-0.9951071143150317,9.606878280639648,8.999999999999999e-08,0.0,0.0,0.0,8.999999999999999e-08,0.0,0.0,0.0,8.999999999999999e-08
1759811063217827712,169613,1759811063206620352,base_link,-0.04669677071212804,-0.014149802082791459,0.02515956121857828,-0.9984919686460092,1.0,0.0,0.0,0.0,1.0,0.0,0.0,0.0,1.0,0.02018025331199169,0.048968065530061666,-0.4581272304058075,1.2184696791468346e-07,0.0,0.0,0.0,1.2184696791468346e-07,0.0,0.0,0.0,1.2184696791468346e-07,-0.3116343021392822,0.12227401137352113,10.04676342010498,8.999999999999999e-08,0.0,0.0,0.0,8.999999999999999e-08,0.0,0.0,0.0,8.999999999999999e-08
1759811063221833056,169614,1759811063216620352,base_link,-0.04688491819514772,-0.014681823068633488,0.02670066073437909,-0.998435449722156,1.0,0.0,0.0,0.0,1.0,0.0,0.0,0.0,1.0,0.02816026099026203,0.07522377371788022,-0.24685506522655487,1.2184696791468346e-07,0.0,0.0,0.0,1.2184696791468346e-07,0.0,0.0,0.0,1.2184696791468346e-07,0.4871765375137329,2.9226028919219984,10.349078178405762,8.999999999999999e-08,0.0,0.0,0.0,8.999999999999999e-08,0.0,0.0,0.0,8.999999999999999e-08
1759811063225784992,169615,1759811063222620352,base_link,-0.04682397516928998,-0.014766068033361687,0.02649578490376763,-0.9984425725395544,1.0,0.0,0.0,0.0,1.0,0.0,0.0,0.0,1.0,0.00829903781414032,0.05596869066357612,-0.053944617509841926,1.2184696791468346e-07,0.0,0.0,0.0,1.2184696791468346e-07,0.0,0.0,0.0,1.2184696791468346e-07,0.5098796486854553,1.3396590948104872,10.428308486938477,8.999999999999999e-08,0.0,0.0,0.0,8.999999999999999e-08,0.0,0.0,0.0,8.999999999999999e-08
1759811063237031744,169616,1759811063232620352,base_link,-0.04689031430884613,-0.014455008486283097,0.02521721810734119,-0.9984771329553334,1.0,0.0,0.0,0.0,1.0,0.0,0.0,0.0,1.0,0.007009588181972504,-0.04723432660102841,0.2714839577674866,1.2184696791468346e-07,0.0,0.0,0.0,1.2184696791468346e-07,0.0,0.0,0.0,1.2184696791468346e-07,-0.5776717662811279,1.3199185132980358,9.587628364562988,8.999999999999999e-08,0.0,0.0,0.0,8.999999999999999e-08,0.0,0.0,0.0,8.999999999999999e-08
1759811063251909856,169617,1759811063243620352,base_link,-0.04707168273470064,-0.0139895070811924,0.024223479713151322,-0.9984998079598322,1.0,0.0,0.0,0.0,1.0,0.0,0.0,0.0,1.0,0.03985274210572243,-0.06400796025991438,0.14364095032215118,1.2184696791468346e-07,0.0,0.0,0.0,1.2184696791468346e-07,0.0,0.0,0.0,1.2184696791468346e-07,-0.6317348480224609,0.268607795238496,8.914772987365723,8.999999999999999e-08,0.0,0.0,0.0,8.999999999999999e-08,0.0,0.0,0.0,8.999999999999999e-08
1759811063257972352,169618,1759811063252620352,base_link,-0.04717176569484582,-0.013969945675127281,0.024350046699229508,-0.9984922636739487,1.0,0.0,0.0,0.0,1.0,0.0,0.0,0.0,1.0,0.06625577807426453,-0.03825028240680697,-0.16265325248241425,1.2184696791468346e-07,0.0,0.0,0.0,1.2184696791468346e-07,0.0,0.0,0.0,1.2184696791468346e-07,-0.6315075159072876,-1.1180536746978749,9.688642501831055,8.999999999999999e-08,0.0,0.0,0.0,8.999999999999999e-08,0.0,0.0,0.0,8.999999999999999e-08
1759811063264327744,169619,1759811063259618560,base_link,-0.047319182200046765,-0.014037109312407422,0.02644634665046437,-0.9984309821562138,1.0,0.0,0.0,0.0,1.0,0.0,0.0,0.0,1.0,0.02147551067173481,0.004521800670772742,-0.39395272731781006,1.2184696791468346e-07,0.0,0.0,0.0,1.2184696791468346e-07,0.0,0.0,0.0,1.2184696791468346e-07,-0.2929859161376953,1.1979438066482555,9.952613830566406,8.999999999999999e-08,0.0,0.0,0.0,8.999999999999999e-08,0.0,0.0,0.0,8.999999999999999e-08
1759811063268869312,169620,1759811063264618560,base_link,-0.047512889115802835,-0.014233060547846699,0.02750857367348445,-0.9983903104474009,1.0,0.0,0.0,0.0,1.0,0.0,0.0,0.0,1.0,0.04892202466726303,0.027365682646632142,-0.41213804483413696,1.2184696791468346e-07,0.0,0.0,0.0,1.2184696791468346e-07,0.0,0.0,0.0,1.2184696791468346e-07,0.021301914006471634,1.9919766187667858,9.195975303649902,8.999999999999999e-08,0.0,0.0,0.0,8.999999999999999e-08,0.0,0.0,0.0,8.999999999999999e-08
1759811063276758784,169621,1759811063269618560,base_link,-0.04770379326613293,-0.014097326622217363,0.027811356633186693,-0.9983748004071489,1.0,0.0,0.0,0.0,1.0,0.0,0.0,0.0,1.0,0.05050000175833702,-0.01891096122562887,-0.12941154837608337,1.2184696791468346e-07,0.0,0.0,0.0,1.2184696791468346e-07,0.0,0.0,0.0,1.2184696791468346e-07,0.4202485680580139,2.8879024982452406,10.515819549560547,8.999999999999999e-08,0.0,0.0,0.0,8.999999999999999e-08,0.0,0.0,0.0,8.999999999999999e-08
1759811063282906912,169622,1759811063275618560,base_link,-0.047608333288433786,-0.014081545261628064,0.02729906168953679,-0.9983937243421303,1.0,0.0,0.0,0.0,1.0,0.0,0.0,0.0,1.0,0.01675388030707836,-0.04455913230776785,0.19616825878620148,1.2184696791468346e-07,0.0,0.0,0.0,1.2184696791468346e-07,0.0,0.0,0.0,1.2184696791468346e-07,-0.06475161761045456,1.5082614421844494,9.958053588867188,8.999999999999999e-08,0.0,0.0,0.0,8.999999999999999e-08,0.0,0.0,0.0,8.999999999999999e-08
1759811063289836768,169623,1759811063285618560,base_link,-0.04769265596141393,-0.013589241095062474,0.02553829279929714,-0.9984430783017365,1.0,0.0,0.0,0.0,1.0,0.0,0.0,0.0,1.0,0.0005713794380426407,-0.05847217142581935,0.3740250766277313,1.2184696791468346e-07,0.0,0.0,0.0,1.2184696791468346e-07,0.0,0.0,0.0,1.2184696791468346e-07,-0.3403501808643341,1.571314334869386,10.74379825592041,8.999999999999999e-08,0.0,0.0,0.0,8.999999999999999e-08,0.0,0.0,0.0,8.999999999999999e-08
1759811063297073664,169624,1759811063291618560,base_link,-0.047680688890614865,-0.013350097242433627,0.0248249573882503,-0.9984648682224166,1.0,0.0,0.0,0.0,1.0,0.0,0.0,0.0,1.0,-0.0074388980865478516,-0.07488092035055156,0.33101874589920044,1.2184696791468346e-07,0.0,0.0,0.0,1.2184696791468346e-07,0.0,0.0,0.0,1.2184696791468346e-07,-0.6434730291366577,0.26213249564170943,8.837560653686523,8.999999999999999e-08,0.0,0.0,0.0,8.999999999999999e-08,0.0,0.0,0.0,8.999999999999999e-08
1759811063305852064,169625,1759811063301618560,base_link,-0.04800494040127737,-0.013100898732256904,0.025030001806255787,-0.9984475458676787,1.0,0.0,0.0,0.0,1.0,0.0,0.0,0.0,1.0,0.05846855416893959,-0.053175933659076705,-0.1101449653506279,1.2184696791468346e-07,0.0,0.0,0.0,1.2184696791468346e-07,0.0,0.0,0.0,1.2184696791468346e-07,-1.0590872764587402,-0.7347443103790271,9.890424728393555,8.999999999999999e-08,0.0,0.0,0.0,8.999999999999999e-08,0.0,0.0,0.0,8.999999999999999e-08
1759811063316969856,169626,1759811063312618560,base_link,-0.0481714375750526,-0.013021893147634215,0.027303065640145337,-0.9983809538470315,1.0,0.0,0.0,0.0,1.0,0.0,0.0,0.0,1.0,0.04163942486047745,-0.012183185666799599,-0.4426226317882538,1.2184696791468346e-07,0.0,0.0,0.0,1.2184696791468346e-07,0.0,0.0,0.0,1.2184696791468346e-07,-0.13678684830665588,1.867663860321046,9.492467880249023,8.999999999999999e-08,0.0,0.0,0.0,8.999999999999999e-08,0.0,0.0,0.0,8.999999999999999e-08
1759811063323102720,169627,1759811063317618560,base_link,-0.04839079875066165,-0.013075996530232043,0.028005695751670456,-0.99835014450077,1.0,0.0,0.0,0.0,1.0,0.0,0.0,0.0,1.0,0.06532154977321625,0.012676470912992916,-0.31585270166397095,1.2184696791468346e-07,0.0,0.0,0.0,1.2184696791468346e-07,0.0,0.0,0.0,1.2184696791468346e-07,0.2119065672159195,2.4346084594726576,9.535820960998535,8.999999999999999e-08,0.0,0.0,0.0,8.999999999999999e-08,0.0,0.0,0.0,8.999999999999999e-08
1759811063334031936,169628,1759811063328618560,base_link,-0.04824327556125041,-0.01305163433470373,0.027315161785667973,-0.9983767813090288,1.0,0.0,0.0,0.0,1.0,0.0,0.0,0.0,1.0,-0.03520146757364273,0.0013008598471060638,0.19886206090450287,1.2184696791468346e-07,0.0,0.0,0.0,1.2184696791468346e-07,0.0,0.0,0.0,1.2184696791468346e-07,-0.21430331468582153,1.9402692317962658,9.219069480895996,8.999999999999999e-08,0.0,0.0,0.0,8.999999999999999e-08,0.0,0.0,0.0,8.999999999999999e-08
1759811063343302880,169629,1759811063337618560,base_link,-0.048317161620868035,-0.012815730521054162,0.026225960779600915,-0.9984054833128648,1.0,0.0,0.0,0.0,1.0,0.0,0.0,0.0,1.0,-0.017047740519046783,-0.04522214457392688,0.3806717097759247,1.2184696791468346e-07,0.0,0.0,0.0,1.2184696791468346e-07,0.0,0.0,0.0,1.2184696791468346e-07,-0.3159767687320709,0.6316689252853406,10.077740669250488,8.999999999999999e-08,0.0,0.0,0.0,8.999999999999999e-08,0.0,0.0,0.0,8.999999999999999e-08
1759811063349123040,169630,1759811063338618560,base_link,-0.048249479050515603,-0.01266537690734761,0.02538660629150643,-0.9984323308553662,1.0,0.0,0.0,0.0,1.0,0.0,0.0,0.0,1.0,0.00568037573248148,-0.04958032444119451,0.2148776799440384,1.2184696791468346e-07,0.0,0.0,0.0,1.2184696791468346e-07,0.0,0.0,0.0,1.2184696791468346e-07,-0.5604986548423767,1.0187599658966078,10.173155784606934,8.999999999999999e-08,0.0,0.0,0.0,8.999999999999999e-08,0.0,0.0,0.0,8.999999999999999e-08
1759811063355269696,169631,1759811063349618560,base_link,-0.04830455839607426,-0.012325932774885948,0.0247259122942497,-0.9984505382939229,1.0,0.0,0.0,0.0,1.0,0.0,0.0,0.0,1.0,0.01126935239881277,-0.04463501647114752,0.12956273555755615,1.2184696791468346e-07,0.0,0.0,0.0,1.2184696791468346e-07,0.0,0.0,0.0,1.2184696791468346e-07,-0.08641327917575836,-0.1318869441747653,10.151350975036621,8.999999999999999e-08,0.0,0.0,0.0,8.999999999999999e-08,0.0,0.0,0.0,8.999999999999999e-08
1759811063363239616,169632,1759811063354618560,base_link,-0.04840442403653181,-0.012275911051148598,0.025405150904851254,-0.9984292119885764,1.0,0.0,0.0,0.0,1.0,0.0,0.0,0.0,1.0,0.030830487608909607,-0.04307515546679498,-0.1128491461277008,1.2184696791468346e-07,0.0,0.0,0.0,1.2184696791468346e-07,0.0,0.0,0.0,1.2184696791468346e-07,-1.0263495445251465,-0.8420824408531178,9.402448654174805,8.999999999999999e-08,0.0,0.0,0.0,8.999999999999999e-08,0.0,0.0,0.0,8.999999999999999e-08
1759811063366824512,169633,1759811063359617792,base_link,-0.048356072381666705,-0.012340552462963165,0.026575695328544324,-0.9984003413973465,1.0,0.0,0.0,0.0,1.0,0.0,0.0,0.0,1.0,0.00016171648167073727,-0.006808258127421189,-0.39932140707969666,1.2184696791468346e-07,0.0,0.0,0.0,1.2184696791468346e-07,0.0,0.0,0.0,1.2184696791468346e-07,-0.5283269882202148,0.7608095407485974,10.193477630615234,8.999999999999999e-08,0.0,0.0,0.0,8.999999999999999e-08,0.0,0.0,0.0,8.999999999999999e-08
1759811063373239712,169634,1759811063369617792,base_link,-0.048378917290648624,-0.012504497118225462,0.027497067583840948,-0.9983722294493897,1.0,0.0,0.0,0.0,1.0,0.0,0.0,0.0,1.0,-0.019868802279233932,0.040935538709163624,-0.3395121097564697,1.2184696791468346e-07,0.0,0.0,0.0,1.2184696791468346e-07,0.0,0.0,0.0,1.2184696791468346e-07,0.2517779767513275,2.356749534606935,9.298359870910645,8.999999999999999e-08,0.0,0.0,0.0,8.999999999999999e-08,0.0,0.0,0.0,8.999999999999999e-08
1759811063377035776,169635,1759811063370617792,base_link,-0.048141706924695216,-0.01264588135573329,0.02801264998167471,-0.9983675511492051,1.0,0.0,0.0,0.0,1.0,0.0,0.0,0.0,1.0,-0.0395188182592392,0.0659387335181236,-0.17814898490905762,1.2184696791468346e-07,0.0,0.0,0.0,1.2184696791468346e-07,0.0,0.0,0.0,1.2184696791468346e-07,0.7310163974761963,2.530474424362184,9.719622611999512,8.999999999999999e-08,0.0,0.0,0.0,8.999999999999999e-08,0.0,0.0,0.0,8.999999999999999e-08
1759811063381848704,169636,1759811063375617792,base_link,-0.0479839894663004,-0.012798509582170414,0.027705062281242216,-0.9983817967840016,1.0,0.0,0.0,0.0,1.0,0.0,0.0,0.0,1.0,-0.08285094797611237,0.014912477694451826,0.14506234228610992,1.2184696791468346e-07,0.0,0.0,0.0,1.2184696791468346e-07,0.0,0.0,0.0,1.2184696791468346e-07,0.5128456950187683,1.690188288688661,10.228134155273438,8.999999999999999e-08,0.0,0.0,0.0,8.999999999999999e-08,0.0,0.0,0.0,8.999999999999999e-08
1759811063389425504,169637,1759811063380617792,base_link,-0.04779184988647333,-0.012738300174894569,0.026985025521282086,-0.9984115524590503,1.0,0.0,0.0,0.0,1.0,0.0,0.0,0.0,1.0,-0.07082472741603851,-0.02076425589621063,0.3466857969760895,1.2184696791468346e-07,0.0,0.0,0.0,1.2184696791468346e-07,0.0,0.0,0.0,1.2184696791468346e-07,-1.1155476570129395,1.5098763704299938,9.193405151367188,8.999999999999999e-08,0.0,0.0,0.0,8.999999999999999e-08,0.0,0.0,0.0,8.999999999999999e-08
1759811063396791680,169638,1759811063391617792,base_link,-0.047646584187635455,-0.01240407171493613,0.024947815451659555,-0.998475699962484,1.0,0.0,0.0,0.0,1.0,0.0,0.0,0.0,1.0,-0.04272560775279999,-0.053500816226005506,0.39446890354156494,1.2184696791468346e-07,0.0,0.0,0.0,1.2184696791468346e-07,0.0,0.0,0.0,1.2184696791468346e-07,-0.22815823554992676,1.1816989183425914,9.370862007141113,8.999999999999999e-08,0.0,0.0,0.0,8.999999999999999e-08,0.0,0.0,0.0,8.999999999999999e-08
1759811063406100544,169639,1759811063402617792,base_link,-0.04727806136387931,-0.012009415210925198,0.024532584700130238,-0.9985082373295344,1.0,0.0,0.0,0.0,1.0,0.0,0.0,0.0,1.0,-0.04310221970081329,-0.06226536631584166,0.09290915727615358,1.2184696791468346e-07,0.0,0.0,0.0,1.2184696791468346e-07,0.0,0.0,0.0,1.2184696791468346e-07,-0.7360460758209229,-1.0242210626602162,9.202130317687988,8.999999999999999e-08,0.0,0.0,0.0,8.999999999999999e-08,0.0,0.0,0.0,8.999999999999999e-08
1759811063412781344,169640,1759811063407617792,base_link,-0.04714281476118588,-0.011857452114441138,0.025609605266977614,-0.9984894398350985,1.0,0.0,0.0,0.0,1.0,0.0,0.0,0.0,1.0,-0.04198285564780235,-0.04689634963870052,-0.300707072019577,1.2184696791468346e-07,0.0,0.0,0.0,1.2184696791468346e-07,0.0,0.0,0.0,1.2184696791468346e-07,-1.0186362266540527,-0.21460458636283755,9.772311210632324,8.999999999999999e-08,0.0,0.0,0.0,8.999999999999999e-08,0.0,0.0,0.0,8.999999999999999e-08
1759811063418809568,169641,1759811063412617792,base_link,-0.046815624824928764,-0.011979218311056162,0.02682566828706242,-0.9984714431307843,1.0,0.0,0.0,0.0,1.0,0.0,0.0,0.0,1.0,-0.08823579549789429,-0.013288494199514446,-0.4649207592010498,1.2184696791468346e-07,0.0,0.0,0.0,1.2184696791468346e-07,0.0,0.0,0.0,1.2184696791468346e-07,-0.2691737115383148,1.0826001167297374,9.682331085205078,8.999999999999999e-08,0.0,0.0,0.0,8.999999999999999e-08,0.0,0.0,0.0,8.999999999999999e-08
1759811063428118848,169642,1759811063423617792,base_link,-0.04647038550079686,-0.012249330877717401,0.027970587426860836,-0.998452856370591,1.0,0.0,0.0,0.0,1.0,0.0,0.0,0.0,1.0,-0.08410798013210297,0.04251900687813756,-0.23283612728118896,1.2184696791468346e-07,0.0,0.0,0.0,1.2184696791468346e-07,0.0,0.0,0.0,1.2184696791468346e-07,0.8682986497879028,2.5105824470520033,10.770208358764648,8.999999999999999e-08,0.0,0.0,0.0,8.999999999999999e-08,0.0,0.0,0.0,8.999999999999999e-08
1759811063434053664,169643,1759811063428617792,base_link,-0.04603833683962267,-0.012386551796845759,0.027358404452240102,-0.9984881332827946,1.0,0.0,0.0,0.0,1.0,0.0,0.0,0.0,1.0,-0.14072558283805847,0.033441126346588156,0.14205797016620636,1.2184696791468346e-07,0.0,0.0,0.0,1.2184696791468346e-07,0.0,0.0,0.0,1.2184696791468346e-07,0.0443078875541687,1.6130224466323864,9.623592376708984,8.999999999999999e-08,0.0,0.0,0.0,8.999999999999999e-08,0.0,0.0,0.0,8.999999999999999e-08
1759811063439667712,169644,1759811063433617792,base_link,-0.04585991342480786,-0.01214075664468629,0.026509651216927735,-0.9985222722300885,1.0,0.0,0.0,0.0,1.0,0.0,0.0,0.0,1.0,-0.11504986882209778,-0.026576122269034344,0.3296956419944763,1.2184696791468346e-07,0.0,0.0,0.0,1.2184696791468346e-07,0.0,0.0,0.0,1.2184696791468346e-07,-0.5353282690048218,1.1907459497451796,10.087020874023438,8.999999999999999e-08,0.0,0.0,0.0,8.999999999999999e-08,0.0,0.0,0.0,8.999999999999999e-08
1759811063452357856,169645,1759811063444617792,base_link,-0.04521567513771656,-0.011723800506546048,0.024516779631938643,-0.9986075774514745,1.0,0.0,0.0,0.0,1.0,0.0,0.0,0.0,1.0,-0.11111439019441605,-0.08773154020309444,0.3827546536922455,1.2184696791468346e-07,0.0,0.0,0.0,1.2184696791468346e-07,0.0,0.0,0.0,1.2184696791468346e-07,-0.3763655126094818,0.17774224281311146,9.141012191772461,8.999999999999999e-08,0.0,0.0,0.0,8.999999999999999e-08,0.0,0.0,0.0,8.999999999999999e-08
1759811063458742496,169646,1759811063455617792,base_link,-0.04475296991260675,-0.011313460106533,0.024437796437829194,-0.9986351414904007,1.0,0.0,0.0,0.0,1.0,0.0,0.0,0.0,1.0,-0.07759270817041397,-0.08357413113117218,0.01721355877816678,1.2184696791468346e-07,0.0,0.0,0.0,1.2184696791468346e-07,0.0,0.0,0.0,1.2184696791468346e-07,-0.9647015333175659,-0.7421063780784596,9.152655601501465,8.999999999999999e-08,0.0,0.0,0.0,8.999999999999999e-08,0.0,0.0,0.0,8.999999999999999e-08
1759811063467887488,169647,1759811063460617024,base_link,-0.04449151720622548,-0.0112516622899039,0.02563228027147645,-0.9986175662545717,1.0,0.0,0.0,0.0,1.0,0.0,0.0,0.0,1.0,-0.07987561821937561,-0.024974504485726405,-0.38640299439430237,1.2184696791468346e-07,0.0,0.0,0.0,1.2184696791468346e-07,0.0,0.0,0.0,1.2184696791468346e-07,-0.8528385162353516,0.21477195620536924,9.675533294677734,8.999999999999999e-08,0.0,0.0,0.0,8.999999999999999e-08,0.0,0.0,0.0,8.999999999999999e-08
1759811063469850560,169648,1759811063465617024,base_link,-0.04423045040692589,-0.011300735709549757,0.026663192186052936,-0.9986015504521375,1.0,0.0,0.0,0.0,1.0,0.0,0.0,0.0,1.0,-0.07777618616819382,-0.008714594878256373,-0.4312495291233063,1.2184696791468346e-07,0.0,0.0,0.0,1.2184696791468346e-07,0.0,0.0,0.0,1.2184696791468346e-07,0.11712949723005295,1.8443470001220716,10.121891975402832,8.999999999999999e-08,0.0,0.0,0.0,8.999999999999999e-08,0.0,0.0,0.0,8.999999999999999e-08
1759811063479769984,169649,1759811063470617024,base_link,-0.044033722088967206,-0.011604975369703676,0.02746381372036588,-0.9985851131812182,1.0,0.0,0.0,0.0,1.0,0.0,0.0,0.0,1.0,-0.12556539475917816,0.03934723138809201,-0.23691540956497192,1.2184696791468346e-07,0.0,0.0,0.0,1.2184696791468346e-07,0.0,0.0,0.0,1.2184696791468346e-07,0.596629798412323,2.1511802673339857,9.43686294555664,8.999999999999999e-08,0.0,0.0,0.0,8.999999999999999e-08,0.0,0.0,0.0,8.999999999999999e-08
1759811063484360672,169650,1759811063480617024,base_link,-0.04374421933781292,-0.011569683969520883,0.027613519326276578,-0.9985940483131026,1.0,0.0,0.0,0.0,1.0,0.0,0.0,0.0,1.0,-0.14924825727939606,0.051022317260503776,0.03178924322128295,1.2184696791468346e-07,0.0,0.0,0.0,1.2184696791468346e-07,0.0,0.0,0.0,1.2184696791468346e-07,1.0222551822662354,1.9878205060958873,9.920661926269531,8.999999999999999e-08,0.0,0.0,0.0,8.999999999999999e-08,0.0,0.0,0.0,8.999999999999999e-08
1759811063490785024,169651,1759811063481617024,base_link,-0.04321000671584833,-0.011719238110194742,0.02690001532783562,-0.9986350571967036,1.0,0.0,0.0,0.0,1.0,0.0,0.0,0.0,1.0,-0.14326518774032593,-0.009903350844979246,0.32343071699142456,1.2184696791468346e-07,0.0,0.0,0.0,1.2184696791468346e-07,0.0,0.0,0.0,1.2184696791468346e-07,-0.10187327861785889,2.0287737846374525,10.051298141479492,8.999999999999999e-08,0.0,0.0,0.0,8.999999999999999e-08,0.0,0.0,0.0,8.999999999999999e-08
1759811063498891680,169652,1759811063492617024,base_link,-0.04256318956846376,-0.011271338282713407,0.02467617901300684,-0.998725420039911,1.0,0.0,0.0,0.0,1.0,0.0,0.0,0.0,1.0,-0.10452646762132645,-0.08496040105819697,0.444009006023407,1.2184696791468346e-07,0.0,0.0,0.0,1.2184696791468346e-07,0.0,0.0,0.0,1.2184696791468346e-07,-0.6410232186317444,0.6822714209556592,9.967752456665039,8.999999999999999e-08,0.0,0.0,0.0,8.999999999999999e-08,0.0,0.0,0.0,8.999999999999999e-08
1759811063502803680,169653,1759811063497617024,base_link,-0.04229634865091818,-0.011084758135622728,0.023927819570847383,-0.9987570301762941,1.0,0.0,0.0,0.0,1.0,0.0,0.0,0.0,1.0,-0.11064545065164566,-0.07959399372339244,0.35313886404037476,1.2184696791468346e-07,0.0,0.0,0.0,1.2184696791468346e-07,0.0,0.0,0.0,1.2184696791468346e-07,-0.6003336310386658,-0.3555151820182789,9.238252639770508,8.999999999999999e-08,0.0,0.0,0.0,8.999999999999999e-08,0.0,0.0,0.0,8.999999999999999e-08
1759811063511850368,169654,1759811063507617024,base_link,-0.041931148842749316,-0.010777231021284958,0.024339678574495874,-0.9987658810144815,1.0,0.0,0.0,0.0,1.0,0.0,0.0,0.0,1.0,-0.06168496981263161,-0.05566133931279183,-0.08356199413537979,1.2184696791468346e-07,0.0,0.0,0.0,1.2184696791468346e-07,0.0,0.0,0.0,1.2184696791468346e-07,-0.647842526435852,-0.19301052391528958,10.112703323364258,8.999999999999999e-08,0.0,0.0,0.0,8.999999999999999e-08,0.0,0.0,0.0,8.999999999999999e-08
1759811063524078944,169655,1759811063518617024,base_link,-0.04133977455749181,-0.011113827607294102,0.026849312669077023,-0.9987225119073637,1.0,0.0,0.0,0.0,1.0,0.0,0.0,0.0,1.0,-0.09105423092842102,0.07020062208175654,-0.47880804538726807,1.2184696791468346e-07,0.0,0.0,0.0,1.2184696791468346e-07,0.0,0.0,0.0,1.2184696791468346e-07,-0.11126206070184708,1.6184922456741344,8.965184211730957,8.999999999999999e-08,0.0,0.0,0.0,8.999999999999999e-08,0.0,0.0,0.0,8.999999999999999e-08
1759811063529943968,169656,1759811063523617024,base_link,-0.04120451478390823,-0.011399167040068919,0.02750423254808784,-0.9987070440139603,1.0,0.0,0.0,0.0,1.0,0.0,0.0,0.0,1.0,-0.07619621604681015,0.09002029150724407,-0.3214702010154724,1.2184696791468346e-07,0.0,0.0,0.0,1.2184696791468346e-07,0.0,0.0,0.0,1.2184696791468346e-07,0.9558098316192627,2.353341579437257,10.193563461303711,8.999999999999999e-08,0.0,0.0,0.0,8.999999999999999e-08,0.0,0.0,0.0,8.999999999999999e-08
1759811063536833856,169657,1759811063529617024,base_link,-0.040646270555758326,-0.011640967461242964,0.02754541001908296,-0.9987260522426387,1.0,0.0,0.0,0.0,1.0,0.0,0.0,0.0,1.0,-0.1681356132030487,0.10011097788810731,0.07767585664987563,1.2184696791468346e-07,0.0,0.0,0.0,1.2184696791468346e-07,0.0,0.0,0.0,1.2184696791468346e-07,1.2181432247161865,1.921496868133546,9.912890434265137,8.999999999999999e-08,0.0,0.0,0.0,8.999999999999999e-08,0.0,0.0,0.0,8.999999999999999e-08
1759811063542542400,169658,1759811063534617024,base_link,-0.04024887450659419,-0.011775214393373274,0.02660136275928745,-0.9987661338955724,1.0,0.0,0.0,0.0,1.0,0.0,0.0,0.0,1.0,-0.13258059322834015,0.03816616162657742,0.3524373769760132,1.2184696791468346e-07,0.0,0.0,0.0,1.2184696791468346e-07,0.0,0.0,0.0,1.2184696791468346e-07,0.22485488653182983,2.2017610073089613,10.087890625,8.999999999999999e-08,0.0,0.0,0.0,8.999999999999999e-08,0.0,0.0,0.0,8.999999999999999e-08
1759811063548865440,169659,1759811063544617024,base_link,-0.039765440934551116,-0.011612779122123272,0.024541224804074918,-0.9988401437615577,1.0,0.0,0.0,0.0,1.0,0.0,0.0,0.0,1.0,-0.11515894532203674,-0.012178706005215593,0.41817665100097656,1.2184696791468346e-07,0.0,0.0,0.0,1.2184696791468346e-07,0.0,0.0,0.0,1.2184696791468346e-07,-0.8381778001785278,0.5239478349685681,10.379230499267578,8.999999999999999e-08,0.0,0.0,0.0,8.999999999999999e-08,0.0,0.0,0.0,8.999999999999999e-08
1759811063556047616,169660,1759811063550617024,base_link,-0.03945585652717041,-0.011604586828443968,0.0239293790042423,-0.9988674127725442,1.0,0.0,0.0,0.0,1.0,0.0,0.0,0.0,1.0,-0.09870046377182007,-0.021632228046655627,0.23729264736175537,1.2184696791468346e-07,0.0,0.0,0.0,1.2184696791468346e-07,0.0,0.0,0.0,1.2184696791468346e-07,-0.746665358543396,-0.19299381971359142,9.108640670776367,8.999999999999999e-08,0.0,0.0,0.0,8.999999999999999e-08,0.0,0.0,0.0,8.999999999999999e-08
1759811063561983840,169661,1759811063555617024,base_link,-0.03934595993676727,-0.011481674764385058,0.023875262450754296,-0.998874409149397,1.0,0.0,0.0,0.0,1.0,0.0,0.0,0.0,1.0,-0.062008023262023926,-0.02382943034172057,0.07506878674030304,1.2184696791468346e-07,0.0,0.0,0.0,1.2184696791468346e-07,0.0,0.0,0.0,1.2184696791468346e-07,-0.32996734976768494,-0.7869734764099109,9.847373008728027,8.999999999999999e-08,0.0,0.0,0.0,8.999999999999999e-08,0.0,0.0,0.0,8.999999999999999e-08
1759811063569900448,169662,1759811063566619072,base_link,-0.03890558332174513,-0.011940416868645819,0.02578198587738714,-0.9988389215029508,1.0,0.0,0.0,0.0,1.0,0.0,0.0,0.0,1.0,-0.07476849853992462,0.058130506426095914,-0.3833692967891693,1.2184696791468346e-07,0.0,0.0,0.0,1.2184696791468346e-07,0.0,0.0,0.0,1.2184696791468346e-07,-0.7587619423866272,0.1305399984121334,9.22849178314209,8.999999999999999e-08,0.0,0.0,0.0,8.999999999999999e-08,0.0,0.0,0.0,8.999999999999999e-08
1759811063579636512,169663,1759811063575619072,base_link,-0.03878936338697634,-0.012357844524653777,0.026982538857219986,-0.998806594870143,1.0,0.0,0.0,0.0,1.0,0.0,0.0,0.0,1.0,-0.08071712404489517,0.14950120449066157,-0.4187389612197876,1.2184696791468346e-07,0.0,0.0,0.0,1.2184696791468346e-07,0.0,0.0,0.0,1.2184696791468346e-07,0.5732353329658508,1.4097697734832775,9.846162796020508,8.999999999999999e-08,0.0,0.0,0.0,8.999999999999999e-08,0.0,0.0,0.0,8.999999999999999e-08
1759811063585839904,169664,1759811063582619072,base_link,-0.038148930170052164,-0.013123764714663078,0.02723428198337552,-0.9988147292119056,1.0,0.0,0.0,0.0,1.0,0.0,0.0,0.0,1.0,-0.11911582946777344,0.1390414834022522,-0.06272277235984804,1.2184696791468346e-07,0.0,0.0,0.0,1.2184696791468346e-07,0.0,0.0,0.0,1.2184696791468346e-07,0.6736981272697449,2.146958112716676,9.718366622924805,8.999999999999999e-08,0.0,0.0,0.0,8.999999999999999e-08,0.0,0.0,0.0,8.999999999999999e-08
1759811063592026016,169665,1759811063587619072,base_link,-0.037891053360349244,-0.013376025456801924,0.026324036496085747,-0.998845538558167,1.0,0.0,0.0,0.0,1.0,0.0,0.0,0.0,1.0,-0.13027921319007874,0.11731017380952838,0.240968182682991,1.2184696791468346e-07,0.0,0.0,0.0,1.2184696791468346e-07,0.0,0.0,0.0,1.2184696791468346e-07,-0.716842770576477,1.0179007053375255,9.347064018249512,8.999999999999999e-08,0.0,0.0,0.0,8.999999999999999e-08,0.0,0.0,0.0,8.999999999999999e-08
1759811063599914688,169666,1759811063592619072,base_link,-0.03769918378377044,-0.013430248694500204,0.025317443313100076,-0.998878118072066,1.0,0.0,0.0,0.0,1.0,0.0,0.0,0.0,1.0,-0.09083117544651031,0.0532600693404675,0.3903999328613281,1.2184696791468346e-07,0.0,0.0,0.0,1.2184696791468346e-07,0.0,0.0,0.0,1.2184696791468346e-07,-0.9029402732849121,0.17528682947158938,10.11165714263916,8.999999999999999e-08,0.0,0.0,0.0,8.999999999999999e-08,0.0,0.0,0.0,8.999999999999999e-08
1759811063606729120,169667,1759811063603619072,base_link,-0.03738299022370762,-0.013361183180681009,0.023554482786737878,-0.99893404694004,1.0,0.0,0.0,0.0,1.0,0.0,0.0,0.0,1.0,-0.06337232142686844,-0.010554694570600945,0.3430648744106293,1.2184696791468346e-07,0.0,0.0,0.0,1.2184696791468346e-07,0.0,0.0,0.0,1.2184696791468346e-07,-0.6094604730606079,-0.034103397279976674,9.156781196594238,8.999999999999999e-08,0.0,0.0,0.0,8.999999999999999e-08,0.0,0.0,0.0,8.999999999999999e-08
1759811063614139232,169668,1759811063608619072,base_link,-0.03741052133540835,-0.013403452518470388,0.023475921061113594,-0.998934299821131,1.0,0.0,0.0,0.0,1.0,0.0,0.0,0.0,1.0,-0.013072360306978226,0.0078256679698825,0.09669283777475357,1.2184696791468346e-07,0.0,0.0,0.0,1.2184696791468346e-07,0.0,0.0,0.0,1.2184696791468346e-07,-0.6400960087776184,-1.546643257141112,10.045124053955078,8.999999999999999e-08,0.0,0.0,0.0,8.999999999999999e-08,0.0,0.0,0.0,8.999999999999999e-08
1759811063620807648,169669,1759811063613619072,base_link,-0.0373056151952867,-0.013469436043992224,0.02415996441244538,-0.9989210657106986,1.0,0.0,0.0,0.0,1.0,0.0,0.0,0.0,1.0,-0.03804214298725128,0.026651097461581192,-0.30465731024742126,1.2184696791468346e-07,0.0,0.0,0.0,1.2184696791468346e-07,0.0,0.0,0.0,1.2184696791468346e-07,-1.4000264406204224,-1.0390400886535633,9.903340339660645,8.999999999999999e-08,0.0,0.0,0.0,8.999999999999999e-08,0.0,0.0,0.0,8.999999999999999e-08
1759811063626231296,169670,1759811063618619072,base_link,-0.037173480873938,-0.013680089944116722,0.025273484150103193,-0.998895524720501,1.0,0.0,0.0,0.0,1.0,0.0,0.0,0.0,1.0,-0.007657275069504976,0.07029211521148676,-0.42989104986190796,1.2184696791468346e-07,0.0,0.0,0.0,1.2184696791468346e-07,0.0,0.0,0.0,1.2184696791468346e-07,-1.2228848934173584,0.5337122678756725,8.792581558227539,8.999999999999999e-08,0.0,0.0,0.0,8.999999999999999e-08,0.0,0.0,0.0,8.999999999999999e-08
1759811063631999328,169671,1759811063628619072,base_link,-0.03724277951251302,-0.01397051465758218,0.026245306183067404,-0.9988638302904208,1.0,0.0,0.0,0.0,1.0,0.0,0.0,0.0,1.0,-0.027223343029618263,0.08392375707626339,-0.34214654564857483,1.2184696791468346e-07,0.0,0.0,0.0,1.2184696791468346e-07,0.0,0.0,0.0,1.2184696791468346e-07,0.26671063899993896,1.9464979171752943,9.978591918945312,8.999999999999999e-08,0.0,0.0,0.0,8.999999999999999e-08,0.0,0.0,0.0,8.999999999999999e-08
1759811063640155360,169672,1759811063629619072,base_link,-0.03705046344275781,-0.014153958815725846,0.02667069432508784,-0.9988572132352046,1.0,0.0,0.0,0.0,1.0,0.0,0.0,0.0,1.0,-0.054120127111673355,0.07840166985988616,-0.07753110677003862,1.2184696791468346e-07,0.0,0.0,0.0,1.2184696791468346e-07,0.0,0.0,0.0,1.2184696791468346e-07,1.1771036386489868,2.4270796775817884,10.422982215881348,8.999999999999999e-08,0.0,0.0,0.0,8.999999999999999e-08,0.0,0.0,0.0,8.999999999999999e-08
1759811063642791808,169673,1759811063634619072,base_link,-0.036824789459495244,-0.014282047039617501,0.02617559529563039,-0.9988768115197622,1.0,0.0,0.0,0.0,1.0,0.0,0.0,0.0,1.0,-0.08314943313598633,0.04266107082366947,0.2661967873573303,1.2184696791468346e-07,0.0,0.0,0.0,1.2184696791468346e-07,0.0,0.0,0.0,1.2184696791468346e-07,0.5976783633232117,1.7730226516723644,9.755290031433105,8.999999999999999e-08,0.0,0.0,0.0,8.999999999999999e-08,0.0,0.0,0.0,8.999999999999999e-08
1759811063651023840,169674,1759811063645619072,base_link,-0.036536574821398576,-0.014127577522736058,0.02401666512750835,-0.9989438250088944,1.0,0.0,0.0,0.0,1.0,0.0,0.0,0.0,1.0,-0.03515796363353729,-0.043699741363525335,0.4651165008544922,1.2184696791468346e-07,0.0,0.0,0.0,1.2184696791468346e-07,0.0,0.0,0.0,1.2184696791468346e-07,-1.2699503898620605,0.7186600565910353,10.653014183044434,8.999999999999999e-08,0.0,0.0,0.0,8.999999999999999e-08,0.0,0.0,0.0,8.999999999999999e-08
1759811063660806176,169675,1759811063656619072,base_link,-0.03662901866525116,-0.013580037277018906,0.022236888008590337,-0.9989892593115892,1.0,0.0,0.0,0.0,1.0,0.0,0.0,0.0,1.0,0.010188339278101921,-0.10863178968429561,0.3597395718097687,1.2184696791468346e-07,0.0,0.0,0.0,1.2184696791468346e-07,0.0,0.0,0.0,1.2184696791468346e-07,-0.6688060164451599,-0.5943502187728871,9.286275863647461,8.999999999999999e-08,0.0,0.0,0.0,8.999999999999999e-08,0.0,0.0,0.0,8.999999999999999e-08
1759811063669897280,169676,1759811063666618304,base_link,-0.036676378552087247,-0.013132529942064328,0.023044337332362008,-0.9989751822641866,1.0,0.0,0.0,0.0,1.0,0.0,0.0,0.0,1.0,0.03982854634523392,-0.09938547760248186,-0.15938137471675873,1.2184696791468346e-07,0.0,0.0,0.0,1.2184696791468346e-07,0.0,0.0,0.0,1.2184696791468346e-07,-1.569460153579712,-1.2178660631179798,9.879161834716797,8.999999999999999e-08,0.0,0.0,0.0,8.999999999999999e-08,0.0,0.0,0.0,8.999999999999999e-08
1759811063684029600,169677,1759811063677618304,base_link,-0.036755668627937374,-0.013086240848598224,0.025431787713110162,-0.998914912270816,1.0,0.0,0.0,0.0,1.0,0.0,0.0,0.0,1.0,0.03083914890885353,-0.025701107457280218,-0.4761478900909424,1.2184696791468346e-07,0.0,0.0,0.0,1.2184696791468346e-07,0.0,0.0,0.0,1.2184696791468346e-07,-0.8717617988586426,0.7475404143333446,9.282832145690918,8.999999999999999e-08,0.0,0.0,0.0,8.999999999999999e-08,0.0,0.0,0.0,8.999999999999999e-08
1759811063687783232,169678,1759811063682618304,base_link,-0.03683813420540501,-0.012995013994996392,0.025752314496035482,-0.9989049234677189,1.0,0.0,0.0,0.0,1.0,0.0,0.0,0.0,1.0,0.025908347219228745,-0.018874062225222622,-0.28729772567749023,1.2184696791468346e-07,0.0,0.0,0.0,1.2184696791468346e-07,0.0,0.0,0.0,1.2184696791468346e-07,1.4345914125442505,2.7392475605011,10.508953094482422,8.999999999999999e-08,0.0,0.0,0.0,8.999999999999999e-08,0.0,0.0,0.0,8.999999999999999e-08
1759811063697062304,169679,1759811063693618304,base_link,-0.03650026531140644,-0.01270364097743944,0.02441031669260011,-0.9989547831895073,1.0,0.0,0.0,0.0,1.0,0.0,0.0,0.0,1.0,-0.04229064658284187,-0.04343967884778973,0.2687644064426422,1.2184696791468346e-07,0.0,0.0,0.0,1.2184696791468346e-07,0.0,0.0,0.0,1.2184696791468346e-07,-0.6349520087242126,0.48656189441681025,9.592527389526367,8.999999999999999e-08,0.0,0.0,0.0,8.999999999999999e-08,0.0,0.0,0.0,8.999999999999999e-08
1759811063703807648,169680,1759811063698618304,base_link,-0.03660347767505356,-0.012432152052756516,0.023264891790619528,-0.9989817150257058,1.0,0.0,0.0,0.0,1.0,0.0,0.0,0.0,1.0,-0.012568840757012367,-0.07779575139284128,0.41558483242988586,1.2184696791468346e-07,0.0,0.0,0.0,1.2184696791468346e-07,0.0,0.0,0.0,1.2184696791468346e-07,-0.8423115015029907,0.49237692356109736,9.491877555847168,8.999999999999999e-08,0.0,0.0,0.0,8.999999999999999e-08,0.0,0.0,0.0,8.999999999999999e-08
1759811063720366816,169681,1759811063708618304,base_link,-0.03666947173728752,-0.011700717204452237,0.021785958876372264,-0.999021417357003,1.0,0.0,0.0,0.0,1.0,0.0,0.0,0.0,1.0,0.018489660695195198,-0.1299147456884384,0.26108241081237793,1.2184696791468346e-07,0.0,0.0,0.0,1.2184696791468346e-07,0.0,0.0,0.0,1.2184696791468346e-07,-0.18707120418548584,-0.13046857714652896,9.634486198425293,8.999999999999999e-08,0.0,0.0,0.0,8.999999999999999e-08,0.0,0.0,0.0,8.999999999999999e-08
1759811063725923648,169682,1759811063719618304,base_link,-0.036735322236818746,-0.01118707751291702,0.02295578680364062,-0.9989987423525042,1.0,0.0,0.0,0.0,1.0,0.0,0.0,0.0,1.0,0.04094149172306061,-0.10055325925350192,-0.22376391291618347,1.2184696791468346e-07,0.0,0.0,0.0,1.2184696791468346e-07,0.0,0.0,0.0,1.2184696791468346e-07,-1.2844184637069702,-1.97987139225006,9.728793144226074,8.999999999999999e-08,0.0,0.0,0.0,8.999999999999999e-08,0.0,0.0,0.0,8.999999999999999e-08
1759811063730541408,169683,1759811063725618304,base_link,-0.036968475968602976,-0.011240949087848038,0.024408420084417112,-0.9989550782174469,1.0,0.0,0.0,0.0,1.0,0.0,0.0,0.0,1.0,0.027835845947265625,-0.02497015334665782,-0.5275917053222656,1.2184696791468346e-07,0.0,0.0,0.0,1.2184696791468346e-07,0.0,0.0,0.0,1.2184696791468346e-07,-0.5120319128036499,1.249519467353822,9.00326919555664,8.999999999999999e-08,0.0,0.0,0.0,8.999999999999999e-08,0.0,0.0,0.0,8.999999999999999e-08
1759811063734744384,169684,1759811063730618304,base_link,-0.03699508511799253,-0.011328199649710668,0.025517219375041707,-0.9989254068360952,1.0,0.0,0.0,0.0,1.0,0.0,0.0,0.0,1.0,0.03199689835309982,0.007250921335071263,-0.5106164813041687,1.2184696791468346e-07,0.0,0.0,0.0,1.2184696791468346e-07,0.0,0.0,0.0,1.2184696791468346e-07,0.9443252682685852,2.4476912021636976,10.110702514648438,8.999999999999999e-08,0.0,0.0,0.0,8.999999999999999e-08,0.0,0.0,0.0,8.999999999999999e-08
1759811063741908896,169685,1759811063735618304,base_link,-0.03683414737695368,-0.011420627688495059,0.02606812083192759,-0.9989160923825743,1.0,0.0,0.0,0.0,1.0,0.0,0.0,0.0,1.0,-0.03281442075967789,0.03613304719328878,-0.1935330480337143,1.2184696791468346e-07,0.0,0.0,0.0,1.2184696791468346e-07,0.0,0.0,0.0,1.2184696791468346e-07,1.806978702545166,2.481054782867433,10.521658897399902,8.999999999999999e-08,0.0,0.0,0.0,8.999999999999999e-08,0.0,0.0,0.0,8.999999999999999e-08
1759811063746749568,169686,1759811063740618304,base_link,-0.03682367651927675,-0.011467602985338481,0.025598984261152875,-0.9989280199407029,1.0,0.0,0.0,0.0,1.0,0.0,0.0,0.0,1.0,-0.06726077198982239,0.0276323799043894,0.1446840763092041,1.2184696791468346e-07,0.0,0.0,0.0,1.2184696791468346e-07,0.0,0.0,0.0,1.2184696791468346e-07,0.7846752405166626,2.0959377288818373,9.388448715209961,8.999999999999999e-08,0.0,0.0,0.0,8.999999999999999e-08,0.0,0.0,0.0,8.999999999999999e-08
1759811063756745216,169687,1759811063749618304,base_link,-0.03655232720602952,-0.011513366560287218,0.024752717689902615,-0.9989588292869643,1.0,0.0,0.0,0.0,1.0,0.0,0.0,0.0,1.0,-0.009735578671097755,0.017851958051323936,0.3800562918186188,1.2184696791468346e-07,0.0,0.0,0.0,1.2184696791468346e-07,0.0,0.0,0.0,1.2184696791468346e-07,-1.0252470970153809,1.1494805812835704,9.560181617736816,8.999999999999999e-08,0.0,0.0,0.0,8.999999999999999e-08,0.0,0.0,0.0,8.999999999999999e-08
1759811063760237056,169688,1759811063756618304,base_link,-0.036687029850959355,-0.011271732092329182,0.02262965448986334,-0.9990070031348123,1.0,0.0,0.0,0.0,1.0,0.0,0.0,0.0,1.0,-0.004542105831205845,-0.034666001796722364,0.41619670391082764,1.2184696791468346e-07,0.0,0.0,0.0,1.2184696791468346e-07,0.0,0.0,0.0,1.2184696791468346e-07,-0.2898389399051666,0.7177518010139479,10.778238296508789,8.999999999999999e-08,0.0,0.0,0.0,8.999999999999999e-08,0.0,0.0,0.0,8.999999999999999e-08
1759811063769064448,169689,1759811063761617280,base_link,-0.03647947769546746,-0.011175616204300088,0.02205814322405561,-0.9990284980275529,1.0,0.0,0.0,0.0,1.0,0.0,0.0,0.0,1.0,-0.017567027360200882,-0.03340483829379078,0.27145686745643616,1.2184696791468346e-07,0.0,0.0,0.0,1.2184696791468346e-07,0.0,0.0,0.0,1.2184696791468346e-07,0.004682473838329315,0.2810959815979015,9.275129318237305,8.999999999999999e-08,0.0,0.0,0.0,8.999999999999999e-08,0.0,0.0,0.0,8.999999999999999e-08
1759811063786152896,169690,1759811063772617280,base_link,-0.036794455582368546,-0.011411977047838197,0.022602554066270857,-0.9990020719535365,1.0,0.0,0.0,0.0,1.0,0.0,0.0,0.0,1.0,0.009740214794874191,0.03824707120656966,-0.12687461078166962,1.2184696791468346e-07,0.0,0.0,0.0,1.2184696791468346e-07,0.0,0.0,0.0,1.2184696791468346e-07,-0.899010956287384,-0.5190638899803149,9.59304141998291,8.999999999999999e-08,0.0,0.0,0.0,8.999999999999999e-08,0.0,0.0,0.0,8.999999999999999e-08
1759811063787334144,169691,1759811063782617280,base_link,-0.036888603739407784,-0.012182192265128563,0.024563309752694638,-0.9989432349530153,1.0,0.0,0.0,0.0,1.0,0.0,0.0,0.0,1.0,0.007947985082864761,0.13413120806217188,-0.39722469449043274,1.2184696791468346e-07,0.0,0.0,0.0,1.2184696791468346e-07,0.0,0.0,0.0,1.2184696791468346e-07,0.3092038631439209,1.896360754966737,9.320869445800781,8.999999999999999e-08,0.0,0.0,0.0,8.999999999999999e-08,0.0,0.0,0.0,8.999999999999999e-08
1759811063800299808,169692,1759811063793617280,base_link,-0.03629675003374848,-0.012968411431051922,0.025005261606179892,-0.9989440778899855,1.0,0.0,0.0,0.0,1.0,0.0,0.0,0.0,1.0,-0.07811576873064041,0.15478931367397308,-0.08739253878593446,1.2184696791468346e-07,0.0,0.0,0.0,1.2184696791468346e-07,0.0,0.0,0.0,1.2184696791468346e-07,0.9336578845977783,2.545582771301271,10.110745429992676,8.999999999999999e-08,0.0,0.0,0.0,8.999999999999999e-08,0.0,0.0,0.0,8.999999999999999e-08
1759811063805556224,169693,1759811063798617280,base_link,-0.03603614421560448,-0.013350642517286238,0.02431809938805826,-0.998965404195332,1.0,0.0,0.0,0.0,1.0,0.0,0.0,0.0,1.0,-0.12115410715341568,0.13772790133953097,0.15517298877239225,1.2184696791468346e-07,0.0,0.0,0.0,1.2184696791468346e-07,0.0,0.0,0.0,1.2184696791468346e-07,0.028361305594444275,2.311124563217164,8.829267501831055,8.999999999999999e-08,0.0,0.0,0.0,8.999999999999999e-08,0.0,0.0,0.0,8.999999999999999e-08
1759811063827905152,169694,1759811063804617280,base_link,-0.035784692166121436,-0.013494520004301286,0.023133604357508112,-0.9990006389606871,1.0,0.0,0.0,0.0,1.0,0.0,0.0,0.0,1.0,-0.09703129529953003,0.10428074002265934,0.3718037009239197,1.2184696791468346e-07,0.0,0.0,0.0,1.2184696791468346e-07,0.0,0.0,0.0,1.2184696791468346e-07,-0.6426409482955933,0.9612308740615857,10.269968032836914,8.999999999999999e-08,0.0,0.0,0.0,8.999999999999999e-08,0.0,0.0,0.0,8.999999999999999e-08
1759811063827909568,169695,1759811063813617280,base_link,-0.03581810144610041,-0.013769520288300773,0.021931449797431883,-0.9990227660561554,1.0,0.0,0.0,0.0,1.0,0.0,0.0,0.0,1.0,-0.08713939785957336,0.057340163737535525,0.41002076864242554,1.2184696791468346e-07,0.0,0.0,0.0,1.2184696791468346e-07,0.0,0.0,0.0,1.2184696791468346e-07,-0.8026532530784607,-0.2769876122474658,10.003227233886719,8.999999999999999e-08,0.0,0.0,0.0,8.999999999999999e-08,0.0,0.0,0.0,8.999999999999999e-08
1759811063827913600,169696,1759811063819617280,base_link,-0.03549119007417017,-0.013949581503306933,0.020865893173379464,-0.9990547976610237,1.0,0.0,0.0,0.0,1.0,0.0,0.0,0.0,1.0,-0.025326456874608994,0.057955127209425,0.21039006114006042,1.2184696791468346e-07,0.0,0.0,0.0,1.2184696791468346e-07,0.0,0.0,0.0,1.2184696791468346e-07,-0.2034352421760559,-1.4044332504272448,10.189752578735352,8.999999999999999e-08,0.0,0.0,0.0,8.999999999999999e-08,0.0,0.0,0.0,8.999999999999999e-08
1759811063837884640,169697,1759811063825617280,base_link,-0.03568901091746761,-0.014186041787065748,0.020999456536310454,-0.9990416056974397,1.0,0.0,0.0,0.0,1.0,0.0,0.0,0.0,1.0,-0.02818525955080986,0.09420444071292874,-0.18756115436553955,1.2184696791468346e-07,0.0,0.0,0.0,1.2184696791468346e-07,0.0,0.0,0.0,1.2184696791468346e-07,-0.6673927307128906,-0.19660417735576521,8.942221641540527,8.999999999999999e-08,0.0,0.0,0.0,8.999999999999999e-08,0.0,0.0,0.0,8.999999999999999e-08
1759811063842383392,169698,1759811063835617280,base_link,-0.03546618711483559,-0.014827331111850304,0.022249953531628727,-0.9990131987215434,1.0,0.0,0.0,0.0,1.0,0.0,0.0,0.0,1.0,-0.027350813150405884,0.12147226929664609,-0.2565750181674957,1.2184696791468346e-07,0.0,0.0,0.0,1.2184696791468346e-07,0.0,0.0,0.0,1.2184696791468346e-07,-0.2622060179710388,1.1743606328964245,9.850362777709961,8.999999999999999e-08,0.0,0.0,0.0,8.999999999999999e-08,0.0,0.0,0.0,8.999999999999999e-08
1759811063849176032,169699,1759811063845617280,base_link,-0.035363604978282615,-0.015121475943241357,0.022622910994101582,-0.9990040528554165,1.0,0.0,0.0,0.0,1.0,0.0,0.0,0.0,1.0,-0.0536063127219677,0.10499930381774901,-0.12727686762809753,1.2184696791468346e-07,0.0,0.0,0.0,1.2184696791468346e-07,0.0,0.0,0.0,1.2184696791468346e-07,0.5276381373405457,2.3353366851806654,10.200818061828613,8.999999999999999e-08,0.0,0.0,0.0,8.999999999999999e-08,0.0,0.0,0.0,8.999999999999999e-08
1759811063856808576,169700,1759811063851617280,base_link,-0.034865672231807296,-0.015456168677077923,0.02182355386524397,-0.9990341457052533,1.0,0.0,0.0,0.0,1.0,0.0,0.0,0.0,1.0,-0.09810012578964233,0.05076687783002856,0.21264603734016418,1.2184696791468346e-07,0.0,0.0,0.0,1.2184696791468346e-07,0.0,0.0,0.0,1.2184696791468346e-07,-0.44144773483276367,1.7366138696670543,9.671063423156738,8.999999999999999e-08,0.0,0.0,0.0,8.999999999999999e-08,0.0,0.0,0.0,8.999999999999999e-08
1759811063867264800,169701,1759811063862616512,base_link,-0.034440750997842995,-0.015391095918610626,0.01955849793257154,-0.9990968602158375,1.0,0.0,0.0,0.0,1.0,0.0,0.0,0.0,1.0,-0.06194494292140007,-0.003731251228600686,0.4470715820789337,1.2184696791468346e-07,0.0,0.0,0.0,1.2184696791468346e-07,0.0,0.0,0.0,1.2184696791468346e-07,-0.3649674355983734,0.7879088521003736,10.547172546386719,8.999999999999999e-08,0.0,0.0,0.0,8.999999999999999e-08,0.0,0.0,0.0,8.999999999999999e-08
1759811063878153888,169702,1759811063872616512,base_link,-0.03420270493890896,-0.015001986334990433,0.01822813265932515,-0.9991360989318011,1.0,0.0,0.0,0.0,1.0,0.0,0.0,0.0,1.0,-0.024157127365469933,-0.0707660913467407,0.2042490541934967,1.2184696791468346e-07,0.0,0.0,0.0,1.2184696791468346e-07,0.0,0.0,0.0,1.2184696791468346e-07,-1.5647884607315063,-0.9938212037086476,9.106098175048828,8.999999999999999e-08,0.0,0.0,0.0,8.999999999999999e-08,0.0,0.0,0.0,8.999999999999999e-08
1759811063884103008,169703,1759811063878616512,base_link,-0.03431012606050659,-0.014760511893347839,0.018517302186958393,-0.9991306619883432,1.0,0.0,0.0,0.0,1.0,0.0,0.0,0.0,1.0,0.008761093951761723,-0.09594826400279999,-0.05514308065176009,1.2184696791468346e-07,0.0,0.0,0.0,1.2184696791468346e-07,0.0,0.0,0.0,1.2184696791468346e-07,-1.2973963022232056,-1.0083738565444933,10.32818603515625,8.999999999999999e-08,0.0,0.0,0.0,8.999999999999999e-08,0.0,0.0,0.0,8.999999999999999e-08
1759811063891061280,169704,1759811063883616512,base_link,-0.03399342673826163,-0.014647613657077313,0.019402343858838666,-0.9991264051566436,1.0,0.0,0.0,0.0,1.0,0.0,0.0,0.0,1.0,-0.03239711746573448,-0.0882448330521584,-0.31362754106521606,1.2184696791468346e-07,0.0,0.0,0.0,1.2184696791468346e-07,0.0,0.0,0.0,1.2184696791468346e-07,-0.9126769304275513,0.5815978050231945,9.46944808959961,8.999999999999999e-08,0.0,0.0,0.0,8.999999999999999e-08,0.0,0.0,0.0,8.999999999999999e-08
1759811063898585312,169705,1759811063888616512,base_link,-0.03402905597177702,-0.014387710505923329,0.020133380946260108,-0.999114477598515,1.0,0.0,0.0,0.0,1.0,0.0,0.0,0.0,1.0,-0.0676967054605484,-0.0747165530920029,-0.2809838354587555,1.2184696791468346e-07,0.0,0.0,0.0,1.2184696791468346e-07,0.0,0.0,0.0,1.2184696791468346e-07,-0.03821283578872681,1.1091938018798841,9.998673439025879,8.999999999999999e-08,0.0,0.0,0.0,8.999999999999999e-08,0.0,0.0,0.0,8.999999999999999e-08
1759811063902932096,169706,1759811063894616512,base_link,-0.03371250152932383,-0.014237393770709225,0.020610694005645965,-0.9991176386121534,1.0,0.0,0.0,0.0,1.0,0.0,0.0,0.0,1.0,-0.06030751392245293,-0.09612426906824113,-0.125565305352211,1.2184696791468346e-07,0.0,0.0,0.0,1.2184696791468346e-07,0.0,0.0,0.0,1.2184696791468346e-07,-0.04654106870293617,1.9011477231979383,10.18767261505127,8.999999999999999e-08,0.0,0.0,0.0,8.999999999999999e-08,0.0,0.0,0.0,8.999999999999999e-08
1759811063906162752,169707,1759811063899616512,base_link,-0.03353048443712896,-0.013873419513869716,0.020516200771284562,-0.9991307884288888,1.0,0.0,0.0,0.0,1.0,0.0,0.0,0.0,1.0,-0.09679428488016129,-0.1023842692375183,0.1181830018758774,1.2184696791468346e-07,0.0,0.0,0.0,1.2184696791468346e-07,0.0,0.0,0.0,1.2184696791468346e-07,-0.1138647273182869,1.8620512485504161,9.671893119812012,8.999999999999999e-08,0.0,0.0,0.0,8.999999999999999e-08,0.0,0.0,0.0,8.999999999999999e-08
1759811063914816160,169708,1759811063910616512,base_link,-0.03297266233600867,-0.013058318561459756,0.018499179042098697,-0.9991997828199011,1.0,0.0,0.0,0.0,1.0,0.0,0.0,0.0,1.0,-0.10221559554338455,-0.1539533287286758,0.3947199285030365,1.2184696791468346e-07,0.0,0.0,0.0,1.2184696791468346e-07,0.0,0.0,0.0,1.2184696791468346e-07,-0.8466848731040955,0.7295017242431653,9.776676177978516,8.999999999999999e-08,0.0,0.0,0.0,8.999999999999999e-08,0.0,0.0,0.0,8.999999999999999e-08
1759811063919857824,169709,1759811063915616512,base_link,-0.03283482633630986,-0.012534512259810303,0.017444959920295704,-0.9992300021102835,1.0,0.0,0.0,0.0,1.0,0.0,0.0,0.0,1.0,-0.08382182568311691,-0.18995283544063563,0.43059417605400085,1.2184696791468346e-07,0.0,0.0,0.0,1.2184696791468346e-07,0.0,0.0,0.0,1.2184696791468346e-07,-0.6344702839851379,-0.222151309251784,10.379898071289062,8.999999999999999e-08,0.0,0.0,0.0,8.999999999999999e-08,0.0,0.0,0.0,8.999999999999999e-08
1759811063925947776,169710,1759811063920616512,base_link,-0.03259930052720787,-0.012010367466283745,0.016943665304107115,-0.9992527614084793,1.0,0.0,0.0,0.0,1.0,0.0,0.0,0.0,1.0,-0.08441891521215439,-0.2049818783998489,0.21579124033451083,1.2184696791468346e-07,0.0,0.0,0.0,1.2184696791468346e-07,0.0,0.0,0.0,1.2184696791468346e-07,-0.9438684582710266,0.3994605541229259,9.136617660522461,8.999999999999999e-08,0.0,0.0,0.0,8.999999999999999e-08,0.0,0.0,0.0,8.999999999999999e-08
1759811063930199712,169711,1759811063925616512,base_link,-0.032359585716490606,-0.01138536065445906,0.017043721922471985,-0.9992661641063058,1.0,0.0,0.0,0.0,1.0,0.0,0.0,0.0,1.0,-0.07974807918071747,-0.21761205792427063,0.09106300771236422,1.2184696791468346e-07,0.0,0.0,0.0,1.2184696791468346e-07,0.0,0.0,0.0,1.2184696791468346e-07,-0.8495277762413025,-0.6524796485900867,10.260504722595215,8.999999999999999e-08,0.0,0.0,0.0,8.999999999999999e-08,0.0,0.0,0.0,8.999999999999999e-08
1759811063936276864,169712,1759811063931616512,base_link,-0.03221621926001375,-0.011033899401815732,0.017877808054502616,-0.9992600949601202,1.0,0.0,0.0,0.0,1.0,0.0,0.0,0.0,1.0,-0.07453957945108414,-0.18092384934425357,-0.25063514709472656,1.2184696791468346e-07,0.0,0.0,0.0,1.2184696791468346e-07,0.0,0.0,0.0,1.2184696791468346e-07,-0.8173605799674988,-0.5789013504981982,9.803038597106934,8.999999999999999e-08,0.0,0.0,0.0,8.999999999999999e-08,0.0,0.0,0.0,8.999999999999999e-08
1759811063946750496,169713,1759811063941616512,base_link,-0.03168724009125409,-0.010345719732429282,0.020006561079090816,-0.9992440791576861,1.0,0.0,0.0,0.0,1.0,0.0,0.0,0.0,1.0,-0.0701359361410141,-0.12633018195629125,-0.3859023451805115,1.2184696791468346e-07,0.0,0.0,0.0,1.2184696791468346e-07,0.0,0.0,0.0,1.2184696791468346e-07,0.6587997078895569,1.5422528982162487,9.80277156829834,8.999999999999999e-08,0.0,0.0,0.0,8.999999999999999e-08,0.0,0.0,0.0,8.999999999999999e-08
1759811063956803712,169714,1759811063952616512,base_link,-0.031200935265156226,-0.00962273401016242,0.019518121251698068,-0.9992762372030999,1.0,0.0,0.0,0.0,1.0,0.0,0.0,0.0,1.0,-0.09964794665575027,-0.1284758448600769,0.09717553108930589,1.2184696791468346e-07,0.0,0.0,0.0,1.2184696791468346e-07,0.0,0.0,0.0,1.2184696791468346e-07,-0.03913279250264168,1.2971473932266249,10.48924732208252,8.999999999999999e-08,0.0,0.0,0.0,8.999999999999999e-08,0.0,0.0,0.0,8.999999999999999e-08
1759811063963113696,169715,1759811063957615744,base_link,-0.030826669274745963,-0.009291759418617925,0.018402494171614714,-0.9993121463180311,1.0,0.0,0.0,0.0,1.0,0.0,0.0,0.0,1.0,-0.1405186653137207,-0.13361826539039606,0.38856565952301025,1.2184696791468346e-07,0.0,0.0,0.0,1.2184696791468346e-07,0.0,0.0,0.0,1.2184696791468346e-07,-0.26038676500320435,0.7768933176994336,10.25567626953125,8.999999999999999e-08,0.0,0.0,0.0,8.999999999999999e-08,0.0,0.0,0.0,8.999999999999999e-08
1759811063971643232,169716,1759811063966615744,base_link,-0.03047326926707113,-0.008667882010624434,0.017325305017373283,-0.9993478868455684,1.0,0.0,0.0,0.0,1.0,0.0,0.0,0.0,1.0,-0.14892597496509552,-0.16059032082557673,0.40697696805000305,1.2184696791468346e-07,0.0,0.0,0.0,1.2184696791468346e-07,0.0,0.0,0.0,1.2184696791468346e-07,-0.29896068572998047,-0.024605879560111763,9.707815170288086,8.999999999999999e-08,0.0,0.0,0.0,8.999999999999999e-08,0.0,0.0,0.0,8.999999999999999e-08
1759811063975146720,169717,1759811063968615744,base_link,-0.03007826241738195,-0.008311355233625702,0.016508414799535128,-0.9993767152899499,1.0,0.0,0.0,0.0,1.0,0.0,0.0,0.0,1.0,-0.12886877357959747,-0.18166463077068326,0.3129526972770691,1.2184696791468346e-07,0.0,0.0,0.0,1.2184696791468346e-07,0.0,0.0,0.0,1.2184696791468346e-07,0.1733534336090088,0.24673147499561424,9.403882026672363,8.999999999999999e-08,0.0,0.0,0.0,8.999999999999999e-08,0.0,0.0,0.0,8.999999999999999e-08
1759811063979727840,169718,1759811063973615744,base_link,-0.02991684328030777,-0.007793843958928053,0.016247188632464635,-0.9993900336940793,1.0,0.0,0.0,0.0,1.0,0.0,0.0,0.0,1.0,-0.08608120679855347,-0.15926513075828552,0.051932796835899374,1.2184696791468346e-07,0.0,0.0,0.0,1.2184696791468346e-07,0.0,0.0,0.0,1.2184696791468346e-07,-0.4118053913116455,-0.04355327785014997,8.894174575805664,8.999999999999999e-08,0.0,0.0,0.0,8.999999999999999e-08,0.0,0.0,0.0,8.999999999999999e-08
1759811063985943488,169719,1759811063978615744,base_link,-0.029775096843320553,-0.007433413330085999,0.01665280990253347,-0.9993902865751704,1.0,0.0,0.0,0.0,1.0,0.0,0.0,0.0,1.0,-0.0378669872879982,-0.12876106798648837,-0.2513315975666046,1.2184696791468346e-07,0.0,0.0,0.0,1.2184696791468346e-07,0.0,0.0,0.0,1.2184696791468346e-07,-0.9307122230529785,-1.2691990137100206,10.505461692810059,8.999999999999999e-08,0.0,0.0,0.0,8.999999999999999e-08,0.0,0.0,0.0,8.999999999999999e-08
1759811063993796544,169720,1759811063989615744,base_link,-0.029471951684138898,-0.007164854928463598,0.01916729088469341,-0.9993562319215736,1.0,0.0,0.0,0.0,1.0,0.0,0.0,0.0,1.0,-0.049046944826841354,-0.0627306997776032,-0.4896007478237152,1.2184696791468346e-07,0.0,0.0,0.0,1.2184696791468346e-07,0.0,0.0,0.0,1.2184696791468346e-07,0.6161858439445496,1.3554400205612194,9.441681861877441,8.999999999999999e-08,0.0,0.0,0.0,8.999999999999999e-08,0.0,0.0,0.0,8.999999999999999e-08
1759811063999309280,169721,1759811063994615744,base_link,-0.029366207875403096,-0.007393435727184399,0.019836540692197913,-0.9993445572445361,1.0,0.0,0.0,0.0,1.0,0.0,0.0,0.0,1.0,-0.045673537999391556,0.03067795746028419,-0.33786386251449585,1.2184696791468346e-07,0.0,0.0,0.0,1.2184696791468346e-07,0.0,0.0,0.0,1.2184696791468346e-07,1.2621519565582275,2.021540164947511,9.54761791229248,8.999999999999999e-08,0.0,0.0,0.0,8.999999999999999e-08,0.0,0.0,0.0,8.999999999999999e-08
1759811064009184672,169722,1759811064005615744,base_link,-0.028636450998505158,-0.007559855192707696,0.019011600426294177,-0.9993805085063159,1.0,0.0,0.0,0.0,1.0,0.0,0.0,0.0,1.0,-0.1438010185956955,0.05227994918823244,0.1613272875547409,1.2184696791468346e-07,0.0,0.0,0.0,1.2184696791468346e-07,0.0,0.0,0.0,1.2184696791468346e-07,0.23792460560798645,1.2485786676406874,10.292635917663574,8.999999999999999e-08,0.0,0.0,0.0,8.999999999999999e-08,0.0,0.0,0.0,8.999999999999999e-08
1759811064016285920,169723,1759811064010615744,base_link,-0.028340588024492776,-0.007568002705360458,0.017829465619260614,-0.9994106856498497,1.0,0.0,0.0,0.0,1.0,0.0,0.0,0.0,1.0,-0.12399584800004959,0.03163510188460355,0.4152413606643677,1.2184696791468346e-07,0.0,0.0,0.0,1.2184696791468346e-07,0.0,0.0,0.0,1.2184696791468346e-07,-0.5269965529441833,0.8034529685974133,9.552425384521484,8.999999999999999e-08,0.0,0.0,0.0,8.999999999999999e-08,0.0,0.0,0.0,8.999999999999999e-08
1759811064028733952,169724,1759811064015615744,base_link,-0.0282174230793428,-0.007442949054561588,0.016923687697913005,-0.9994308739902864,1.0,0.0,0.0,0.0,1.0,0.0,0.0,0.0,1.0,-0.07053754478693008,-0.01520417630672451,0.3136013448238373,1.2184696791468346e-07,0.0,0.0,0.0,1.2184696791468346e-07,0.0,0.0,0.0,1.2184696791468346e-07,0.05698318034410477,-0.26854276657104365,10.311653137207031,8.999999999999999e-08,0.0,0.0,0.0,8.999999999999999e-08,0.0,0.0,0.0,8.999999999999999e-08
1759811064033966400,169725,1759811064026615744,base_link,-0.02791087917195545,-0.00728835112150109,0.01619231343570343,-0.9994527482046635,1.0,0.0,0.0,0.0,1.0,0.0,0.0,0.0,1.0,-0.03357255831360817,-0.015403021126985545,0.04085872322320938,1.2184696791468346e-07,0.0,0.0,0.0,1.2184696791468346e-07,0.0,0.0,0.0,1.2184696791468346e-07,-0.13869228959083557,-0.7620475888252246,9.829283714294434,8.999999999999999e-08,0.0,0.0,0.0,8.999999999999999e-08,0.0,0.0,0.0,8.999999999999999e-08
1759811064039816128,169726,1759811064031615744,base_link,-0.027832091565564904,-0.007350733067108768,0.0168065194590527,-0.9994443609818099,1.0,0.0,0.0,0.0,1.0,0.0,0.0,0.0,1.0,-0.02092323824763298,0.02470924332737919,-0.31904250383377075,1.2184696791468346e-07,0.0,0.0,0.0,1.2184696791468346e-07,0.0,0.0,0.0,1.2184696791468346e-07,-0.581768274307251,-1.4508213996887196,9.724043846130371,8.999999999999999e-08,0.0,0.0,0.0,8.999999999999999e-08,0.0,0.0,0.0,8.999999999999999e-08
1759811064048168896,169727,1759811064042615744,base_link,-0.02776331317715119,-0.008125405313629161,0.019198479552591487,-0.9993971143646291,1.0,0.0,0.0,0.0,1.0,0.0,0.0,0.0,1.0,-0.016387324780225754,0.14874260127544398,-0.4577944576740265,1.2184696791468346e-07,0.0,0.0,0.0,1.2184696791468346e-07,0.0,0.0,0.0,1.2184696791468346e-07,0.9395749568939209,1.5870654582977308,10.701021194458008,8.999999999999999e-08,0.0,0.0,0.0,8.999999999999999e-08,0.0,0.0,0.0,8.999999999999999e-08
1759811064057773472,169728,1759811064053615744,base_link,-0.02726045385921165,-0.009127030436846621,0.019448958273291718,-0.9993974936862657,1.0,0.0,0.0,0.0,1.0,0.0,0.0,0.0,1.0,-0.09272097051143646,0.18650636076927185,-0.0666085705161095,1.2184696791468346e-07,0.0,0.0,0.0,1.2184696791468346e-07,0.0,0.0,0.0,1.2184696791468346e-07,0.3192116320133209,2.3967261314392103,9.378439903259277,8.999999999999999e-08,0.0,0.0,0.0,8.999999999999999e-08,0.0,0.0,0.0,8.999999999999999e-08
1759811064067300256,169729,1759811064058613696,base_link,-0.027111306699043724,-0.00945244098584317,0.018537574821092143,-0.9994158697122165,1.0,0.0,0.0,0.0,1.0,0.0,0.0,0.0,1.0,-0.08368802070617676,0.13607880473136905,0.3269067704677582,1.2184696791468346e-07,0.0,0.0,0.0,1.2184696791468346e-07,0.0,0.0,0.0,1.2184696791468346e-07,0.07109491527080536,0.9914823770523084,10.253479957580566,8.999999999999999e-08,0.0,0.0,0.0,8.999999999999999e-08,0.0,0.0,0.0,8.999999999999999e-08
1759811064071944384,169730,1759811064063613696,base_link,-0.026850712076156354,-0.00974519628832238,0.017391812744323477,-0.9994406942059894,1.0,0.0,0.0,0.0,1.0,0.0,0.0,0.0,1.0,-0.04168599843978882,0.04229536652565007,0.41223132610321045,1.2184696791468346e-07,0.0,0.0,0.0,1.2184696791468346e-07,0.0,0.0,0.0,1.2184696791468346e-07,-0.5363644361495972,0.6083492636680615,9.690780639648438,8.999999999999999e-08,0.0,0.0,0.0,8.999999999999999e-08,0.0,0.0,0.0,8.999999999999999e-08
1759811064080090816,169731,1759811064073613696,base_link,-0.026739598495502465,-0.00976034676327303,0.01599599341533969,-0.9994668252520661,1.0,0.0,0.0,0.0,1.0,0.0,0.0,0.0,1.0,-0.023145342245697975,0.007091062143445043,0.225447416305542,1.2184696791468346e-07,0.0,0.0,0.0,1.2184696791468346e-07,0.0,0.0,0.0,1.2184696791468346e-07,-0.2933522164821625,-0.8661627769470203,9.775938034057617,8.999999999999999e-08,0.0,0.0,0.0,8.999999999999999e-08,0.0,0.0,0.0,8.999999999999999e-08
1759811064086936352,169732,1759811064083613696,base_link,-0.026814313662655645,-0.00973797798197038,0.016116322667838284,-0.9994631584762457,1.0,0.0,0.0,0.0,1.0,0.0,0.0,0.0,1.0,0.005171296652406454,0.025892006233334524,-0.1339481770992279,1.2184696791468346e-07,0.0,0.0,0.0,1.2184696791468346e-07,0.0,0.0,0.0,1.2184696791468346e-07,-0.7505775094032288,-0.8318052887916554,9.134845733642578,8.999999999999999e-08,0.0,0.0,0.0,8.999999999999999e-08,0.0,0.0,0.0,8.999999999999999e-08
1759811064092818560,169733,1759811064084613696,base_link,-0.02676623464521684,-0.009917552532585142,0.017076638611159024,-0.999446679058478,1.0,0.0,0.0,0.0,1.0,0.0,0.0,0.0,1.0,-0.014793596230447292,0.07594107836484905,-0.3900103271007538,1.2184696791468346e-07,0.0,0.0,0.0,1.2184696791468346e-07,0.0,0.0,0.0,1.2184696791468346e-07,-0.7427927851676941,-1.1005445718765245,10.15697956085205,8.999999999999999e-08,0.0,0.0,0.0,8.999999999999999e-08,0.0,0.0,0.0,8.999999999999999e-08
1759811064100361664,169734,1759811064095613696,base_link,-0.02677153395287258,-0.010772826017071063,0.01941127899072295,-0.9993950491690521,1.0,0.0,0.0,0.0,1.0,0.0,0.0,0.0,1.0,0.010614980012178421,0.1588990539312362,-0.4506974518299103,1.2184696791468346e-07,0.0,0.0,0.0,1.2184696791468346e-07,0.0,0.0,0.0,1.2184696791468346e-07,0.3223929703235626,0.9704198241233838,9.89405345916748,8.999999999999999e-08,0.0,0.0,0.0,8.999999999999999e-08,0.0,0.0,0.0,8.999999999999999e-08
1759811064109525088,169735,1759811064100613696,base_link,-0.02668892086143516,-0.011104800937723184,0.019775680642948167,-0.9993864512119559,1.0,0.0,0.0,0.0,1.0,0.0,0.0,0.0,1.0,-0.004446203820407391,0.12735745310783383,-0.1699137389659882,1.2184696791468346e-07,0.0,0.0,0.0,1.2184696791468346e-07,0.0,0.0,0.0,1.2184696791468346e-07,1.0263577699661255,2.45765256881714,10.448017120361328,8.999999999999999e-08,0.0,0.0,0.0,8.999999999999999e-08,0.0,0.0,0.0,8.999999999999999e-08
1759811064119540320,169736,1759811064110613696,base_link,-0.026694154314640103,-0.011509803834499031,0.018522233368234154,-0.9994058387622708,1.0,0.0,0.0,0.0,1.0,0.0,0.0,0.0,1.0,-0.007620782591402531,0.03893236815929417,0.33262133598327637,1.2184696791468346e-07,0.0,0.0,0.0,1.2184696791468346e-07,0.0,0.0,0.0,1.2184696791468346e-07,-0.23266947269439697,0.9501148462295544,10.307816505432129,8.999999999999999e-08,0.0,0.0,0.0,8.999999999999999e-08,0.0,0.0,0.0,8.999999999999999e-08
1759811064123833984,169737,1759811064116613696,base_link,-0.02654689190885402,-0.011560897668695379,0.01749949794226879,-0.9994275865361025,1.0,0.0,0.0,0.0,1.0,0.0,0.0,0.0,1.0,0.01646764948964119,-0.03293059393763538,0.3659290671348572,1.2184696791468346e-07,0.0,0.0,0.0,1.2184696791468346e-07,0.0,0.0,0.0,1.2184696791468346e-07,-0.7168900966644287,0.19157092273235443,9.896851539611816,8.999999999999999e-08,0.0,0.0,0.0,8.999999999999999e-08,0.0,0.0,0.0,8.999999999999999e-08
1759811064129188448,169738,1759811064121613696,base_link,-0.02660843882002558,-0.011238827915987825,0.016808542507781188,-0.9994414949961111,1.0,0.0,0.0,0.0,1.0,0.0,0.0,0.0,1.0,0.0072156223468482494,-0.05853011086583134,0.26055726408958435,1.2184696791468346e-07,0.0,0.0,0.0,1.2184696791468346e-07,0.0,0.0,0.0,1.2184696791468346e-07,-0.6029576659202576,-0.7387479543685901,10.019510269165039,8.999999999999999e-08,0.0,0.0,0.0,8.999999999999999e-08,0.0,0.0,0.0,8.999999999999999e-08
1759811064136914432,169739,1759811064132613696,base_link,-0.026874988660898633,-0.011028899731911127,0.016849129922897197,-0.9994359737589562,1.0,0.0,0.0,0.0,1.0,0.0,0.0,0.0,1.0,0.046191081404685974,-0.06538958102464676,-0.018386445939540856,1.2184696791468346e-07,0.0,0.0,0.0,1.2184696791468346e-07,0.0,0.0,0.0,1.2184696791468346e-07,-1.14212167263031,-0.7386308312416066,9.317815780639648,8.999999999999999e-08,0.0,0.0,0.0,8.999999999999999e-08,0.0,0.0,0.0,8.999999999999999e-08
1759811064145994752,169740,1759811064137613696,base_link,-0.026992675832831207,-0.011069826955993237,0.0179231580635003,-0.9994136780760939,1.0,0.0,0.0,0.0,1.0,0.0,0.0,0.0,1.0,0.03416306897997856,-0.010358291678130668,-0.33777737617492676,1.2184696791468346e-07,0.0,0.0,0.0,1.2184696791468346e-07,0.0,0.0,0.0,1.2184696791468346e-07,-1.1135809421539307,-1.3118944168090807,10.449859619140625,8.999999999999999e-08,0.0,0.0,0.0,8.999999999999999e-08,0.0,0.0,0.0,8.999999999999999e-08
1759811064148110656,169741,1759811064142613696,base_link,-0.027093442362175677,-0.01132334156687528,0.01926494513269315,-0.999383163757772,1.0,0.0,0.0,0.0,1.0,0.0,0.0,0.0,1.0,0.0547521710395813,0.05378867313265794,-0.4957289397716522,1.2184696791468346e-07,0.0,0.0,0.0,1.2184696791468346e-07,0.0,0.0,0.0,1.2184696791468346e-07,-0.8360722064971924,0.7227084636688244,8.945724487304688,8.999999999999999e-08,0.0,0.0,0.0,8.999999999999999e-08,0.0,0.0,0.0,8.999999999999999e-08
1759811064156919968,169742,1759811064153613696,base_link,-0.027391118309218535,-0.011579406720636742,0.020564248178586986,-0.9993462431184764,1.0,0.0,0.0,0.0,1.0,0.0,0.0,0.0,1.0,0.05221088230609894,0.05436557531356809,-0.25345057249069214,1.2184696791468346e-07,0.0,0.0,0.0,1.2184696791468346e-07,0.0,0.0,0.0,1.2184696791468346e-07,1.2453186511993408,2.078023433685304,10.117733001708984,8.999999999999999e-08,0.0,0.0,0.0,8.999999999999999e-08,0.0,0.0,0.0,8.999999999999999e-08
1759811064166796032,169743,1759811064163612160,base_link,-0.027468090308400566,-0.01142406529082673,0.019128684371457427,-0.9993743550664332,1.0,0.0,0.0,0.0,1.0,0.0,0.0,0.0,1.0,0.034251920878887177,-0.015279784798622095,0.2946232855319977,1.2184696791468346e-07,0.0,0.0,0.0,1.2184696791468346e-07,0.0,0.0,0.0,1.2184696791468346e-07,-0.31194373965263367,1.7284395694732677,9.320298194885254,8.999999999999999e-08,0.0,0.0,0.0,8.999999999999999e-08,0.0,0.0,0.0,8.999999999999999e-08
1759811064173972448,169744,1759811064169612160,base_link,-0.027583358646355326,-0.011198121962860397,0.018291184344697422,-0.9993894857850486,1.0,0.0,0.0,0.0,1.0,0.0,0.0,0.0,1.0,0.056689076125621796,-0.07271822541952129,0.35681870579719543,1.2184696791468346e-07,0.0,0.0,0.0,1.2184696791468346e-07,0.0,0.0,0.0,1.2184696791468346e-07,-1.2745311260223389,0.2750326991081249,9.04814338684082,8.999999999999999e-08,0.0,0.0,0.0,8.999999999999999e-08,0.0,0.0,0.0,8.999999999999999e-08
1759811064186154880,169745,1759811064179612160,base_link,-0.028266259422965782,-0.010611495124960948,0.017218378462701144,-0.9993958078123253,1.0,0.0,0.0,0.0,1.0,0.0,0.0,0.0,1.0,0.13812242448329926,-0.09994846582412717,0.21184778213500977,1.2184696791468346e-07,0.0,0.0,0.0,1.2184696791468346e-07,0.0,0.0,0.0,1.2184696791468346e-07,-0.38225439190864563,-0.8096835017204274,9.382033348083496,8.999999999999999e-08,0.0,0.0,0.0,8.999999999999999e-08,0.0,0.0,0.0,8.999999999999999e-08
1759811064188963328,169746,1759811064184612160,base_link,-0.028379644982172218,-0.010267729623437903,0.01759647784069239,-0.9993896122255942,1.0,0.0,0.0,0.0,1.0,0.0,0.0,0.0,1.0,0.09240521490573883,-0.100203737616539,-0.020406115800142274,1.2184696791468346e-07,0.0,0.0,0.0,1.2184696791468346e-07,0.0,0.0,0.0,1.2184696791468346e-07,-1.390018105506897,-0.8066282868385303,9.996001243591309,8.999999999999999e-08,0.0,0.0,0.0,8.999999999999999e-08,0.0,0.0,0.0,8.999999999999999e-08
1759811064198720896,169747,1759811064190612160,base_link,-0.028606281098960948,-0.010285892939512577,0.018784681793911483,-0.9993613738370919,1.0,0.0,0.0,0.0,1.0,0.0,0.0,0.0,1.0,0.07885123044252396,-0.034107949584722574,-0.45517757534980774,1.2184696791468346e-07,0.0,0.0,0.0,1.2184696791468346e-07,0.0,0.0,0.0,1.2184696791468346e-07,-1.392284631729126,-1.9366402626037587,9.617480278015137,8.999999999999999e-08,0.0,0.0,0.0,8.999999999999999e-08,0.0,0.0,0.0,8.999999999999999e-08
1759811064209167872,169748,1759811064200612160,base_link,-0.029295588196545062,-0.010338475742841472,0.02121516410698924,-0.9992922108586856,1.0,0.0,0.0,0.0,1.0,0.0,0.0,0.0,1.0,0.10999878495931625,0.005689554847776844,-0.3741898834705353,1.2184696791468346e-07,0.0,0.0,0.0,1.2184696791468346e-07,0.0,0.0,0.0,1.2184696791468346e-07,1.231079339981079,2.176670074462892,10.58639907836914,8.999999999999999e-08,0.0,0.0,0.0,8.999999999999999e-08,0.0,0.0,0.0,8.999999999999999e-08
1759811064213804960,169749,1759811064210612160,base_link,-0.02949375148298665,-0.010288263699741314,0.021428806482090952,-0.9992823063492854,1.0,0.0,0.0,0.0,1.0,0.0,0.0,0.0,1.0,0.055468957871198654,-0.045719847083091736,-0.00475611630827188,1.2184696791468346e-07,0.0,0.0,0.0,1.2184696791468346e-07,0.0,0.0,0.0,1.2184696791468346e-07,1.1765990257263184,2.0344617366790785,10.216826438903809,8.999999999999999e-08,0.0,0.0,0.0,8.999999999999999e-08,0.0,0.0,0.0,8.999999999999999e-08
1759811064224176416,169750,1759811064216612160,base_link,-0.02988494931124166,-0.009867668444649959,0.019985993417017515,-0.9993047706195417,1.0,0.0,0.0,0.0,1.0,0.0,0.0,0.0,1.0,0.07450564205646515,-0.06282652914524074,0.2967671751976013,1.2184696791468346e-07,0.0,0.0,0.0,1.2184696791468346e-07,0.0,0.0,0.0,1.2184696791468346e-07,-0.9937384128570557,0.01723409071564804,10.588574409484863,8.999999999999999e-08,0.0,0.0,0.0,8.999999999999999e-08,0.0,0.0,0.0,8.999999999999999e-08
1759811064225858464,169751,1759811064222612160,base_link,-0.030242581784469293,-0.009609365556650372,0.019206403160111515,-0.99931189343694,1.0,0.0,0.0,0.0,1.0,0.0,0.0,0.0,1.0,0.108474001288414,-0.09975474327802654,0.33824631571769714,1.2184696791468346e-07,0.0,0.0,0.0,1.2184696791468346e-07,0.0,0.0,0.0,1.2184696791468346e-07,-0.728485107421875,0.6120646595954907,9.581257820129395,8.999999999999999e-08,0.0,0.0,0.0,8.999999999999999e-08,0.0,0.0,0.0,8.999999999999999e-08
1759811064233071744,169752,1759811064227612160,base_link,-0.030434660778201627,-0.009086436436285551,0.018613944910593885,-0.9993221351211282,1.0,0.0,0.0,0.0,1.0,0.0,0.0,0.0,1.0,0.10180798918008804,-0.14805535972118375,0.2588143050670624,1.2184696791468346e-07,0.0,0.0,0.0,1.2184696791468346e-07,0.0,0.0,0.0,1.2184696791468346e-07,-0.015951350331306458,0.6477807164192212,10.106489181518555,8.999999999999999e-08,0.0,0.0,0.0,8.999999999999999e-08,0.0,0.0,0.0,8.999999999999999e-08
1759811064238837920,169753,1759811064232612160,base_link,-0.030827804605477724,-0.008901974826877051,0.018347197506368408,-0.9993166981776703,1.0,0.0,0.0,0.0,1.0,0.0,0.0,0.0,1.0,0.1422680914402008,-0.11927493661642073,0.05757446587085725,1.2184696791468346e-07,0.0,0.0,0.0,1.2184696791468346e-07,0.0,0.0,0.0,1.2184696791468346e-07,-0.607448160648346,-0.7266063690185536,9.082747459411621,8.999999999999999e-08,0.0,0.0,0.0,8.999999999999999e-08,0.0,0.0,0.0,8.999999999999999e-08
1759811064248639264,169754,1759811064243612160,base_link,-0.031538128492489596,-0.00854860050243803,0.02049234565502742,-0.9992558802752691,1.0,0.0,0.0,0.0,1.0,0.0,0.0,0.0,1.0,0.14063940942287445,-0.06151540949940687,-0.47636085748672485,1.2184696791468346e-07,0.0,0.0,0.0,1.2184696791468346e-07,0.0,0.0,0.0,1.2184696791468346e-07,-0.9304959774017334,-1.1064335107803331,10.316987991333008,8.999999999999999e-08,0.0,0.0,0.0,8.999999999999999e-08,0.0,0.0,0.0,8.999999999999999e-08
1759811064256821184,169755,1759811064252612160,base_link,-0.03202667763827068,-0.008648811220217762,0.022033403023979745,-0.9992067370499055,1.0,0.0,0.0,0.0,1.0,0.0,0.0,0.0,1.0,0.15020813047885895,-0.017090272158384386,-0.5176576972007751,1.2184696791468346e-07,0.0,0.0,0.0,1.2184696791468346e-07,0.0,0.0,0.0,1.2184696791468346e-07,0.34545689821243286,2.454088211059571,8.886248588562012,8.999999999999999e-08,0.0,0.0,0.0,8.999999999999999e-08,0.0,0.0,0.0,8.999999999999999e-08
1759811064263402944,169756,1759811064253612160,base_link,-0.03244060578876322,-0.00845389389965602,0.02290870877385396,-0.9991753797946133,1.0,0.0,0.0,0.0,1.0,0.0,0.0,0.0,1.0,0.14441213011741638,-0.014171133749187036,-0.35246074199676514,1.2184696791468346e-07,0.0,0.0,0.0,1.2184696791468346e-07,0.0,0.0,0.0,1.2184696791468346e-07,1.254838466644287,2.597489118576051,10.751967430114746,8.999999999999999e-08,0.0,0.0,0.0,8.999999999999999e-08,0.0,0.0,0.0,8.999999999999999e-08
1759811064268241568,169757,1759811064264614720,base_link,-0.03286489284436633,-0.008297473773941933,0.022546709491993923,-0.9991710386692167,1.0,0.0,0.0,0.0,1.0,0.0,0.0,0.0,1.0,0.0989856943488121,-0.05306212976574897,0.07595062255859375,1.2184696791468346e-07,0.0,0.0,0.0,1.2184696791468346e-07,0.0,0.0,0.0,1.2184696791468346e-07,0.6829915046691895,1.7921712398529066,10.122645378112793,8.999999999999999e-08,0.0,0.0,0.0,8.999999999999999e-08,0.0,0.0,0.0,8.999999999999999e-08
1759811064272840768,169758,1759811064269614720,base_link,-0.03314310287429772,-0.008080669068112879,0.021797380672318744,-0.9991802688290405,1.0,0.0,0.0,0.0,1.0,0.0,0.0,0.0,1.0,0.09161361306905746,-0.05049993842840192,0.24602457880973816,1.2184696791468346e-07,0.0,0.0,0.0,1.2184696791468346e-07,0.0,0.0,0.0,1.2184696791468346e-07,-0.04234534129500389,1.0832045078277601,10.895835876464844,8.999999999999999e-08,0.0,0.0,0.0,8.999999999999999e-08,0.0,0.0,0.0,8.999999999999999e-08
1759811064284379072,169759,1759811064280614720,base_link,-0.033733949006859804,-0.007504679699650871,0.02039650372151362,-0.9991945144638372,1.0,0.0,0.0,0.0,1.0,0.0,0.0,0.0,1.0,0.12141376733779907,-0.10198868066072461,0.2792521119117737,1.2184696791468346e-07,0.0,0.0,0.0,1.2184696791468346e-07,0.0,0.0,0.0,1.2184696791468346e-07,-0.1994384527206421,-0.3801265656948078,9.491071701049805,8.999999999999999e-08,0.0,0.0,0.0,8.999999999999999e-08,0.0,0.0,0.0,8.999999999999999e-08
1759811064289974368,169760,1759811064285614720,base_link,-0.03403465228300586,-0.007390805500419517,0.020462632126827238,-0.999183851311164,1.0,0.0,0.0,0.0,1.0,0.0,0.0,0.0,1.0,0.12045460194349289,-0.07097777724266051,0.09390798956155778,1.2184696791468346e-07,0.0,0.0,0.0,1.2184696791468346e-07,0.0,0.0,0.0,1.2184696791468346e-07,-0.8802008628845215,-1.0629382133483876,9.357333183288574,8.999999999999999e-08,0.0,0.0,0.0,8.999999999999999e-08,0.0,0.0,0.0,8.999999999999999e-08
1759811064296180320,169761,1759811064290614720,base_link,-0.03453543323447821,-0.007212329402044073,0.021390747877885606,-0.9991484901052633,1.0,0.0,0.0,0.0,1.0,0.0,0.0,0.0,1.0,0.15078012645244598,-0.045083925127983135,-0.33226215839385986,1.2184696791468346e-07,0.0,0.0,0.0,1.2184696791468346e-07,0.0,0.0,0.0,1.2184696791468346e-07,-0.8988132476806641,-1.2648813724517811,9.712408065795898,8.999999999999999e-08,0.0,0.0,0.0,8.999999999999999e-08,0.0,0.0,0.0,8.999999999999999e-08
1759811064302763552,169762,1759811064296614720,base_link,-0.034900176012758535,-0.007174980708818341,0.022812108197067,-0.9991046573828121,1.0,0.0,0.0,0.0,1.0,0.0,0.0,0.0,1.0,0.1637999415397644,-0.037026535719633165,-0.5153273940086365,1.2184696791468346e-07,0.0,0.0,0.0,1.2184696791468346e-07,0.0,0.0,0.0,1.2184696791468346e-07,-0.3645472526550293,0.9509908556938184,9.600737571716309,8.999999999999999e-08,0.0,0.0,0.0,8.999999999999999e-08,0.0,0.0,0.0,8.999999999999999e-08
1759811064311904864,169763,1759811064306614720,base_link,-0.03578273233766568,-0.007243610266173252,0.02436222713844917,-0.9990364216350729,1.0,0.0,0.0,0.0,1.0,0.0,0.0,0.0,1.0,0.1619323045015335,-0.0076352236792445495,-0.25466376543045044,1.2184696791468346e-07,0.0,0.0,0.0,1.2184696791468346e-07,0.0,0.0,0.0,1.2184696791468346e-07,0.9968768358230591,1.683961629867555,11.02335262298584,8.999999999999999e-08,0.0,0.0,0.0,8.999999999999999e-08,0.0,0.0,0.0,8.999999999999999e-08
1759811064316889152,169764,1759811064311614720,base_link,-0.035749686574255105,-0.007328512458320414,0.024161903167476913,-0.9990417742848338,1.0,0.0,0.0,0.0,1.0,0.0,0.0,0.0,1.0,0.07333384454250336,0.01232605241239071,0.00972993206232786,1.2184696791468346e-07,0.0,0.0,0.0,1.2184696791468346e-07,0.0,0.0,0.0,1.2184696791468346e-07,0.33507683873176575,1.6597964763641369,9.847681045532227,8.999999999999999e-08,0.0,0.0,0.0,8.999999999999999e-08,0.0,0.0,0.0,8.999999999999999e-08
1759811064326815392,169765,1759811064322614720,base_link,-0.03643096403865339,-0.007087569462095763,0.022475944933344132,-0.99905829584945,1.0,0.0,0.0,0.0,1.0,0.0,0.0,0.0,1.0,0.10630586743354797,-0.030269103124737694,0.3717609643936157,1.2184696791468346e-07,0.0,0.0,0.0,1.2184696791468346e-07,0.0,0.0,0.0,1.2184696791468346e-07,0.31090280413627625,1.7491791248321544,9.920886993408203,8.999999999999999e-08,0.0,0.0,0.0,8.999999999999999e-08,0.0,0.0,0.0,8.999999999999999e-08
1759811064334010336,169766,1759811064327614720,base_link,-0.0365984990785732,-0.0068202517583264,0.02151137215832377,-0.9990752388825515,1.0,0.0,0.0,0.0,1.0,0.0,0.0,0.0,1.0,0.08459007740020752,-0.06085808202624317,0.34759727120399475,1.2184696791468346e-07,0.0,0.0,0.0,1.2184696791468346e-07,0.0,0.0,0.0,1.2184696791468346e-07,-0.10904142260551453,0.12790924310684323,9.77587890625,8.999999999999999e-08,0.0,0.0,0.0,8.999999999999999e-08,0.0,0.0,0.0,8.999999999999999e-08
1759811064344377344,169767,1759811064338614720,base_link,-0.03719354145674016,-0.006531714433420821,0.02130788717371321,-0.9990595602549054,1.0,0.0,0.0,0.0,1.0,0.0,0.0,0.0,1.0,0.12999945878982544,-0.04809249937534332,-0.0180117767304182,1.2184696791468346e-07,0.0,0.0,0.0,1.2184696791468346e-07,0.0,0.0,0.0,1.2184696791468346e-07,-0.7296254634857178,-0.7109552025794972,9.303937911987305,8.999999999999999e-08,0.0,0.0,0.0,8.999999999999999e-08,0.0,0.0,0.0,8.999999999999999e-08
1759811064350101248,169768,1759811064343614720,base_link,-0.037524313875120716,-0.006539217889544775,0.022460477039940606,-0.9990219231191851,1.0,0.0,0.0,0.0,1.0,0.0,0.0,0.0,1.0,0.13106204569339752,-0.0014595192624256477,-0.37739887833595276,1.2184696791468346e-07,0.0,0.0,0.0,1.2184696791468346e-07,0.0,0.0,0.0,1.2184696791468346e-07,-0.27778491377830505,-0.8102608919143665,10.018706321716309,8.999999999999999e-08,0.0,0.0,0.0,8.999999999999999e-08,0.0,0.0,0.0,8.999999999999999e-08
1759811064356792992,169769,1759811064348614720,base_link,-0.03790702043048979,-0.006614766115500552,0.02363051570145154,-0.9989799870049167,1.0,0.0,0.0,0.0,1.0,0.0,0.0,0.0,1.0,0.11690454185009003,0.027981230989098493,-0.441232293844223,1.2184696791468346e-07,0.0,0.0,0.0,1.2184696791468346e-07,0.0,0.0,0.0,1.2184696791468346e-07,0.2735876441001892,1.3067816495895397,9.63534927368164,8.999999999999999e-08,0.0,0.0,0.0,8.999999999999999e-08,0.0,0.0,0.0,8.999999999999999e-08
1759811064362221696,169770,1759811064354614720,base_link,-0.0381761570341902,-0.006886526360520765,0.024438681521647913,-0.9989484190153821,1.0,0.0,0.0,0.0,1.0,0.0,0.0,0.0,1.0,0.11561857908964157,0.04743111878633496,-0.2770484387874603,1.2184696791468346e-07,0.0,0.0,0.0,1.2184696791468346e-07,0.0,0.0,0.0,1.2184696791468346e-07,0.2663532495498657,2.5705945491790785,9.18921184539795,8.999999999999999e-08,0.0,0.0,0.0,8.999999999999999e-08,0.0,0.0,0.0,8.999999999999999e-08
1759811064367801312,169771,1759811064359614464,base_link,-0.03840052709932696,-0.006966899083542023,0.024739188551530615,-0.9989318974507658,1.0,0.0,0.0,0.0,1.0,0.0,0.0,0.0,1.0,0.07580577582120895,0.06670155376195906,-0.09545813500881196,1.2184696791468346e-07,0.0,0.0,0.0,1.2184696791468346e-07,0.0,0.0,0.0,1.2184696791468346e-07,0.36243394017219543,1.8142521381378187,10.182498931884766,8.999999999999999e-08,0.0,0.0,0.0,8.999999999999999e-08,0.0,0.0,0.0,8.999999999999999e-08
1759811064372456704,169772,1759811064365614464,base_link,-0.03844263443516738,-0.0070700455927383415,0.02420990842793079,-0.9989425184565907,1.0,0.0,0.0,0.0,1.0,0.0,0.0,0.0,1.0,0.055200643837451935,0.027156844735145593,0.20437279343605042,1.2184696791468346e-07,0.0,0.0,0.0,1.2184696791468346e-07,0.0,0.0,0.0,1.2184696791468346e-07,0.4799666404724121,1.66217076778412,10.135491371154785,8.999999999999999e-08,0.0,0.0,0.0,8.999999999999999e-08,0.0,0.0,0.0,8.999999999999999e-08
1759811064383508704,169773,1759811064375614464,base_link,-0.03887688790335429,-0.006943453581968823,0.022264072725879873,-0.9989718526631542,1.0,0.0,0.0,0.0,1.0,0.0,0.0,0.0,1.0,0.060843538492918015,-0.007386078126728485,0.4012278914451599,1.2184696791468346e-07,0.0,0.0,0.0,1.2184696791468346e-07,0.0,0.0,0.0,1.2184696791468346e-07,0.181757390499115,0.9853790998458875,10.113730430603027,8.999999999999999e-08,0.0,0.0,0.0,8.999999999999999e-08,0.0,0.0,0.0,8.999999999999999e-08
1759811064388075040,169774,1759811064381614464,base_link,-0.03903448814082668,-0.0069752823551286446,0.021602409351107316,-0.9989800712986138,1.0,0.0,0.0,0.0,1.0,0.0,0.0,0.0,1.0,0.05265006422996521,-0.006044439040124384,0.259561687707901,1.2184696791468346e-07,0.0,0.0,0.0,1.2184696791468346e-07,0.0,0.0,0.0,1.2184696791468346e-07,-0.44999200105667114,0.2096244245767605,9.589472770690918,8.999999999999999e-08,0.0,0.0,0.0,8.999999999999999e-08,0.0,0.0,0.0,8.999999999999999e-08
1759811064399256672,169775,1759811064391614464,base_link,-0.039438568416746846,-0.00688991654764786,0.02198286895261514,-0.9989564269165992,1.0,0.0,0.0,0.0,1.0,0.0,0.0,0.0,1.0,0.09145579487085342,-0.0076344562694430525,-0.14262349903583527,1.2184696791468346e-07,0.0,0.0,0.0,1.2184696791468346e-07,0.0,0.0,0.0,1.2184696791468346e-07,-0.5505236387252808,-1.3056027889251698,9.55883502960205,8.999999999999999e-08,0.0,0.0,0.0,8.999999999999999e-08,0.0,0.0,0.0,8.999999999999999e-08
1759811064402161056,169776,1759811064396614464,base_link,-0.039651628638503515,-0.007144222729028498,0.02342429117168774,-0.9989134371311181,1.0,0.0,0.0,0.0,1.0,0.0,0.0,0.0,1.0,0.09562491625547409,0.0716059878468513,-0.4700276553630829,1.2184696791468346e-07,0.0,0.0,0.0,1.2184696791468346e-07,0.0,0.0,0.0,1.2184696791468346e-07,-0.70569908618927,0.3584449887275707,8.9569673538208,8.999999999999999e-08,0.0,0.0,0.0,8.999999999999999e-08,0.0,0.0,0.0,8.999999999999999e-08
1759811064411117536,169777,1759811064401614464,base_link,-0.03988189662825377,-0.007405645142362398,0.024613759530362208,-0.9988737347998209,1.0,0.0,0.0,0.0,1.0,0.0,0.0,0.0,1.0,0.05997585132718086,0.11876523494720453,-0.44376519322395325,1.2184696791468346e-07,0.0,0.0,0.0,1.2184696791468346e-07,0.0,0.0,0.0,1.2184696791468346e-07,0.6033377051353455,2.064506292343141,10.617112159729004,8.999999999999999e-08,0.0,0.0,0.0,8.999999999999999e-08,0.0,0.0,0.0,8.999999999999999e-08
1759811064418964384,169778,1759811064412614464,base_link,-0.04004738491184277,-0.008132352958188378,0.025743337217302684,-0.9988330630910078,1.0,0.0,0.0,0.0,1.0,0.0,0.0,0.0,1.0,0.029971813783049583,0.12262766808271405,-0.23667000234127047,1.2184696791468346e-07,0.0,0.0,0.0,1.2184696791468346e-07,0.0,0.0,0.0,1.2184696791468346e-07,0.06626784801483154,1.6591200828552257,9.38343620300293,8.999999999999999e-08,0.0,0.0,0.0,8.999999999999999e-08,0.0,0.0,0.0,8.999999999999999e-08
1759811064422687904,169779,1759811064417614464,base_link,-0.04000041093208837,-0.008218275894322913,0.02530471496484981,-0.9988454121176216,1.0,0.0,0.0,0.0,1.0,0.0,0.0,0.0,1.0,-0.0009129516547545791,0.06834120303392412,0.07668416202068327,1.2184696791468346e-07,0.0,0.0,0.0,1.2184696791468346e-07,0.0,0.0,0.0,1.2184696791468346e-07,-0.054671306163072586,1.4401581287384047,10.584691047668457,8.999999999999999e-08,0.0,0.0,0.0,8.999999999999999e-08,0.0,0.0,0.0,8.999999999999999e-08
1759811064429883488,169780,1759811064422614464,base_link,-0.03988128813312839,-0.008360653216948778,0.024772737442945305,-0.998862355150723,1.0,0.0,0.0,0.0,1.0,0.0,0.0,0.0,1.0,0.0028703627176582813,0.015919307246804276,0.2987179160118103,1.2184696791468346e-07,0.0,0.0,0.0,1.2184696791468346e-07,0.0,0.0,0.0,1.2184696791468346e-07,-0.59223473072052,1.8246058225631725,9.129339218139648,8.999999999999999e-08,0.0,0.0,0.0,8.999999999999999e-08,0.0,0.0,0.0,8.999999999999999e-08
1759811064435991168,169781,1759811064432614464,base_link,-0.040079608811707385,-0.008196476754019673,0.02377436289541924,-0.9988799725334004,1.0,0.0,0.0,0.0,1.0,0.0,0.0,0.0,1.0,0.0286730844527483,-0.01691025495529171,0.3139357566833496,1.2184696791468346e-07,0.0,0.0,0.0,1.2184696791468346e-07,0.0,0.0,0.0,1.2184696791468346e-07,-0.034131478518247604,1.0683863162994398,9.999959945678711,8.999999999999999e-08,0.0,0.0,0.0,8.999999999999999e-08,0.0,0.0,0.0,8.999999999999999e-08
1759811064442609120,169782,1759811064433614464,base_link,-0.04017172601748401,-0.008223171514195259,0.02326973867819828,-0.998888022581466,1.0,0.0,0.0,0.0,1.0,0.0,0.0,0.0,1.0,0.02944936230778694,-0.01219357270747422,0.09552330523729324,1.2184696791468346e-07,0.0,0.0,0.0,1.2184696791468346e-07,0.0,0.0,0.0,1.2184696791468346e-07,-0.6148878931999207,-0.45051109790801885,9.68809700012207,8.999999999999999e-08,0.0,0.0,0.0,8.999999999999999e-08,0.0,0.0,0.0,8.999999999999999e-08
1759811064446913856,169783,1759811064443614464,base_link,-0.04022989393678511,-0.008165778043235547,0.023317743938652224,-0.9988850301552218,1.0,0.0,0.0,0.0,1.0,0.0,0.0,0.0,1.0,0.07292141020298004,-0.0119030261412263,-0.07581891119480133,1.2184696791468346e-07,0.0,0.0,0.0,1.2184696791468346e-07,0.0,0.0,0.0,1.2184696791468346e-07,-0.875808835029602,-0.5105496644973743,9.642988204956055,8.999999999999999e-08,0.0,0.0,0.0,8.999999999999999e-08,0.0,0.0,0.0,8.999999999999999e-08
1759811064452322752,169784,1759811064444614464,base_link,-0.04046140394147742,-0.008203196542179126,0.024027707601818195,-0.9988585197875084,1.0,0.0,0.0,0.0,1.0,0.0,0.0,0.0,1.0,0.0326722115278244,0.03597775101661678,-0.34695732593536377,1.2184696791468346e-07,0.0,0.0,0.0,1.2184696791468346e-07,0.0,0.0,0.0,1.2184696791468346e-07,-0.8250669836997986,-0.9491132497787463,9.80728816986084,8.999999999999999e-08,0.0,0.0,0.0,8.999999999999999e-08,0.0,0.0,0.0,8.999999999999999e-08
1759811064460261120,169785,1759811064454614464,base_link,-0.040457941314454446,-0.00882099163309689,0.0265385218081577,-0.9987898625712841,1.0,0.0,0.0,0.0,1.0,0.0,0.0,0.0,1.0,0.008777184411883354,0.10909355431795115,-0.4793801009654999,1.2184696791468346e-07,0.0,0.0,0.0,1.2184696791468346e-07,0.0,0.0,0.0,1.2184696791468346e-07,0.06372074037790298,1.6128281354904186,9.22618293762207,8.999999999999999e-08,0.0,0.0,0.0,8.999999999999999e-08,0.0,0.0,0.0,8.999999999999999e-08
1759811064469846496,169786,1759811064465613440,base_link,-0.04038407237699402,-0.009384201286836985,0.027110876010935633,-0.9987723294823037,1.0,0.0,0.0,0.0,1.0,0.0,0.0,0.0,1.0,-0.025996172800660133,0.1002763584256172,-0.122708797454834,1.2184696791468346e-07,0.0,0.0,0.0,1.2184696791468346e-07,0.0,0.0,0.0,1.2184696791468346e-07,0.5615664720535278,1.980024099349977,10.112977027893066,8.999999999999999e-08,0.0,0.0,0.0,8.999999999999999e-08,0.0,0.0,0.0,8.999999999999999e-08
1759811064476808064,169787,1759811064470613440,base_link,-0.040370693386769844,-0.009481700118332843,0.026370313735750717,-0.9987917591794672,1.0,0.0,0.0,0.0,1.0,0.0,0.0,0.0,1.0,-0.05402696505188942,0.04278533160686496,0.24671055376529694,1.2184696791468346e-07,0.0,0.0,0.0,1.2184696791468346e-07,0.0,0.0,0.0,1.2184696791468346e-07,-0.24078288674354553,1.156163573265077,10.463359832763672,8.999999999999999e-08,0.0,0.0,0.0,8.999999999999999e-08,0.0,0.0,0.0,8.999999999999999e-08
1759811064486781056,169788,1759811064481613440,base_link,-0.04012238127750087,-0.00933032839481695,0.024776994274644883,-0.9988440212716206,1.0,0.0,0.0,0.0,1.0,0.0,0.0,0.0,1.0,-0.03605904430150986,-0.024289600551128346,0.32682374119758606,1.2184696791468346e-07,0.0,0.0,0.0,1.2184696791468346e-07,0.0,0.0,0.0,1.2184696791468346e-07,-0.32328858971595764,0.7693019509315503,10.031344413757324,8.999999999999999e-08,0.0,0.0,0.0,8.999999999999999e-08,0.0,0.0,0.0,8.999999999999999e-08
1759811064492852000,169789,1759811064486613440,base_link,-0.040224658507946646,-0.009286366597642055,0.024391687785558305,-0.9988497532430182,1.0,0.0,0.0,0.0,1.0,0.0,0.0,0.0,1.0,-0.017586078494787216,-0.02820356748998163,0.15910404920578003,1.2184696791468346e-07,0.0,0.0,0.0,1.2184696791468346e-07,0.0,0.0,0.0,1.2184696791468346e-07,-0.7453887462615967,0.17945887148380388,8.778714179992676,8.999999999999999e-08,0.0,0.0,0.0,8.999999999999999e-08,0.0,0.0,0.0,8.999999999999999e-08
1759811064500645920,169790,1759811064491613440,base_link,-0.040112582135222084,-0.009220530586090007,0.024587291309497356,-0.9988501325646547,1.0,0.0,0.0,0.0,1.0,0.0,0.0,0.0,1.0,0.018017539754509926,-0.02064972184598447,-0.091219462454319,1.2184696791468346e-07,0.0,0.0,0.0,1.2184696791468346e-07,0.0,0.0,0.0,1.2184696791468346e-07,-0.8570931553840637,-0.6364744901657092,9.601608276367188,8.999999999999999e-08,0.0,0.0,0.0,8.999999999999999e-08,0.0,0.0,0.0,8.999999999999999e-08
1759811064507774272,169791,1759811064502613440,base_link,-0.04016970296875549,-0.009396034014556418,0.026586232040672033,-0.9987950044868025,1.0,0.0,0.0,0.0,1.0,0.0,0.0,0.0,1.0,0.010740343481302261,0.028065621852874704,-0.4113762378692627,1.2184696791468346e-07,0.0,0.0,0.0,1.2184696791468346e-07,0.0,0.0,0.0,1.2184696791468346e-07,-0.536955714225769,1.1822394132614147,9.325510025024414,8.999999999999999e-08,0.0,0.0,0.0,8.999999999999999e-08,0.0,0.0,0.0,8.999999999999999e-08
1759811064516956704,169792,1759811064513613440,base_link,-0.04022850835914031,-0.009749582853290053,0.027691659583415764,-0.9987591796655682,1.0,0.0,0.0,0.0,1.0,0.0,0.0,0.0,1.0,0.013664428144693375,0.0549313239753246,-0.22404475510120392,1.2184696791468346e-07,0.0,0.0,0.0,1.2184696791468346e-07,0.0,0.0,0.0,1.2184696791468346e-07,-0.0008584298193454742,2.4418644905090345,9.860651016235352,8.999999999999999e-08,0.0,0.0,0.0,8.999999999999999e-08,0.0,0.0,0.0,8.999999999999999e-08
1759811064523933056,169793,1759811064518613440,base_link,-0.03988741918249771,-0.00974125885070915,0.02728072781043455,-0.9987842148935837,1.0,0.0,0.0,0.0,1.0,0.0,0.0,0.0,1.0,-0.04582738131284714,0.024483792483806614,0.02410728298127651,1.2184696791468346e-07,0.0,0.0,0.0,1.2184696791468346e-07,0.0,0.0,0.0,1.2184696791468346e-07,0.12694954872131348,1.494707822799684,10.115302085876465,8.999999999999999e-08,0.0,0.0,0.0,8.999999999999999e-08,0.0,0.0,0.0,8.999999999999999e-08
1759811064536886368,169794,1759811064529613440,base_link,-0.03981986963813589,-0.009510798565962566,0.02549909623018202,-0.9988362241046461,1.0,0.0,0.0,0.0,1.0,0.0,0.0,0.0,1.0,-0.034032970666885376,-0.043679233640432316,0.3563610017299652,1.2184696791468346e-07,0.0,0.0,0.0,1.2184696791468346e-07,0.0,0.0,0.0,1.2184696791468346e-07,-0.7952136397361755,0.6809602975845349,9.607264518737793,8.999999999999999e-08,0.0,0.0,0.0,8.999999999999999e-08,0.0,0.0,0.0,8.999999999999999e-08
1759811064547935392,169795,1759811064538613440,base_link,-0.03971608565785585,-0.009333737021190268,0.024741801656138304,-0.9988610907452676,1.0,0.0,0.0,0.0,1.0,0.0,0.0,0.0,1.0,-0.0503804013133049,-0.07112570852041242,0.22824065387248993,1.2184696791468346e-07,0.0,0.0,0.0,1.2184696791468346e-07,0.0,0.0,0.0,1.2184696791468346e-07,-0.29549965262413025,0.45397078990936407,10.550107955932617,8.999999999999999e-08,0.0,0.0,0.0,8.999999999999999e-08,0.0,0.0,0.0,8.999999999999999e-08
1759811064547940736,169796,1759811064544613440,base_link,-0.039573141986953116,-0.008980991606756373,0.024577513240642807,-0.998874071974609,1.0,0.0,0.0,0.0,1.0,0.0,0.0,0.0,1.0,-0.013213340193033218,-0.06454901397228241,0.0406985953450203,1.2184696791468346e-07,0.0,0.0,0.0,1.2184696791468346e-07,0.0,0.0,0.0,1.2184696791468346e-07,-0.7921634912490845,-0.4679084420204151,9.744064331054688,8.999999999999999e-08,0.0,0.0,0.0,8.999999999999999e-08,0.0,0.0,0.0,8.999999999999999e-08
1759811064560007808,169797,1759811064555613440,base_link,-0.039430606613645336,-0.00901849176521894,0.026351853416102928,-0.9988340746153721,1.0,0.0,0.0,0.0,1.0,0.0,0.0,0.0,1.0,-0.037148479372262955,-0.01139444857835774,-0.3472893238067627,1.2184696791468346e-07,0.0,0.0,0.0,1.2184696791468346e-07,0.0,0.0,0.0,1.2184696791468346e-07,-0.22254696488380432,1.6283080577850353,9.499423027038574,8.999999999999999e-08,0.0,0.0,0.0,8.999999999999999e-08,0.0,0.0,0.0,8.999999999999999e-08
1759811064566828576,169798,1759811064560612416,base_link,-0.03941478969165261,-0.009083515132848137,0.026939338337496326,-0.9988184381345746,1.0,0.0,0.0,0.0,1.0,0.0,0.0,0.0,1.0,-0.03807956352829933,0.015909533947706195,-0.2392752468585968,1.2184696791468346e-07,0.0,0.0,0.0,1.2184696791468346e-07,0.0,0.0,0.0,1.2184696791468346e-07,0.8589619994163513,1.7997530698776256,9.903448104858398,8.999999999999999e-08,0.0,0.0,0.0,8.999999999999999e-08,0.0,0.0,0.0,8.999999999999999e-08
1759811064579168736,169799,1759811064571612416,base_link,-0.03900435709540844,-0.009033445993906212,0.026336343375850956,-0.9988511019421705,1.0,0.0,0.0,0.0,1.0,0.0,0.0,0.0,1.0,-0.09326246380805969,-0.03265621885657308,0.2265295833349228,1.2184696791468346e-07,0.0,0.0,0.0,1.2184696791468346e-07,0.0,0.0,0.0,1.2184696791468346e-07,-0.2848100960254669,1.2931327819824232,10.027155876159668,8.999999999999999e-08,0.0,0.0,0.0,8.999999999999999e-08,0.0,0.0,0.0,8.999999999999999e-08
1759811064584087136,169800,1759811064576612416,base_link,-0.03887519149270173,-0.008868084150862736,0.025388207871749852,-0.9988821220226745,1.0,0.0,0.0,0.0,1.0,0.0,0.0,0.0,1.0,-0.0708031952381134,-0.0742852613329887,0.3763190805912018,1.2184696791468346e-07,0.0,0.0,0.0,1.2184696791468346e-07,0.0,0.0,0.0,1.2184696791468346e-07,-0.7471384406089783,1.0556042194366466,9.603419303894043,8.999999999999999e-08,0.0,0.0,0.0,8.999999999999999e-08,0.0,0.0,0.0,8.999999999999999e-08
1759811064593916320,169801,1759811064587612416,base_link,-0.038599428614162,-0.008116670379275277,0.023175245443836895,-0.9989530130218699,1.0,0.0,0.0,0.0,1.0,0.0,0.0,0.0,1.0,-0.0454849936068058,-0.11976763606071467,0.43741920590400696,1.2184696791468346e-07,0.0,0.0,0.0,1.2184696791468346e-07,0.0,0.0,0.0,1.2184696791468346e-07,0.004686947911977768,0.19354042410850647,9.989605903625488,8.999999999999999e-08,0.0,0.0,0.0,8.999999999999999e-08,0.0,0.0,0.0,8.999999999999999e-08
1759811064600086752,169802,1759811064592612416,base_link,-0.038517441140007165,-0.007836964136221746,0.022657513556729073,-0.9989702932297593,1.0,0.0,0.0,0.0,1.0,0.0,0.0,0.0,1.0,-0.02963942661881447,-0.11192582547664641,0.13037265837192535,1.2184696791468346e-07,0.0,0.0,0.0,1.2184696791468346e-07,0.0,0.0,0.0,1.2184696791468346e-07,-0.6925532221794128,-0.1825195848941792,9.140684127807617,8.999999999999999e-08,0.0,0.0,0.0,8.999999999999999e-08,0.0,0.0,0.0,8.999999999999999e-08
1759811064607929632,169803,1759811064602612416,base_link,-0.03830815569537026,-0.007433481818714828,0.023725556844843627,-0.9989566797976903,1.0,0.0,0.0,0.0,1.0,0.0,0.0,0.0,1.0,-0.025534363463521004,-0.073401615023613,-0.20447108149528503,1.2184696791468346e-07,0.0,0.0,0.0,1.2184696791468346e-07,0.0,0.0,0.0,1.2184696791468346e-07,-0.5051490068435669,-0.11602187901735189,9.538604736328125,8.999999999999999e-08,0.0,0.0,0.0,8.999999999999999e-08,0.0,0.0,0.0,8.999999999999999e-08
1759811064618035072,169804,1759811064613612416,base_link,-0.03812418996997627,-0.007528354374712852,0.02563750648069181,-0.9989157973546346,1.0,0.0,0.0,0.0,1.0,0.0,0.0,0.0,1.0,-0.023074856027960777,0.007338331546634397,-0.3221572935581207,1.2184696791468346e-07,0.0,0.0,0.0,1.2184696791468346e-07,0.0,0.0,0.0,1.2184696791468346e-07,0.0674324482679367,1.2522959709167492,9.07481861114502,8.999999999999999e-08,0.0,0.0,0.0,8.999999999999999e-08,0.0,0.0,0.0,8.999999999999999e-08
1759811064622717696,169805,1759811064618612416,base_link,-0.03784418606480512,-0.007577051106900141,0.025472459421923162,-0.9989302115768255,1.0,0.0,0.0,0.0,1.0,0.0,0.0,0.0,1.0,-0.06664153933525085,0.02084550820291042,-0.03325149789452553,1.2184696791468346e-07,0.0,0.0,0.0,1.2184696791468346e-07,0.0,0.0,0.0,1.2184696791468346e-07,0.6147036552429199,2.7080228328704847,9.305248260498047,8.999999999999999e-08,0.0,0.0,0.0,8.999999999999999e-08,0.0,0.0,0.0,8.999999999999999e-08
1759811064634458240,169806,1759811064629612416,base_link,-0.03760925426284934,-0.007330839754611626,0.023457587182011342,-0.9989903129828019,1.0,0.0,0.0,0.0,1.0,0.0,0.0,0.0,1.0,-0.05894648656249046,-0.025328833609819364,0.4010012149810791,1.2184696791468346e-07,0.0,0.0,0.0,1.2184696791468346e-07,0.0,0.0,0.0,1.2184696791468346e-07,-0.3754841685295105,1.1035397052764904,9.804423332214355,8.999999999999999e-08,0.0,0.0,0.0,8.999999999999999e-08,0.0,0.0,0.0,8.999999999999999e-08
1759811064644841280,169807,1759811064634612416,base_link,-0.03731852925308824,-0.006855822381380579,0.022326407914827442,-0.9990304789294329,1.0,0.0,0.0,0.0,1.0,0.0,0.0,0.0,1.0,-0.075405552983284,-0.10864038020372385,0.4623015224933624,1.2184696791468346e-07,0.0,0.0,0.0,1.2184696791468346e-07,0.0,0.0,0.0,1.2184696791468346e-07,-0.08472805470228195,0.010068538598717529,10.367728233337402,8.999999999999999e-08,0.0,0.0,0.0,8.999999999999999e-08,0.0,0.0,0.0,8.999999999999999e-08
1759811064647172064,169808,1759811064639612416,base_link,-0.037146768991605204,-0.006594955779611416,0.021548756412952938,-0.9990557248916909,1.0,0.0,0.0,0.0,1.0,0.0,0.0,0.0,1.0,-0.05347079038619995,-0.12845845520496366,0.27224844694137573,1.2184696791468346e-07,0.0,0.0,0.0,1.2184696791468346e-07,0.0,0.0,0.0,1.2184696791468346e-07,-0.26386556029319763,-0.11731387674808383,9.732183456420898,8.999999999999999e-08,0.0,0.0,0.0,8.999999999999999e-08,0.0,0.0,0.0,8.999999999999999e-08
1759811064658678240,169809,1759811064650612416,base_link,-0.03713126026844221,-0.006017513661964802,0.021868946021090196,-0.9990529853465376,1.0,0.0,0.0,0.0,1.0,0.0,0.0,0.0,1.0,0.007006432861089706,-0.09321539849042894,-0.15712900459766388,1.2184696791468346e-07,0.0,0.0,0.0,1.2184696791468346e-07,0.0,0.0,0.0,1.2184696791468346e-07,-0.48331454396247864,-1.9309787750244127,10.074453353881836,8.999999999999999e-08,0.0,0.0,0.0,8.999999999999999e-08,0.0,0.0,0.0,8.999999999999999e-08
1759811064662464960,169810,1759811064655612416,base_link,-0.037272374502701766,-0.006054051028356698,0.023012727195978862,-0.9990217966786396,1.0,0.0,0.0,0.0,1.0,0.0,0.0,0.0,1.0,0.02072715014219284,-0.032604575157165576,-0.39610806107521057,1.2184696791468346e-07,0.0,0.0,0.0,1.2184696791468346e-07,0.0,0.0,0.0,1.2184696791468346e-07,0.1438465416431427,0.3373436033725751,9.920859336853027,8.999999999999999e-08,0.0,0.0,0.0,8.999999999999999e-08,0.0,0.0,0.0,8.999999999999999e-08
1759811064671522432,169811,1759811064661611392,base_link,-0.037199456503510864,-0.006154501456337334,0.02426499435893454,-0.9989943169334105,1.0,0.0,0.0,0.0,1.0,0.0,0.0,0.0,1.0,0.013209443539381027,0.06295195221900936,-0.3892427980899811,1.2184696791468346e-07,0.0,0.0,0.0,1.2184696791468346e-07,0.0,0.0,0.0,1.2184696791468346e-07,0.24410879611968994,1.7915295362472545,9.179217338562012,8.999999999999999e-08,0.0,0.0,0.0,8.999999999999999e-08,0.0,0.0,0.0,8.999999999999999e-08
1759811064677878848,169812,1759811064671611392,base_link,-0.037009644219975005,-0.006566064114957198,0.02482870845776773,-0.9989849181861926,1.0,0.0,0.0,0.0,1.0,0.0,0.0,0.0,1.0,-0.055985137820243835,0.07371418178081512,0.03424087911844253,1.2184696791468346e-07,0.0,0.0,0.0,1.2184696791468346e-07,0.0,0.0,0.0,1.2184696791468346e-07,1.0860995054244995,1.929627299308778,9.896052360534668,8.999999999999999e-08,0.0,0.0,0.0,8.999999999999999e-08,0.0,0.0,0.0,8.999999999999999e-08
1759811064687426336,169813,1759811064682611392,base_link,-0.03684820203384304,-0.006746203696759808,0.02298684903099319,-0.9990337663836167,1.0,0.0,0.0,0.0,1.0,0.0,0.0,0.0,1.0,-0.02991923689842224,0.04051412269473081,0.4082998037338257,1.2184696791468346e-07,0.0,0.0,0.0,1.2184696791468346e-07,0.0,0.0,0.0,1.2184696791468346e-07,-0.47436344623565674,1.8091511726379406,9.386810302734375,8.999999999999999e-08,0.0,0.0,0.0,8.999999999999999e-08,0.0,0.0,0.0,8.999999999999999e-08
1759811064696988672,169814,1759811064692611392,base_link,-0.03666217506413907,-0.006519815851250589,0.02133886510736871,-0.9990786527772808,1.0,0.0,0.0,0.0,1.0,0.0,0.0,0.0,1.0,-0.015840889886021614,-0.016956465318798977,0.3302178382873535,1.2184696791468346e-07,0.0,0.0,0.0,1.2184696791468346e-07,0.0,0.0,0.0,1.2184696791468346e-07,-0.3209071755409241,-0.8069299459457385,9.583381652832031,8.999999999999999e-08,0.0,0.0,0.0,8.999999999999999e-08,0.0,0.0,0.0,8.999999999999999e-08
1759811064703805920,169815,1759811064698611392,base_link,-0.0367775151834452,-0.00638567296915254,0.02123501527263785,-0.9990774726655225,1.0,0.0,0.0,0.0,1.0,0.0,0.0,0.0,1.0,0.04086986184120178,-0.025445319712162007,0.08226946741342545,1.2184696791468346e-07,0.0,0.0,0.0,1.2184696791468346e-07,0.0,0.0,0.0,1.2184696791468346e-07,-0.7465022802352905,-0.5768083930015553,9.111034393310547,8.999999999999999e-08,0.0,0.0,0.0,8.999999999999999e-08,0.0,0.0,0.0,8.999999999999999e-08
1759811064710901728,169816,1759811064703611392,base_link,-0.036896150659469266,-0.006524394052670084,0.02218580602819513,-0.9990515523536884,1.0,0.0,0.0,0.0,1.0,0.0,0.0,0.0,1.0,0.06360570341348648,0.050942376255989026,-0.39944612979888916,1.2184696791468346e-07,0.0,0.0,0.0,1.2184696791468346e-07,0.0,0.0,0.0,1.2184696791468346e-07,-0.6771766543388367,-1.779836893081664,9.434348106384277,8.999999999999999e-08,0.0,0.0,0.0,8.999999999999999e-08,0.0,0.0,0.0,8.999999999999999e-08
1759811064716891520,169817,1759811064708611392,base_link,-0.03710511210020825,-0.006858868808274507,0.023474698802506744,-0.9990121450503306,1.0,0.0,0.0,0.0,1.0,0.0,0.0,0.0,1.0,0.04908083379268646,0.10080831497907632,-0.5105441212654114,1.2184696791468346e-07,0.0,0.0,0.0,1.2184696791468346e-07,0.0,0.0,0.0,1.2184696791468346e-07,-0.03989885747432709,1.038727641105653,9.957694053649902,8.999999999999999e-08,0.0,0.0,0.0,8.999999999999999e-08,0.0,0.0,0.0,8.999999999999999e-08
1759811064724011936,169818,1759811064719611392,base_link,-0.03727661421224415,-0.007692434690143793,0.02517161521725238,-0.9989582813779336,1.0,0.0,0.0,0.0,1.0,0.0,0.0,0.0,1.0,0.03559377044439316,0.15939044952392575,-0.3382308781147003,1.2184696791468346e-07,0.0,0.0,0.0,1.2184696791468346e-07,0.0,0.0,0.0,1.2184696791468346e-07,1.1203054189682007,2.0318727493286146,10.216874122619629,8.999999999999999e-08,0.0,0.0,0.0,8.999999999999999e-08,0.0,0.0,0.0,8.999999999999999e-08
1759811064735542016,169819,1759811064729611392,base_link,-0.037179303724477586,-0.008392281792578173,0.02407782020469769,-0.9989833166059492,1.0,0.0,0.0,0.0,1.0,0.0,0.0,0.0,1.0,-0.02844005450606346,0.13924267888069156,0.21430228650569913,1.2184696791468346e-07,0.0,0.0,0.0,1.2184696791468346e-07,0.0,0.0,0.0,1.2184696791468346e-07,-0.015132501721382141,1.1466467380523693,9.782571792602539,8.999999999999999e-08,0.0,0.0,0.0,8.999999999999999e-08,0.0,0.0,0.0,8.999999999999999e-08
1759811064740513952,169820,1759811064735611392,base_link,-0.03732824278458098,-0.008639459888204408,0.02291865543010253,-0.9990029148905067,1.0,0.0,0.0,0.0,1.0,0.0,0.0,0.0,1.0,0.013347309082746506,0.09969981014728552,0.4097875654697418,1.2184696791468346e-07,0.0,0.0,0.0,1.2184696791468346e-07,0.0,0.0,0.0,1.2184696791468346e-07,-0.504400372505188,1.574952006340028,9.50507640838623,8.999999999999999e-08,0.0,0.0,0.0,8.999999999999999e-08,0.0,0.0,0.0,8.999999999999999e-08
1759811064750438048,169821,1759811064745611392,base_link,-0.037552437676878624,-0.008785377546105186,0.021375617159270225,-0.9990274022094916,1.0,0.0,0.0,0.0,1.0,0.0,0.0,0.0,1.0,0.057466860860586166,0.04899608716368679,0.31065499782562256,1.2184696791468346e-07,0.0,0.0,0.0,1.2184696791468346e-07,0.0,0.0,0.0,1.2184696791468346e-07,-0.44795656204223633,-1.2529077529907215,9.7621488571167,8.999999999999999e-08,0.0,0.0,0.0,8.999999999999999e-08,0.0,0.0,0.0,8.999999999999999e-08
1759811064756846688,169822,1759811064751611392,base_link,-0.037858693800315986,-0.008875955074822145,0.021426109083786248,-0.999013999511665,1.0,0.0,0.0,0.0,1.0,0.0,0.0,0.0,1.0,0.11296554654836655,0.052222374826669686,-0.039861965924501426,1.2184696791468346e-07,0.0,0.0,0.0,1.2184696791468346e-07,0.0,0.0,0.0,1.2184696791468346e-07,-0.8294587135314941,-0.7492294907569874,9.41295337677002,8.999999999999999e-08,0.0,0.0,0.0,8.999999999999999e-08,0.0,0.0,0.0,8.999999999999999e-08
1759811064762915936,169823,1759811064756610368,base_link,-0.03800121995400065,-0.009126774921577523,0.022481466170499044,-0.9989831480185551,1.0,0.0,0.0,0.0,1.0,0.0,0.0,0.0,1.0,0.062185607850551605,0.09164378792047496,-0.3707720935344696,1.2184696791468346e-07,0.0,0.0,0.0,1.2184696791468346e-07,0.0,0.0,0.0,1.2184696791468346e-07,-1.064244270324707,-1.4100311994552601,9.146170616149902,8.999999999999999e-08,0.0,0.0,0.0,8.999999999999999e-08,0.0,0.0,0.0,8.999999999999999e-08
1759811064771876928,169824,1759811064765610368,base_link,-0.03825837368183381,-0.009592471255842583,0.023739676039094788,-0.9989398632051344,1.0,0.0,0.0,0.0,1.0,0.0,0.0,0.0,1.0,0.06715087592601776,0.12777446210384363,-0.46723219752311707,1.2184696791468346e-07,0.0,0.0,0.0,1.2184696791468346e-07,0.0,0.0,0.0,1.2184696791468346e-07,-0.6139429807662964,1.7357039451599132,9.727668762207031,8.999999999999999e-08,0.0,0.0,0.0,8.999999999999999e-08,0.0,0.0,0.0,8.999999999999999e-08
1759811064776037088,169825,1759811064772610368,base_link,-0.038424797098624154,-0.010332947920241465,0.025048082804266937,-0.9988940917276516,1.0,0.0,0.0,0.0,1.0,0.0,0.0,0.0,1.0,0.03983330354094505,0.14462938904762265,-0.2708836495876312,1.2184696791468346e-07,0.0,0.0,0.0,1.2184696791468346e-07,0.0,0.0,0.0,1.2184696791468346e-07,0.9940710067749023,2.2605760097503675,10.2900972366333,8.999999999999999e-08,0.0,0.0,0.0,8.999999999999999e-08,0.0,0.0,0.0,8.999999999999999e-08
1759811064785324224,169826,1759811064777610368,base_link,-0.03849507433433804,-0.01058699068381891,0.024509993989328367,-0.9989020574820201,1.0,0.0,0.0,0.0,1.0,0.0,0.0,0.0,1.0,0.017751270905137062,0.11704142391681671,0.031521782279014574,1.2184696791468346e-07,0.0,0.0,0.0,1.2184696791468346e-07,0.0,0.0,0.0,1.2184696791468346e-07,0.36130714416503906,2.113845825195314,9.554688453674316,8.999999999999999e-08,0.0,0.0,0.0,8.999999999999999e-08,0.0,0.0,0.0,8.999999999999999e-08
1759811064787896192,169827,1759811064782610368,base_link,-0.038507764487006865,-0.010748983413159547,0.023596713928945787,-0.9989218243539718,1.0,0.0,0.0,0.0,1.0,0.0,0.0,0.0,1.0,0.007530261762440205,0.061089422553777736,0.3506057858467102,1.2184696791468346e-07,0.0,0.0,0.0,1.2184696791468346e-07,0.0,0.0,0.0,1.2184696791468346e-07,-0.44994717836380005,0.7379632592201245,9.7701416015625,8.999999999999999e-08,0.0,0.0,0.0,8.999999999999999e-08,0.0,0.0,0.0,8.999999999999999e-08
1759811064794113984,169828,1759811064787610368,base_link,-0.03875840520965607,-0.010840185242070073,0.0224348939028945,-0.9989379244501029,1.0,0.0,0.0,0.0,1.0,0.0,0.0,0.0,1.0,0.034886132925748825,0.018918300047516875,0.43489715456962585,1.2184696791468346e-07,0.0,0.0,0.0,1.2184696791468346e-07,0.0,0.0,0.0,1.2184696791468346e-07,-0.8177798390388489,1.2726014852523815,9.607558250427246,8.999999999999999e-08,0.0,0.0,0.0,8.999999999999999e-08,0.0,0.0,0.0,8.999999999999999e-08
1759811064802892256,169829,1759811064797610368,base_link,-0.03885661395213154,-0.010617648564843537,0.021576910507758222,-0.998955415392235,1.0,0.0,0.0,0.0,1.0,0.0,0.0,0.0,1.0,0.0697486624121666,-0.017646554857492412,0.28497228026390076,1.2184696791468346e-07,0.0,0.0,0.0,1.2184696791468346e-07,0.0,0.0,0.0,1.2184696791468346e-07,-0.830496609210968,-0.30384144186973444,10.371150016784668,8.999999999999999e-08,0.0,0.0,0.0,8.999999999999999e-08,0.0,0.0,0.0,8.999999999999999e-08
1759811064811284640,169830,1759811064803610368,base_link,-0.039443655014526506,-0.01048662586662431,0.021678273678426913,-0.9989316024228263,1.0,0.0,0.0,0.0,1.0,0.0,0.0,0.0,1.0,0.1267147809267044,-0.026984522119164477,-0.08445926755666733,1.2184696791468346e-07,0.0,0.0,0.0,1.2184696791468346e-07,0.0,0.0,0.0,1.2184696791468346e-07,-1.1047937870025635,-0.778111934661864,9.535481452941895,8.999999999999999e-08,0.0,0.0,0.0,8.999999999999999e-08,0.0,0.0,0.0,8.999999999999999e-08
1759811064813713824,169831,1759811064809610368,base_link,-0.03940403302565922,-0.010574753609771574,0.022951572118789558,-0.9989038276496576,1.0,0.0,0.0,0.0,1.0,0.0,0.0,0.0,1.0,0.05689994618296623,-0.0015817822422832728,-0.39015325903892517,1.2184696791468346e-07,0.0,0.0,0.0,1.2184696791468346e-07,0.0,0.0,0.0,1.2184696791468346e-07,-1.1467350721359253,-0.7427553534507739,10.021597862243652,8.999999999999999e-08,0.0,0.0,0.0,8.999999999999999e-08,0.0,0.0,0.0,8.999999999999999e-08
1759811064825100256,169832,1759811064819610368,base_link,-0.039927087269480556,-0.010951792731104953,0.02526724641652362,-0.9988230321410623,1.0,0.0,0.0,0.0,1.0,0.0,0.0,0.0,1.0,0.08830973505973816,0.05688482522964472,-0.43667441606521606,1.2184696791468346e-07,0.0,0.0,0.0,1.2184696791468346e-07,0.0,0.0,0.0,1.2184696791468346e-07,0.3506581485271454,1.9642277956008924,10.379899024963379,8.999999999999999e-08,0.0,0.0,0.0,8.999999999999999e-08,0.0,0.0,0.0,8.999999999999999e-08
1759811064834618944,169833,1759811064830610368,base_link,-0.04002619294957589,-0.010870578388202493,0.02510144071448177,-0.9988242122528206,1.0,0.0,0.0,0.0,1.0,0.0,0.0,0.0,1.0,0.016583777964115143,-0.020524842664599415,0.028495904058218006,1.2184696791468346e-07,0.0,0.0,0.0,1.2184696791468346e-07,0.0,0.0,0.0,1.2184696791468346e-07,0.6893888711929321,2.260750770568849,10.552694320678711,8.999999999999999e-08,0.0,0.0,0.0,8.999999999999999e-08,0.0,0.0,0.0,8.999999999999999e-08
1759811064842919072,169834,1759811064839610368,base_link,-0.040072798144405834,-0.010632763478390756,0.024241855739102054,-0.9988460864671976,1.0,0.0,0.0,0.0,1.0,0.0,0.0,0.0,1.0,0.03595801442861557,-0.0882443785667419,0.3365892171859741,1.2184696791468346e-07,0.0,0.0,0.0,1.2184696791468346e-07,0.0,0.0,0.0,1.2184696791468346e-07,-0.3576175570487976,1.9958583116531383,9.305533409118652,8.999999999999999e-08,0.0,0.0,0.0,8.999999999999999e-08,0.0,0.0,0.0,8.999999999999999e-08
1759811064851208704,169835,1759811064840610368,base_link,-0.040146656545154126,-0.010396060191708495,0.02328090759305368,-0.9988685085906055,1.0,0.0,0.0,0.0,1.0,0.0,0.0,0.0,1.0,0.056529298424720764,-0.13132582604885099,0.3352900743484497,1.2184696791468346e-07,0.0,0.0,0.0,1.2184696791468346e-07,0.0,0.0,0.0,1.2184696791468346e-07,-0.37815365195274353,1.1113929748535167,9.49250316619873,8.999999999999999e-08,0.0,0.0,0.0,8.999999999999999e-08,0.0,0.0,0.0,8.999999999999999e-08
1759811064857243552,169836,1759811064851610368,base_link,-0.040480642660733625,-0.009786697104670943,0.022412724660577796,-0.9988810262046133,1.0,0.0,0.0,0.0,1.0,0.0,0.0,0.0,1.0,0.057331547141075134,-0.10537811368703841,0.11678441613912584,1.2184696791468346e-07,0.0,0.0,0.0,1.2184696791468346e-07,0.0,0.0,0.0,1.2184696791468346e-07,-0.846076250076294,-0.5500655174255359,9.56517219543457,8.999999999999999e-08,0.0,0.0,0.0,8.999999999999999e-08,0.0,0.0,0.0,8.999999999999999e-08
1759811064863638368,169837,1759811064857609088,base_link,-0.040832097327931874,-0.009377485449944576,0.02306920397298345,-0.9988557380955067,1.0,0.0,0.0,0.0,1.0,0.0,0.0,0.0,1.0,0.11035436391830444,-0.08972766995429995,-0.21613501012325287,1.2184696791468346e-07,0.0,0.0,0.0,1.2184696791468346e-07,0.0,0.0,0.0,1.2184696791468346e-07,-1.301652193069458,-0.9221341609954822,9.71971607208252,8.999999999999999e-08,0.0,0.0,0.0,8.999999999999999e-08,0.0,0.0,0.0,8.999999999999999e-08
1759811064870018112,169838,1759811064862609088,base_link,-0.04099569295460494,-0.009295707392943282,0.024358349628386174,-0.9988191967778477,1.0,0.0,0.0,0.0,1.0,0.0,0.0,0.0,1.0,0.08942431956529617,-0.05594449862837798,-0.5124193429946899,1.2184696791468346e-07,0.0,0.0,0.0,1.2184696791468346e-07,0.0,0.0,0.0,1.2184696791468346e-07,-0.763159990310669,-0.6377859115600574,9.706499099731445,8.999999999999999e-08,0.0,0.0,0.0,8.999999999999999e-08,0.0,0.0,0.0,8.999999999999999e-08
1759811064874150432,169839,1759811064867609088,base_link,-0.041264434431600557,-0.009377401156247555,0.0257067116059467,-0.9987735095940619,1.0,0.0,0.0,0.0,1.0,0.0,0.0,0.0,1.0,0.08627022057771683,-0.022315153852105203,-0.49841970205307007,1.2184696791468346e-07,0.0,0.0,0.0,1.2184696791468346e-07,0.0,0.0,0.0,1.2184696791468346e-07,-0.28241366147994995,2.2121293544769296,8.738337516784668,8.999999999999999e-08,0.0,0.0,0.0,8.999999999999999e-08,0.0,0.0,0.0,8.999999999999999e-08
1759811064880074976,169840,1759811064872609088,base_link,-0.04151617624066711,-0.009277013948539683,0.0265157625099618,-0.998742826688346,1.0,0.0,0.0,0.0,1.0,0.0,0.0,0.0,1.0,0.06663654744625092,-0.02389692701399329,-0.21508359909057617,1.2184696791468346e-07,0.0,0.0,0.0,1.2184696791468346e-07,0.0,0.0,0.0,1.2184696791468346e-07,0.9969943761825562,2.395199060440065,10.522331237792969,8.999999999999999e-08,0.0,0.0,0.0,8.999999999999999e-08,0.0,0.0,0.0,8.999999999999999e-08
1759811064891913184,169841,1759811064883609088,base_link,-0.041458284910059366,-0.008973006096052574,0.02573427564487284,-0.9987685362659376,1.0,0.0,0.0,0.0,1.0,0.0,0.0,0.0,1.0,-0.00025583087699487805,-0.04954317212104796,0.1416483074426651,1.2184696791468346e-07,0.0,0.0,0.0,1.2184696791468346e-07,0.0,0.0,0.0,1.2184696791468346e-07,-0.5296816825866699,1.862670898437501,9.47414779663086,8.999999999999999e-08,0.0,0.0,0.0,8.999999999999999e-08,0.0,0.0,0.0,8.999999999999999e-08
1759811064893056832,169842,1759811064888609088,base_link,-0.04171799642476153,-0.00858248656864079,0.02466463077651484,-0.9987881345504952,1.0,0.0,0.0,0.0,1.0,0.0,0.0,0.0,1.0,0.03462228924036026,-0.0943684726953506,0.37032416462898254,1.2184696791468346e-07,0.0,0.0,0.0,1.2184696791468346e-07,0.0,0.0,0.0,1.2184696791468346e-07,-0.6208269596099854,0.7525342702865613,9.844922065734863,8.999999999999999e-08,0.0,0.0,0.0,8.999999999999999e-08,0.0,0.0,0.0,8.999999999999999e-08
1759811064902997408,169843,1759811064899609088,base_link,-0.04187011230357144,-0.007836268713221314,0.022934924113627762,-0.9988291012872478,1.0,0.0,0.0,0.0,1.0,0.0,0.0,0.0,1.0,0.05090337619185448,-0.1407602280378341,0.3487013876438141,1.2184696791468346e-07,0.0,0.0,0.0,1.2184696791468346e-07,0.0,0.0,0.0,1.2184696791468346e-07,-0.24429848790168762,0.3191095590591443,9.755298614501953,8.999999999999999e-08,0.0,0.0,0.0,8.999999999999999e-08,0.0,0.0,0.0,8.999999999999999e-08
1759811064912120800,169844,1759811064908609088,base_link,-0.04204132333893482,-0.007603860453820118,0.022837269865628035,-0.9988259402736095,1.0,0.0,0.0,0.0,1.0,0.0,0.0,0.0,1.0,0.08589484542608261,-0.1020665168762207,-0.04822738096117972,1.2184696791468346e-07,0.0,0.0,0.0,1.2184696791468346e-07,0.0,0.0,0.0,1.2184696791468346e-07,-0.39958813786506653,-0.7406865954399097,9.761807441711426,8.999999999999999e-08,0.0,0.0,0.0,8.999999999999999e-08,0.0,0.0,0.0,8.999999999999999e-08
1759811064919790432,169845,1759811064909609088,base_link,-0.042321713151187636,-0.007362577648629346,0.023520933895323216,-0.9988000199617753,1.0,0.0,0.0,0.0,1.0,0.0,0.0,0.0,1.0,0.0846787616610527,-0.06880819797515873,-0.3700442910194397,1.2184696791468346e-07,0.0,0.0,0.0,1.2184696791468346e-07,0.0,0.0,0.0,1.2184696791468346e-07,-0.7890318632125854,-0.6382550001144397,9.612271308898926,8.999999999999999e-08,0.0,0.0,0.0,8.999999999999999e-08,0.0,0.0,0.0,8.999999999999999e-08
1759811064931539712,169846,1759811064920609088,base_link,-0.042695355499948844,-0.007455079444398629,0.025984332897087976,-0.9987223854668182,1.0,0.0,0.0,0.0,1.0,0.0,0.0,0.0,1.0,0.08275053650140762,0.014443799853324831,-0.47897785902023315,1.2184696791468346e-07,0.0,0.0,0.0,1.2184696791468346e-07,0.0,0.0,0.0,1.2184696791468346e-07,0.03725842386484146,1.9578001499176036,9.091811180114746,8.999999999999999e-08,0.0,0.0,0.0,8.999999999999999e-08,0.0,0.0,0.0,8.999999999999999e-08
1759811064933717728,169847,1759811064929609088,base_link,-0.04291081809207063,-0.007572761347975141,0.026570174091389374,-0.9986968444766207,1.0,0.0,0.0,0.0,1.0,0.0,0.0,0.0,1.0,0.037614960223436356,0.03404311463236807,-0.170494943857193,1.2184696791468346e-07,0.0,0.0,0.0,1.2184696791468346e-07,0.0,0.0,0.0,1.2184696791468346e-07,0.9120765924453735,2.733981847763063,10.518388748168945,8.999999999999999e-08,0.0,0.0,0.0,8.999999999999999e-08,0.0,0.0,0.0,8.999999999999999e-08
1759811064939972224,169848,1759811064936609088,base_link,-0.04288093861065444,-0.007624936512253596,0.025743885126333278,-0.998719393040574,1.0,0.0,0.0,0.0,1.0,0.0,0.0,0.0,1.0,0.010935289785265923,0.01524567976593974,0.22555524110794067,1.2184696791468346e-07,0.0,0.0,0.0,1.2184696791468346e-07,0.0,0.0,0.0,1.2184696791468346e-07,0.009370286017656326,1.9248344898223888,9.435611724853516,8.999999999999999e-08,0.0,0.0,0.0,8.999999999999999e-08,0.0,0.0,0.0,8.999999999999999e-08
1759811064946864672,169849,1759811064941609088,base_link,-0.04303872982603414,-0.007523885491681681,0.024860445034696435,-0.9987357038709477,1.0,0.0,0.0,0.0,1.0,0.0,0.0,0.0,1.0,0.02852078154683113,-0.007449888158589558,0.3525615334510803,1.2184696791468346e-07,0.0,0.0,0.0,1.2184696791468346e-07,0.0,0.0,0.0,1.2184696791468346e-07,-0.44095396995544434,0.32695597410202143,9.53259563446045,8.999999999999999e-08,0.0,0.0,0.0,8.999999999999999e-08,0.0,0.0,0.0,8.999999999999999e-08
1759811064957012224,169850,1759811064951609088,base_link,-0.04313802516694778,-0.007335865766296549,0.023502600016220985,-0.9987657545739359,1.0,0.0,0.0,0.0,1.0,0.0,0.0,0.0,1.0,0.03103339672088623,-0.020838512107729884,0.2258325070142746,1.2184696791468346e-07,0.0,0.0,0.0,1.2184696791468346e-07,0.0,0.0,0.0,1.2184696791468346e-07,-0.29618728160858154,-0.06638281792402162,8.62083625793457,8.999999999999999e-08,0.0,0.0,0.0,8.999999999999999e-08,0.0,0.0,0.0,8.999999999999999e-08
1759811064966213152,169851,1759811064957609088,base_link,-0.04332207123477174,-0.007281616186817951,0.023762688218381737,-0.9987520568481699,1.0,0.0,0.0,0.0,1.0,0.0,0.0,0.0,1.0,0.061097145080566406,-0.015230001881718639,-0.02531374059617519,1.2184696791468346e-07,0.0,0.0,0.0,1.2184696791468346e-07,0.0,0.0,0.0,1.2184696791468346e-07,-0.2499024122953415,-0.9974595904350269,10.000253677368164,8.999999999999999e-08,0.0,0.0,0.0,8.999999999999999e-08,0.0,0.0,0.0,8.999999999999999e-08
1759811064970998624,169852,1759811064966608832,base_link,-0.04351910906864919,-0.0074290445458200394,0.024679845788827266,-0.9987201516838471,1.0,0.0,0.0,0.0,1.0,0.0,0.0,0.0,1.0,0.0472252294421196,0.032514534890651654,-0.418000191450119,1.2184696791468346e-07,0.0,0.0,0.0,1.2184696791468346e-07,0.0,0.0,0.0,1.2184696791468346e-07,-0.7704373598098755,-0.625751733779906,10.053369522094727,8.999999999999999e-08,0.0,0.0,0.0,8.999999999999999e-08,0.0,0.0,0.0,8.999999999999999e-08
1759811064977122432,169853,1759811064973608832,base_link,-0.04373809487388868,-0.00803497793306002,0.02734605542562644,-0.9986364480427046,1.0,0.0,0.0,0.0,1.0,0.0,0.0,0.0,1.0,0.049364928156137466,0.10108821094036095,-0.5253593921661377,1.2184696791468346e-07,0.0,0.0,0.0,1.2184696791468346e-07,0.0,0.0,0.0,1.2184696791468346e-07,0.6206506490707397,2.462915897369386,9.86506462097168,8.999999999999999e-08,0.0,0.0,0.0,8.999999999999999e-08,0.0,0.0,0.0,8.999999999999999e-08
1759811064986449760,169854,1759811064978608832,base_link,-0.0437705255567288,-0.008515079269892695,0.02779003032784019,-0.9986187463663299,1.0,0.0,0.0,0.0,1.0,0.0,0.0,0.0,1.0,-0.012437134981155396,0.12451205402612685,-0.12134168297052385,1.2184696791468346e-07,0.0,0.0,0.0,1.2184696791468346e-07,0.0,0.0,0.0,1.2184696791468346e-07,1.3287791013717651,2.9763302803039564,10.027719497680664,8.999999999999999e-08,0.0,0.0,0.0,8.999999999999999e-08,0.0,0.0,0.0,8.999999999999999e-08
1759811064992905120,169855,1759811064989608832,base_link,-0.043543167016614814,-0.009015786464380145,0.02689921453771391,-0.9986486706287727,1.0,0.0,0.0,0.0,1.0,0.0,0.0,0.0,1.0,-0.04265947267413139,0.11554725468158723,0.1652243137359619,1.2184696791468346e-07,0.0,0.0,0.0,1.2184696791468346e-07,0.0,0.0,0.0,1.2184696791468346e-07,0.006589923053979874,1.4823780059814464,9.814077377319336,8.999999999999999e-08,0.0,0.0,0.0,8.999999999999999e-08,0.0,0.0,0.0,8.999999999999999e-08
1759811065000209632,169856,1759811064994608832,base_link,-0.04343219963284169,-0.00907102517770974,0.026099014471886096,-0.9986742116189703,1.0,0.0,0.0,0.0,1.0,0.0,0.0,0.0,1.0,-0.03917824476957321,0.05747601762413983,0.31647321581840515,1.2184696791468346e-07,0.0,0.0,0.0,1.2184696791468346e-07,0.0,0.0,0.0,1.2184696791468346e-07,-0.47189897298812866,1.0385003089904796,9.81149673461914,8.999999999999999e-08,0.0,0.0,0.0,8.999999999999999e-08,0.0,0.0,0.0,8.999999999999999e-08
1759811065008955008,169857,1759811065004608832,base_link,-0.043401494336612494,-0.00921885129759465,0.025090229652777876,-0.9987001319308044,1.0,0.0,0.0,0.0,1.0,0.0,0.0,0.0,1.0,-0.017394063994288445,0.03253012523055079,0.19669125974178314,1.2184696791468346e-07,0.0,0.0,0.0,1.2184696791468346e-07,0.0,0.0,0.0,1.2184696791468346e-07,-0.6879045963287354,-0.13744550943374523,9.112048149108887,8.999999999999999e-08,0.0,0.0,0.0,8.999999999999999e-08,0.0,0.0,0.0,8.999999999999999e-08
1759811065013841536,169858,1759811065010608832,base_link,-0.04335617330357312,-0.009220761076667802,0.02552935766741287,-0.9986909017709806,1.0,0.0,0.0,0.0,1.0,0.0,0.0,0.0,1.0,0.01049676351249218,0.022078603506088253,-0.01999677531421185,1.2184696791468346e-07,0.0,0.0,0.0,1.2184696791468346e-07,0.0,0.0,0.0,1.2184696791468346e-07,-0.4745212495326996,-1.5456299781799303,10.299521446228027,8.999999999999999e-08,0.0,0.0,0.0,8.999999999999999e-08,0.0,0.0,0.0,8.999999999999999e-08
1759811065021493280,169859,1759811065015608832,base_link,-0.04342982887261295,-0.009496803178078918,0.02648288796812333,-0.9986603031589617,1.0,0.0,0.0,0.0,1.0,0.0,0.0,0.0,1.0,0.009467903524637222,0.05973910540342327,-0.32425567507743835,1.2184696791468346e-07,0.0,0.0,0.0,1.2184696791468346e-07,0.0,0.0,0.0,1.2184696791468346e-07,-0.8259334564208984,0.07438436895609014,9.207436561584473,8.999999999999999e-08,0.0,0.0,0.0,8.999999999999999e-08,0.0,0.0,0.0,8.999999999999999e-08
1759811065027663616,169860,1759811065020608832,base_link,-0.04325630766311557,-0.009870679968684962,0.027743205179144578,-0.9986299995748823,1.0,0.0,0.0,0.0,1.0,0.0,0.0,0.0,1.0,-0.019746189936995506,0.10834395885467524,-0.44311341643333435,1.2184696791468346e-07,0.0,0.0,0.0,1.2184696791468346e-07,0.0,0.0,0.0,1.2184696791468346e-07,-0.748326301574707,1.6190989017486583,8.863890647888184,8.999999999999999e-08,0.0,0.0,0.0,8.999999999999999e-08,0.0,0.0,0.0,8.999999999999999e-08
1759811065032875456,169861,1759811065026608832,base_link,-0.04333562276365701,-0.010167283146724316,0.02859507728124675,-0.9985995695502575,1.0,0.0,0.0,0.0,1.0,0.0,0.0,0.0,1.0,-0.05151992291212082,0.09901626408100124,-0.30975228548049927,1.2184696791468346e-07,0.0,0.0,0.0,1.2184696791468346e-07,0.0,0.0,0.0,1.2184696791468346e-07,0.3154701888561249,1.995113015174867,10.58266830444336,8.999999999999999e-08,0.0,0.0,0.0,8.999999999999999e-08,0.0,0.0,0.0,8.999999999999999e-08
1759811065043856288,169862,1759811065036608832,base_link,-0.04282643746717379,-0.010440187942099404,0.028355598888007857,-0.9986255320089402,1.0,0.0,0.0,0.0,1.0,0.0,0.0,0.0,1.0,-0.09250160306692123,0.04400192201137544,0.10803771018981934,1.2184696791468346e-07,0.0,0.0,0.0,1.2184696791468346e-07,0.0,0.0,0.0,1.2184696791468346e-07,0.20180493593215942,1.5444678068161024,10.258736610412598,8.999999999999999e-08,0.0,0.0,0.0,8.999999999999999e-08,0.0,0.0,0.0,8.999999999999999e-08
1759811065050912288,169863,1759811065047608832,base_link,-0.042334296619646175,-0.010359421409462369,0.026485922541216088,-0.9986986567911066,1.0,0.0,0.0,0.0,1.0,0.0,0.0,0.0,1.0,-0.10012394934892654,-0.01954801939427848,0.37707844376564026,1.2184696791468346e-07,0.0,0.0,0.0,1.2184696791468346e-07,0.0,0.0,0.0,1.2184696791468346e-07,-0.49663829803466797,0.7787544131279004,10.196036338806152,8.999999999999999e-08,0.0,0.0,0.0,8.999999999999999e-08,0.0,0.0,0.0,8.999999999999999e-08
1759811065055976544,169864,1759811065052608832,base_link,-0.04220923901758026,-0.010285972623398039,0.025735792931419192,-0.9987243663686982,1.0,0.0,0.0,0.0,1.0,0.0,0.0,0.0,1.0,-0.08409859985113144,-0.03651408851146694,0.35344815254211426,1.2184696791468346e-07,0.0,0.0,0.0,1.2184696791468346e-07,0.0,0.0,0.0,1.2184696791468346e-07,-0.6987400054931641,-0.18915416300296667,9.583619117736816,8.999999999999999e-08,0.0,0.0,0.0,8.999999999999999e-08,0.0,0.0,0.0,8.999999999999999e-08
1759811065066250912,169865,1759811065057608832,base_link,-0.041934258489916006,-0.010152861021999495,0.025513552599221296,-0.9987429531288915,1.0,0.0,0.0,0.0,1.0,0.0,0.0,0.0,1.0,-0.07285424321889877,-0.04637648165225981,0.14121438562870026,1.2184696791468346e-07,0.0,0.0,0.0,1.2184696791468346e-07,0.0,0.0,0.0,1.2184696791468346e-07,-0.9468404054641724,0.3345351517200481,9.052119255065918,8.999999999999999e-08,0.0,0.0,0.0,8.999999999999999e-08,0.0,0.0,0.0,8.999999999999999e-08
1759811065073884640,169866,1759811065068605504,base_link,-0.04172350580811531,-0.010047881124892952,0.026856056164838757,-0.9987177071666336,1.0,0.0,0.0,0.0,1.0,0.0,0.0,0.0,1.0,-0.04432081803679466,-0.021970415487885513,-0.31458497047424316,1.2184696791468346e-07,0.0,0.0,0.0,1.2184696791468346e-07,0.0,0.0,0.0,1.2184696791468346e-07,-0.9188579320907593,0.510082244873048,9.2322416305542,8.999999999999999e-08,0.0,0.0,0.0,8.999999999999999e-08,0.0,0.0,0.0,8.999999999999999e-08
1759811065086845152,169867,1759811065078605504,base_link,-0.04143640674441517,-0.010215235723617586,0.028713973540895985,-0.9986762346676988,1.0,0.0,0.0,0.0,1.0,0.0,0.0,0.0,1.0,-0.04371606931090355,0.01961814798414703,-0.3378415107727051,1.2184696791468346e-07,0.0,0.0,0.0,1.2184696791468346e-07,0.0,0.0,0.0,1.2184696791468346e-07,0.3806087374687195,1.6641281843185438,10.217418670654297,8.999999999999999e-08,0.0,0.0,0.0,8.999999999999999e-08,0.0,0.0,0.0,8.999999999999999e-08
1759811065092118048,169868,1759811065088605504,base_link,-0.04099218291237739,-0.01021313496663712,0.028752453613586457,-0.9986934727287398,1.0,0.0,0.0,0.0,1.0,0.0,0.0,0.0,1.0,-0.09309180080890656,-0.018041988834738724,0.0535610131919384,1.2184696791468346e-07,0.0,0.0,0.0,1.2184696791468346e-07,0.0,0.0,0.0,1.2184696791468346e-07,0.6353430151939392,2.7284662723541273,10.018247604370117,8.999999999999999e-08,0.0,0.0,0.0,8.999999999999999e-08,0.0,0.0,0.0,8.999999999999999e-08
1759811065100113056,169869,1759811065094605504,base_link,-0.04057719977358307,-0.00983311263868258,0.026782088445702144,-0.9987689998812712,1.0,0.0,0.0,0.0,1.0,0.0,0.0,0.0,1.0,-0.08712004870176315,-0.0647620260715484,0.4242170453071594,1.2184696791468346e-07,0.0,0.0,0.0,1.2184696791468346e-07,0.0,0.0,0.0,1.2184696791468346e-07,-0.8592819571495056,1.323025941848756,9.4845609664917,8.999999999999999e-08,0.0,0.0,0.0,8.999999999999999e-08,0.0,0.0,0.0,8.999999999999999e-08
1759811065112146720,169870,1759811065105605504,base_link,-0.040064892976132006,-0.009177714656359004,0.0251305641868028,-0.9988388372092538,1.0,0.0,0.0,0.0,1.0,0.0,0.0,0.0,1.0,-0.08886720985174179,-0.11163426935672756,0.3383144736289978,1.2184696791468346e-07,0.0,0.0,0.0,1.2184696791468346e-07,0.0,0.0,0.0,1.2184696791468346e-07,-0.5000793933868408,0.3129838407039654,9.720968246459961,8.999999999999999e-08,0.0,0.0,0.0,8.999999999999999e-08,0.0,0.0,0.0,8.999999999999999e-08
1759811065117749408,169871,1759811065110605504,base_link,-0.039793796543975836,-0.008885924121583988,0.024972513504886922,-0.9988562860045374,1.0,0.0,0.0,0.0,1.0,0.0,0.0,0.0,1.0,-0.03959985077381134,-0.10805514454841614,0.031152285635471358,1.2184696791468346e-07,0.0,0.0,0.0,1.2184696791468346e-07,0.0,0.0,0.0,1.2184696791468346e-07,-0.782771110534668,-0.020974390208720054,9.037897109985352,8.999999999999999e-08,0.0,0.0,0.0,8.999999999999999e-08,0.0,0.0,0.0,8.999999999999999e-08
1759811065122417504,169872,1759811065116605504,base_link,-0.03971525984304283,-0.008672467456033516,0.02577372509507902,-0.9988409445516794,1.0,0.0,0.0,0.0,1.0,0.0,0.0,0.0,1.0,-0.0476938858628273,-0.07415037602186206,-0.27816978096961975,1.2184696791468346e-07,0.0,0.0,0.0,1.2184696791468346e-07,0.0,0.0,0.0,1.2184696791468346e-07,-0.5249994397163391,-1.4383375644683825,10.059770584106445,8.999999999999999e-08,0.0,0.0,0.0,8.999999999999999e-08,0.0,0.0,0.0,8.999999999999999e-08
1759811065128203392,169873,1759811065121605504,base_link,-0.03953180383109803,-0.008623773358024257,0.026969262599939016,-0.9988170894354222,1.0,0.0,0.0,0.0,1.0,0.0,0.0,0.0,1.0,-0.06679399311542511,-0.039978563785553034,-0.4774370491504669,1.2184696791468346e-07,0.0,0.0,0.0,1.2184696791468346e-07,0.0,0.0,0.0,1.2184696791468346e-07,-0.31398069858551025,0.5912155508995068,9.95731258392334,8.999999999999999e-08,0.0,0.0,0.0,8.999999999999999e-08,0.0,0.0,0.0,8.999999999999999e-08
1759811065136535488,169874,1759811065126605504,base_link,-0.039340483480638885,-0.008676093402094468,0.028250105326185087,-0.9987887667532229,1.0,0.0,0.0,0.0,1.0,0.0,0.0,0.0,1.0,-0.053200941532850266,0.016431728377938215,-0.4458480775356293,1.2184696791468346e-07,0.0,0.0,0.0,1.2184696791468346e-07,0.0,0.0,0.0,1.2184696791468346e-07,-0.16370612382888794,1.4950257539749157,8.735824584960938,8.999999999999999e-08,0.0,0.0,0.0,8.999999999999999e-08,0.0,0.0,0.0,8.999999999999999e-08
1759811065141293472,169875,1759811065137605504,base_link,-0.038955544459387745,-0.00888506406245656,0.02930453518223064,-0.9987716551327275,1.0,0.0,0.0,0.0,1.0,0.0,0.0,0.0,1.0,-0.0729609802365303,0.02595091611146924,-0.21594326198101044,1.2184696791468346e-07,0.0,0.0,0.0,1.2184696791468346e-07,0.0,0.0,0.0,1.2184696791468346e-07,0.7218247652053833,1.4952754974365248,10.4131498336792,8.999999999999999e-08,0.0,0.0,0.0,8.999999999999999e-08,0.0,0.0,0.0,8.999999999999999e-08
1759811065147251520,169876,1759811065142605504,base_link,-0.03860632094098254,-0.00880654975203683,0.028939585620974824,-0.9987965639201973,1.0,0.0,0.0,0.0,1.0,0.0,0.0,0.0,1.0,-0.12424147874116898,-0.006076094228774298,0.08917629718780518,1.2184696791468346e-07,0.0,0.0,0.0,1.2184696791468346e-07,0.0,0.0,0.0,1.2184696791468346e-07,-0.17482638359069824,1.3803116083145153,9.395808219909668,8.999999999999999e-08,0.0,0.0,0.0,8.999999999999999e-08,0.0,0.0,0.0,8.999999999999999e-08
1759811065154052352,169877,1759811065147605504,base_link,-0.038472006837312424,-0.008749153646899087,0.028059728011461418,-0.9988273311196104,1.0,0.0,0.0,0.0,1.0,0.0,0.0,0.0,1.0,-0.08147507160902023,-0.019662164151668514,0.2878127098083496,1.2184696791468346e-07,0.0,0.0,0.0,1.2184696791468346e-07,0.0,0.0,0.0,1.2184696791468346e-07,-0.6120885014533997,1.5353920459747326,9.125516891479492,8.999999999999999e-08,0.0,0.0,0.0,8.999999999999999e-08,0.0,0.0,0.0,8.999999999999999e-08
1759811065161857024,169878,1759811065156605504,base_link,-0.03830352481039012,-0.008496720366099152,0.027233776221193433,-0.998858814815448,1.0,0.0,0.0,0.0,1.0,0.0,0.0,0.0,1.0,-0.07187136262655258,-0.06252405047416683,0.3199796974658966,1.2184696791468346e-07,0.0,0.0,0.0,1.2184696791468346e-07,0.0,0.0,0.0,1.2184696791468346e-07,-0.6120885014533997,1.5353920459747326,9.125516891479492,8.999999999999999e-08,0.0,0.0,0.0,8.999999999999999e-08,0.0,0.0,0.0,8.999999999999999e-08
1759811065165985664,169879,1759811065158607296,base_link,-0.03806251332553664,-0.008354137577586797,0.02664388892943492,-0.9988851987426158,1.0,0.0,0.0,0.0,1.0,0.0,0.0,0.0,1.0,-0.05909328535199165,-0.06289616972208022,0.09594982862472536,1.2184696791468346e-07,0.0,0.0,0.0,1.2184696791468346e-07,0.0,0.0,0.0,1.2184696791468346e-07,-0.021130744367837906,-0.4329028427600849,9.320720672607422,8.999999999999999e-08,0.0,0.0,0.0,8.999999999999999e-08,0.0,0.0,0.0,8.999999999999999e-08
1759811065174138112,169880,1759811065168607296,base_link,-0.03800626308784279,-0.00823795978966652,0.027630251625135414,-0.9988614700669042,1.0,0.0,0.0,0.0,1.0,0.0,0.0,0.0,1.0,-0.010579884052276611,-0.018642047420144112,-0.2572729289531708,1.2184696791468346e-07,0.0,0.0,0.0,1.2184696791468346e-07,0.0,0.0,0.0,1.2184696791468346e-07,-0.7120773196220398,-1.1790100336074818,9.477294921875,8.999999999999999e-08,0.0,0.0,0.0,8.999999999999999e-08,0.0,0.0,0.0,8.999999999999999e-08
1759811065183011648,169881,1759811065178607296,base_link,-0.03793605434075773,-0.00842344543578493,0.02904811375589037,-0.9988223999383345,1.0,0.0,0.0,0.0,1.0,0.0,0.0,0.0,1.0,-0.0218979399651289,0.06654021143913262,-0.5249026417732239,1.2184696791468346e-07,0.0,0.0,0.0,1.2184696791468346e-07,0.0,0.0,0.0,1.2184696791468346e-07,-0.05899212136864662,0.9748444557189954,9.678750038146973,8.999999999999999e-08,0.0,0.0,0.0,8.999999999999999e-08,0.0,0.0,0.0,8.999999999999999e-08
1759811065194006912,169882,1759811065179607296,base_link,-0.03776258844899902,-0.008706830308460055,0.03026084717494286,-0.9987905369208604,1.0,0.0,0.0,0.0,1.0,0.0,0.0,0.0,1.0,-0.040891095995903015,0.11512891203165052,-0.23929721117019656,1.2184696791468346e-07,0.0,0.0,0.0,1.2184696791468346e-07,0.0,0.0,0.0,1.2184696791468346e-07,0.6980062127113342,1.7056473493576063,10.03442668914795,8.999999999999999e-08,0.0,0.0,0.0,8.999999999999999e-08,0.0,0.0,0.0,8.999999999999999e-08
1759811065199149952,169883,1759811065189607296,base_link,-0.03746597868551459,-0.009409461737074186,0.030706676538491056,-0.9987817703763701,1.0,0.0,0.0,0.0,1.0,0.0,0.0,0.0,1.0,-0.10341749340295792,0.13278675079345703,0.04804953187704085,1.2184696791468346e-07,0.0,0.0,0.0,1.2184696791468346e-07,0.0,0.0,0.0,1.2184696791468346e-07,0.34625595808029175,1.5136203765869154,10.022022247314453,8.999999999999999e-08,0.0,0.0,0.0,8.999999999999999e-08,0.0,0.0,0.0,8.999999999999999e-08
1759811065205908064,169884,1759811065199607296,base_link,-0.037211582942080865,-0.009668920370685282,0.02995932862069593,-0.9988114417577217,1.0,0.0,0.0,0.0,1.0,0.0,0.0,0.0,1.0,-0.09902606904506683,0.08450531214475636,0.3167392909526825,1.2184696791468346e-07,0.0,0.0,0.0,1.2184696791468346e-07,0.0,0.0,0.0,1.2184696791468346e-07,0.07266803830862045,1.3267561197280897,10.32448959350586,8.999999999999999e-08,0.0,0.0,0.0,8.999999999999999e-08,0.0,0.0,0.0,8.999999999999999e-08
1759811065206479360,169885,1759811065200607296,base_link,-0.036995415707335534,-0.009801120546484781,0.028897480919312456,-0.9988494582150785,1.0,0.0,0.0,0.0,1.0,0.0,0.0,0.0,1.0,-0.08921311050653458,0.07341434806585316,0.3842606842517853,1.2184696791468346e-07,0.0,0.0,0.0,1.2184696791468346e-07,0.0,0.0,0.0,1.2184696791468346e-07,-0.3394874930381775,1.4547767639160167,9.350839614868164,8.999999999999999e-08,0.0,0.0,0.0,8.999999999999999e-08,0.0,0.0,0.0,8.999999999999999e-08
1759811065217029632,169886,1759811065211607296,base_link,-0.03682896068040881,-0.009769590752531584,0.027030459823976883,-0.9989082109219027,1.0,0.0,0.0,0.0,1.0,0.0,0.0,0.0,1.0,-0.028056640177965164,0.005011606495827476,0.3262747526168823,1.2184696791468346e-07,0.0,0.0,0.0,1.2184696791468346e-07,0.0,0.0,0.0,1.2184696791468346e-07,-0.5449925065040588,-1.0503067970275868,9.458883285522461,8.999999999999999e-08,0.0,0.0,0.0,8.999999999999999e-08,0.0,0.0,0.0,8.999999999999999e-08
1759811065224921312,169887,1759811065216607296,base_link,-0.03684793993312887,-0.009735770540779622,0.026944438106166136,-0.9989101918237828,1.0,0.0,0.0,0.0,1.0,0.0,0.0,0.0,1.0,0.009262843057513237,0.020441424101591103,-0.05015694350004196,1.2184696791468346e-07,0.0,0.0,0.0,1.2184696791468346e-07,0.0,0.0,0.0,1.2184696791468346e-07,-0.8331685662269592,-0.9496297240257251,9.623706817626953,8.999999999999999e-08,0.0,0.0,0.0,8.999999999999999e-08,0.0,0.0,0.0,8.999999999999999e-08
1759811065229789568,169888,1759811065221607296,base_link,-0.036903510552890484,-0.009959496549387577,0.02767661315849737,-0.9988859152390405,1.0,0.0,0.0,0.0,1.0,0.0,0.0,0.0,1.0,0.011029760353267193,0.07634201645851131,-0.3275100886821747,1.2184696791468346e-07,0.0,0.0,0.0,1.2184696791468346e-07,0.0,0.0,0.0,1.2184696791468346e-07,-0.5361111164093018,-0.6897851824760426,9.325899124145508,8.999999999999999e-08,0.0,0.0,0.0,8.999999999999999e-08,0.0,0.0,0.0,8.999999999999999e-08
1759811065239910816,169889,1759811065232607296,base_link,-0.036848146716104375,-0.010694309731017806,0.02955096780547387,-0.9988266567700342,1.0,0.0,0.0,0.0,1.0,0.0,0.0,0.0,1.0,-0.011249413713812828,0.1334767043590545,-0.3727900981903076,1.2184696791468346e-07,0.0,0.0,0.0,1.2184696791468346e-07,0.0,0.0,0.0,1.2184696791468346e-07,-0.20393890142440796,1.484640121459962,9.613425254821777,8.999999999999999e-08,0.0,0.0,0.0,8.999999999999999e-08,0.0,0.0,0.0,8.999999999999999e-08
1759811065246940608,169890,1759811065242607296,base_link,-0.03665605323439287,-0.011358737675634844,0.029579627662461284,-0.998825560951973,1.0,0.0,0.0,0.0,1.0,0.0,0.0,0.0,1.0,-0.041140854358673096,0.1315152496099472,-0.015067357569932953,1.2184696791468346e-07,0.0,0.0,0.0,1.2184696791468346e-07,0.0,0.0,0.0,1.2184696791468346e-07,0.6114293932914734,1.9371265172958385,9.672781944274902,8.999999999999999e-08,0.0,0.0,0.0,8.999999999999999e-08,0.0,0.0,0.0,8.999999999999999e-08
1759811065257900512,169891,1759811065253607296,base_link,-0.03661557645475422,-0.011632202233841715,0.027396168028505887,-0.9988861681201315,1.0,0.0,0.0,0.0,1.0,0.0,0.0,0.0,1.0,-0.013355677016079426,0.06012979522347456,0.44044485688209534,1.2184696791468346e-07,0.0,0.0,0.0,1.2184696791468346e-07,0.0,0.0,0.0,1.2184696791468346e-07,-0.12516890466213226,0.683922350406648,10.222349166870117,8.999999999999999e-08,0.0,0.0,0.0,8.999999999999999e-08,0.0,0.0,0.0,8.999999999999999e-08
1759811065267931104,169892,1759811065264606272,base_link,-0.036542003862322384,-0.011499734688971974,0.025921534092806734,-0.9989297479614918,1.0,0.0,0.0,0.0,1.0,0.0,0.0,0.0,1.0,-0.00759592279791832,-0.017881851643323864,0.29585960507392883,1.2184696791468346e-07,0.0,0.0,0.0,1.2184696791468346e-07,0.0,0.0,0.0,1.2184696791468346e-07,-0.681969165802002,-0.8598936200141896,9.333919525146484,8.999999999999999e-08,0.0,0.0,0.0,8.999999999999999e-08,0.0,0.0,0.0,8.999999999999999e-08
1759811065274272640,169893,1759811065269606272,base_link,-0.036773213570719054,-0.011473427152967083,0.025976114261628318,-0.9989200963331828,1.0,0.0,0.0,0.0,1.0,0.0,0.0,0.0,1.0,0.04596611484885216,-0.02156400866806506,0.08925903588533401,1.2184696791468346e-07,0.0,0.0,0.0,1.2184696791468346e-07,0.0,0.0,0.0,1.2184696791468346e-07,-0.6773809194564819,-1.007051110267638,9.146997451782227,8.999999999999999e-08,0.0,0.0,0.0,8.999999999999999e-08,0.0,0.0,0.0,8.999999999999999e-08
1759811065285124096,169894,1759811065279606272,base_link,-0.03693772194008019,-0.011860283855825465,0.028269282142257556,-0.9988473087258045,1.0,0.0,0.0,0.0,1.0,0.0,0.0,0.0,1.0,0.041997674852609634,0.05949611216783518,-0.43808993697166443,1.2184696791468346e-07,0.0,0.0,0.0,1.2184696791468346e-07,0.0,0.0,0.0,1.2184696791468346e-07,0.009216193109750748,0.8743419647216809,10.192190170288086,8.999999999999999e-08,0.0,0.0,0.0,8.999999999999999e-08,0.0,0.0,0.0,8.999999999999999e-08
1759811065291834336,169895,1759811065285606272,base_link,-0.03706520825429155,-0.012276681548222939,0.02940661484932402,-0.99880469826196,1.0,0.0,0.0,0.0,1.0,0.0,0.0,0.0,1.0,0.039176080375909805,0.11691769212484356,-0.37879452109336853,1.2184696791468346e-07,0.0,0.0,0.0,1.2184696791468346e-07,0.0,0.0,0.0,1.2184696791468346e-07,-0.11986509710550308,1.8407751321792614,9.288862228393555,8.999999999999999e-08,0.0,0.0,0.0,8.999999999999999e-08,0.0,0.0,0.0,8.999999999999999e-08
1759811065299306336,169896,1759811065294606272,base_link,-0.03718150326313424,-0.01242483167200578,0.02992253442194588,-0.9987831612223709,1.0,0.0,0.0,0.0,1.0,0.0,0.0,0.0,1.0,0.015162026509642601,0.08630432933568953,-0.1430148035287857,1.2184696791468346e-07,0.0,0.0,0.0,1.2184696791468346e-07,0.0,0.0,0.0,1.2184696791468346e-07,0.6808034777641296,1.8591731786727919,10.5352201461792,8.999999999999999e-08,0.0,0.0,0.0,8.999999999999999e-08,0.0,0.0,0.0,8.999999999999999e-08
1759811065306616864,169897,1759811065295606272,base_link,-0.03703048451947463,-0.012704387766911492,0.02979356506550257,-0.9987891460748595,1.0,0.0,0.0,0.0,1.0,0.0,0.0,0.0,1.0,0.01391567662358284,0.0180269926786423,0.22127416729927063,1.2184696791468346e-07,0.0,0.0,0.0,1.2184696791468346e-07,0.0,0.0,0.0,1.2184696791468346e-07,0.2843315005302429,1.8599717617034923,9.381535530090332,8.999999999999999e-08,0.0,0.0,0.0,8.999999999999999e-08,0.0,0.0,0.0,8.999999999999999e-08
1759811065310938400,169898,1759811065306606272,base_link,-0.03729175415048268,-0.012578362104418839,0.028102043447366346,-0.998830028517915,1.0,0.0,0.0,0.0,1.0,0.0,0.0,0.0,1.0,0.0430489107966423,-0.0016365607734769162,0.34408098459243774,1.2184696791468346e-07,0.0,0.0,0.0,1.2184696791468346e-07,0.0,0.0,0.0,1.2184696791468346e-07,-0.19521436095237732,0.13813653588295105,9.909661293029785,8.999999999999999e-08,0.0,0.0,0.0,8.999999999999999e-08,0.0,0.0,0.0,8.999999999999999e-08
1759811065320847744,169899,1759811065316606272,base_link,-0.03759509555592771,-0.012077294027541012,0.02697360372533567,-0.9988559909765978,1.0,0.0,0.0,0.0,1.0,0.0,0.0,0.0,1.0,0.05264750495553017,-0.07750348001718518,0.23667818307876587,1.2184696791468346e-07,0.0,0.0,0.0,1.2184696791468346e-07,0.0,0.0,0.0,1.2184696791468346e-07,-0.7156570553779602,0.11174851655960208,10.238909721374512,8.999999999999999e-08,0.0,0.0,0.0,8.999999999999999e-08,0.0,0.0,0.0,8.999999999999999e-08
1759811065329146336,169900,1759811065322606272,base_link,-0.037928026683205426,-0.011943459344272699,0.026851588598896626,-0.9988482781033202,1.0,0.0,0.0,0.0,1.0,0.0,0.0,0.0,1.0,0.11452404409646988,-0.04172621667385101,0.008233106695115571,1.2184696791468346e-07,0.0,0.0,0.0,1.2184696791468346e-07,0.0,0.0,0.0,1.2184696791468346e-07,-1.0742955207824707,-0.4569153785705555,9.40898609161377,8.999999999999999e-08,0.0,0.0,0.0,8.999999999999999e-08,0.0,0.0,0.0,8.999999999999999e-08
1759811065336959872,169901,1759811065333606272,base_link,-0.03843479775552238,-0.012130904818846868,0.02876480264020016,-0.9987733410066679,1.0,0.0,0.0,0.0,1.0,0.0,0.0,0.0,1.0,0.10823120921850204,0.030466610565781545,-0.4030751883983612,1.2184696791468346e-07,0.0,0.0,0.0,1.2184696791468346e-07,0.0,0.0,0.0,1.2184696791468346e-07,-0.2915571630001068,0.531011998653413,9.412490844726562,8.999999999999999e-08,0.0,0.0,0.0,8.999999999999999e-08,0.0,0.0,0.0,8.999999999999999e-08
1759811065342855168,169902,1759811065338606272,base_link,-0.03880156753379828,-0.0122679584676702,0.029928308540191913,-0.9987233548443339,1.0,0.0,0.0,0.0,1.0,0.0,0.0,0.0,1.0,0.10968323051929474,0.04561115428805346,-0.44451335072517395,1.2184696791468346e-07,0.0,0.0,0.0,1.2184696791468346e-07,0.0,0.0,0.0,1.2184696791468346e-07,0.36471444368362427,1.7134773731231703,9.999534606933594,8.999999999999999e-08,0.0,0.0,0.0,8.999999999999999e-08,0.0,0.0,0.0,8.999999999999999e-08
1759811065349991232,169903,1759811065343606272,base_link,-0.03897377823972477,-0.012316265341508766,0.030452025279788273,-0.99870025837135,1.0,0.0,0.0,0.0,1.0,0.0,0.0,0.0,1.0,0.08669883012771606,0.021605825051665282,-0.20648407936096191,1.2184696791468346e-07,0.0,0.0,0.0,1.2184696791468346e-07,0.0,0.0,0.0,1.2184696791468346e-07,0.7773756980895996,2.578398466110231,10.480846405029297,8.999999999999999e-08,0.0,0.0,0.0,8.999999999999999e-08,0.0,0.0,0.0,8.999999999999999e-08
1759811065356105408,169904,1759811065352606272,base_link,-0.039001659697103744,-0.012397855054780776,0.030183802735864917,-0.9987062432238385,1.0,0.0,0.0,0.0,1.0,0.0,0.0,0.0,1.0,0.05414967238903046,0.006013498641550557,0.13136407732963562,1.2184696791468346e-07,0.0,0.0,0.0,1.2184696791468346e-07,0.0,0.0,0.0,1.2184696791468346e-07,0.349405974149704,1.7804983854293834,9.43242359161377,8.999999999999999e-08,0.0,0.0,0.0,8.999999999999999e-08,0.0,0.0,0.0,8.999999999999999e-08
1759811065362712640,169905,1759811065353607296,base_link,-0.0392662378557199,-0.012268694720430125,0.029507303670416565,-0.998717665019785,1.0,0.0,0.0,0.0,1.0,0.0,0.0,0.0,1.0,0.06515713781118393,-0.026606611907482102,0.3814055025577545,1.2184696791468346e-07,0.0,0.0,0.0,1.2184696791468346e-07,0.0,0.0,0.0,1.2184696791468346e-07,-0.7222396731376648,1.2211210727691661,9.570880889892578,8.999999999999999e-08,0.0,0.0,0.0,8.999999999999999e-08,0.0,0.0,0.0,8.999999999999999e-08
1759811065371837248,169906,1759811065364607296,base_link,-0.039858697422326554,-0.011854468907819979,0.027205453538994097,-0.9987645744621776,1.0,0.0,0.0,0.0,1.0,0.0,0.0,0.0,1.0,0.08036089688539505,-0.0757386833429336,0.43485191464424133,1.2184696791468346e-07,0.0,0.0,0.0,1.2184696791468346e-07,0.0,0.0,0.0,1.2184696791468346e-07,-0.9290252327919006,0.45036250352859614,9.534760475158691,8.999999999999999e-08,0.0,0.0,0.0,8.999999999999999e-08,0.0,0.0,0.0,8.999999999999999e-08
1759811065376008576,169907,1759811065369607296,base_link,-0.040161058913543705,-0.011599169641321301,0.02656949974181323,-0.9987725402165462,1.0,0.0,0.0,0.0,1.0,0.0,0.0,0.0,1.0,0.13251735270023346,-0.08658390492200849,0.25184762477874756,1.2184696791468346e-07,0.0,0.0,0.0,1.2184696791468346e-07,0.0,0.0,0.0,1.2184696791468346e-07,-0.7471650838851929,-0.4861000180244434,9.714184761047363,8.999999999999999e-08,0.0,0.0,0.0,8.999999999999999e-08,0.0,0.0,0.0,8.999999999999999e-08
1759811065384056352,169908,1759811065379607296,base_link,-0.04053125312326111,-0.011458970783927843,0.026450477041618424,-0.9987624249729036,1.0,0.0,0.0,0.0,1.0,0.0,0.0,0.0,1.0,0.14946720004081726,-0.07529192417860033,-0.06174062192440032,1.2184696791468346e-07,0.0,0.0,0.0,1.2184696791468346e-07,0.0,0.0,0.0,1.2184696791468346e-07,-0.803927481174469,-0.6477956771850574,9.671843528747559,8.999999999999999e-08,0.0,0.0,0.0,8.999999999999999e-08,0.0,0.0,0.0,8.999999999999999e-08
1759811065392129696,169909,1759811065385607296,base_link,-0.04118339657862624,-0.011253557580997876,0.028435129991147945,-0.9986835682193397,1.0,0.0,0.0,0.0,1.0,0.0,0.0,0.0,1.0,0.13954202830791473,-0.029209740459919028,-0.4215639531612396,1.2184696791468346e-07,0.0,0.0,0.0,1.2184696791468346e-07,0.0,0.0,0.0,1.2184696791468346e-07,-0.7615140676498413,0.5986844897270214,9.304112434387207,8.999999999999999e-08,0.0,0.0,0.0,8.999999999999999e-08,0.0,0.0,0.0,8.999999999999999e-08
1759811065397494272,169910,1759811065391607296,base_link,-0.04168722527408153,-0.011278181877240364,0.029631215405038602,-0.9986275550576688,1.0,0.0,0.0,0.0,1.0,0.0,0.0,0.0,1.0,0.143660768866539,0.017911748960614152,-0.42449265718460083,1.2184696791468346e-07,0.0,0.0,0.0,1.2184696791468346e-07,0.0,0.0,0.0,1.2184696791468346e-07,0.022849775850772858,2.08881974220276,9.320595741271973,8.999999999999999e-08,0.0,0.0,0.0,8.999999999999999e-08,0.0,0.0,0.0,8.999999999999999e-08
1759811065408099968,169911,1759811065401607296,base_link,-0.042033918664487066,-0.011360438037554453,0.02986003064560424,-0.9986052593748064,1.0,0.0,0.0,0.0,1.0,0.0,0.0,0.0,1.0,0.048120833933353424,0.01303478702902794,0.017961809411644936,1.2184696791468346e-07,0.0,0.0,0.0,1.2184696791468346e-07,0.0,0.0,0.0,1.2184696791468346e-07,1.1325489282608032,2.6453204154968275,10.693132400512695,8.999999999999999e-08,0.0,0.0,0.0,8.999999999999999e-08,0.0,0.0,0.0,8.999999999999999e-08
1759811065411218400,169912,1759811065406607296,base_link,-0.04217068518790491,-0.01121463628348708,0.029177926049303953,-0.9986213594709377,1.0,0.0,0.0,0.0,1.0,0.0,0.0,0.0,1.0,0.042522840201854706,-0.005759965628385521,0.18603594601154327,1.2184696791468346e-07,0.0,0.0,0.0,1.2184696791468346e-07,0.0,0.0,0.0,1.2184696791468346e-07,-0.4440213739871979,1.4452759027481092,10.144328117370605,8.999999999999999e-08,0.0,0.0,0.0,8.999999999999999e-08,0.0,0.0,0.0,8.999999999999999e-08
1759811065417610208,169913,1759811065412607296,base_link,-0.042370027927560304,-0.011135196059489124,0.028023102400105408,-0.9986468161674382,1.0,0.0,0.0,0.0,1.0,0.0,0.0,0.0,1.0,0.07247669994831085,-0.02782384864985938,0.3955534100532532,1.2184696791468346e-07,0.0,0.0,0.0,1.2184696791468346e-07,0.0,0.0,0.0,1.2184696791468346e-07,-0.5167631506919861,0.7268428206443799,9.959790229797363,8.999999999999999e-08,0.0,0.0,0.0,8.999999999999999e-08,0.0,0.0,0.0,8.999999999999999e-08
1759811065430503456,169914,1759811065417607296,base_link,-0.04270052375724749,-0.010847442402548044,0.027269306014488112,-0.9986568049705353,1.0,0.0,0.0,0.0,1.0,0.0,0.0,0.0,1.0,0.08299928903579712,-0.05504086613655086,0.3341764509677887,1.2184696791468346e-07,0.0,0.0,0.0,1.2184696791468346e-07,0.0,0.0,0.0,1.2184696791468346e-07,-0.531366765499115,0.5251369476318372,9.545743942260742,8.999999999999999e-08,0.0,0.0,0.0,8.999999999999999e-08,0.0,0.0,0.0,8.999999999999999e-08
1759811065430527392,169915,1759811065422607296,base_link,-0.04288321717465206,-0.01070419316699361,0.026772141789453613,-0.9986639699347821,1.0,0.0,0.0,0.0,1.0,0.0,0.0,0.0,1.0,0.10918519645929337,-0.07158800214529035,0.17971302568912506,1.2184696791468346e-07,0.0,0.0,0.0,1.2184696791468346e-07,0.0,0.0,0.0,1.2184696791468346e-07,-0.33087027072906494,0.15948334336280942,9.706635475158691,8.999999999999999e-08,0.0,0.0,0.0,8.999999999999999e-08,0.0,0.0,0.0,8.999999999999999e-08
1759811065438886944,169916,1759811065433607296,base_link,-0.04360016931213678,-0.010368148441282157,0.0280613717385533,-0.9986011289836524,1.0,0.0,0.0,0.0,1.0,0.0,0.0,0.0,1.0,0.12891387939453125,-0.07080451399087909,-0.252887487411499,1.2184696791468346e-07,0.0,0.0,0.0,1.2184696791468346e-07,0.0,0.0,0.0,1.2184696791468346e-07,-1.178420066833496,-1.0847018957138048,10.020478248596191,8.999999999999999e-08,0.0,0.0,0.0,8.999999999999999e-08,0.0,0.0,0.0,8.999999999999999e-08
1759811065446767264,169917,1759811065442607296,base_link,-0.04379574649429552,-0.010442074013570264,0.029427941154670557,-0.9985524072267737,1.0,0.0,0.0,0.0,1.0,0.0,0.0,0.0,1.0,0.11346752941608429,-0.014430331997573438,-0.5150280594825745,1.2184696791468346e-07,0.0,0.0,0.0,1.2184696791468346e-07,0.0,0.0,0.0,1.2184696791468346e-07,-0.26792752742767334,1.4386311769485485,9.854063034057617,8.999999999999999e-08,0.0,0.0,0.0,8.999999999999999e-08,0.0,0.0,0.0,8.999999999999999e-08
1759811065453180256,169918,1759811065449607296,base_link,-0.0441608567404113,-0.010563333130914138,0.030918127277470252,-0.9984900720378261,1.0,0.0,0.0,0.0,1.0,0.0,0.0,0.0,1.0,0.06477135419845581,0.011324856430292102,-0.22972151637077332,1.2184696791468346e-07,0.0,0.0,0.0,1.2184696791468346e-07,0.0,0.0,0.0,1.2184696791468346e-07,0.891686201095581,2.987526893615724,10.352167129516602,8.999999999999999e-08,0.0,0.0,0.0,8.999999999999999e-08,0.0,0.0,0.0,8.999999999999999e-08
1759811065460575776,169919,1759811065454607296,base_link,-0.04425259594164034,-0.01063754187734068,0.030476428305076082,-0.9984987542886195,1.0,0.0,0.0,0.0,1.0,0.0,0.0,0.0,1.0,0.0072612036019563675,0.02670961432158948,0.09010765701532364,1.2184696791468346e-07,0.0,0.0,0.0,1.2184696791468346e-07,0.0,0.0,0.0,1.2184696791468346e-07,0.26851293444633484,1.705884337425233,9.663317680358887,8.999999999999999e-08,0.0,0.0,0.0,8.999999999999999e-08,0.0,0.0,0.0,8.999999999999999e-08
1759811065473030336,169920,1759811065465606528,base_link,-0.044289581118297665,-0.010433186296890528,0.028575900465174338,-0.9985555260935636,1.0,0.0,0.0,0.0,1.0,0.0,0.0,0.0,1.0,0.0031527697574347258,-0.02908795699477191,0.406911700963974,1.2184696791468346e-07,0.0,0.0,0.0,1.2184696791468346e-07,0.0,0.0,0.0,1.2184696791468346e-07,-0.20740234851837158,1.5513325929641737,10.200186729431152,8.999999999999999e-08,0.0,0.0,0.0,8.999999999999999e-08,0.0,0.0,0.0,8.999999999999999e-08
1759811065480335776,169921,1759811065475606528,base_link,-0.04436202891670986,-0.010061532752543434,0.027455721525451803,-0.9985875576984319,1.0,0.0,0.0,0.0,1.0,0.0,0.0,0.0,1.0,0.02663559280335903,-0.05348905920982359,0.19257409870624542,1.2184696791468346e-07,0.0,0.0,0.0,1.2184696791468346e-07,0.0,0.0,0.0,1.2184696791468346e-07,-0.4190618395805359,-0.18166075646877167,9.902762413024902,8.999999999999999e-08,0.0,0.0,0.0,8.999999999999999e-08,0.0,0.0,0.0,8.999999999999999e-08
1759811065490579552,169922,1759811065486606528,base_link,-0.04480797550118052,-0.009880205156448425,0.028521278149504177,-0.9985395945848264,1.0,0.0,0.0,0.0,1.0,0.0,0.0,0.0,1.0,0.0637846440076828,-0.045568622648716,-0.20797401666641235,1.2184696791468346e-07,0.0,0.0,0.0,1.2184696791468346e-07,0.0,0.0,0.0,1.2184696791468346e-07,-0.7200832366943359,-0.7521539330482471,9.763431549072266,8.999999999999999e-08,0.0,0.0,0.0,8.999999999999999e-08,0.0,0.0,0.0,8.999999999999999e-08
1759811065496730816,169923,1759811065491606528,base_link,-0.044889358431477025,-0.01011682546652268,0.02953061087764308,-0.9985041912320773,1.0,0.0,0.0,0.0,1.0,0.0,0.0,0.0,1.0,0.042346563190221786,0.022895472124218892,-0.39087602496147156,1.2184696791468346e-07,0.0,0.0,0.0,1.2184696791468346e-07,0.0,0.0,0.0,1.2184696791468346e-07,-0.2523263990879059,2.5184051990509047,9.945147514343262,8.999999999999999e-08,0.0,0.0,0.0,8.999999999999999e-08,0.0,0.0,0.0,8.999999999999999e-08
1759811065502882368,169924,1759811065496606528,base_link,-0.04495517863796088,-0.010223201477986143,0.03019404442005305,-0.9984802939689716,1.0,0.0,0.0,0.0,1.0,0.0,0.0,0.0,1.0,0.009876913391053677,0.0517989061772823,-0.2625933885574341,1.2184696791468346e-07,0.0,0.0,0.0,1.2184696791468346e-07,0.0,0.0,0.0,1.2184696791468346e-07,0.6086326241493225,2.360381364822389,9.712847709655762,8.999999999999999e-08,0.0,0.0,0.0,8.999999999999999e-08,0.0,0.0,0.0,8.999999999999999e-08
1759811065508966496,169925,1759811065502606528,base_link,-0.04471320304394771,-0.010343188287340597,0.03029949583502731,-0.9984867002899454,1.0,0.0,0.0,0.0,1.0,0.0,0.0,0.0,1.0,-0.04489064961671829,0.04415756464004515,-0.10324223339557648,1.2184696791468346e-07,0.0,0.0,0.0,1.2184696791468346e-07,0.0,0.0,0.0,1.2184696791468346e-07,0.6413133144378662,2.144634246826173,10.26480484008789,8.999999999999999e-08,0.0,0.0,0.0,8.999999999999999e-08,0.0,0.0,0.0,8.999999999999999e-08
1759811065519102144,169926,1759811065512606528,base_link,-0.0444174612421248,-0.010298678581135059,0.02865395642861651,-0.9985489511851959,1.0,0.0,0.0,0.0,1.0,0.0,0.0,0.0,1.0,-0.06727539002895355,0.0012312113540247527,0.36296704411506653,1.2184696791468346e-07,0.0,0.0,0.0,1.2184696791468346e-07,0.0,0.0,0.0,1.2184696791468346e-07,-0.022456791251897812,1.8341969251632702,9.610325813293457,8.999999999999999e-08,0.0,0.0,0.0,8.999999999999999e-08,0.0,0.0,0.0,8.999999999999999e-08
1759811065524066592,169927,1759811065517606528,base_link,-0.04438058801803383,-0.01013943198239271,0.027265091329636986,-0.9985911401805553,1.0,0.0,0.0,0.0,1.0,0.0,0.0,0.0,1.0,-0.0537189282476902,-0.04486422613263124,0.49844035506248474,1.2184696791468346e-07,0.0,0.0,0.0,1.2184696791468346e-07,0.0,0.0,0.0,1.2184696791468346e-07,-0.20054253935813904,1.5789476633071913,10.152107238769531,8.999999999999999e-08,0.0,0.0,0.0,8.999999999999999e-08,0.0,0.0,0.0,8.999999999999999e-08
1759811065531854752,169928,1759811065523606528,base_link,-0.044258592647930035,-0.010068600252203106,0.02626482017392797,-0.9986240568692423,1.0,0.0,0.0,0.0,1.0,0.0,0.0,0.0,1.0,-0.04751669242978096,-0.028742255643010098,0.3516805171966553,1.2184696791468346e-07,0.0,0.0,0.0,1.2184696791468346e-07,0.0,0.0,0.0,1.2184696791468346e-07,-0.45588481426239014,-0.04414522275328523,9.233591079711914,8.999999999999999e-08,0.0,0.0,0.0,8.999999999999999e-08,0.0,0.0,0.0,8.999999999999999e-08
1759811065536897280,169929,1759811065528606528,base_link,-0.044085373051817305,-0.009900577889347378,0.02571627894055865,-0.9986477012512569,1.0,0.0,0.0,0.0,1.0,0.0,0.0,0.0,1.0,-0.019758470356464386,-0.025976104661822305,0.10439155250787735,1.2184696791468346e-07,0.0,0.0,0.0,1.2184696791468346e-07,0.0,0.0,0.0,1.2184696791468346e-07,-0.7093284726142883,-0.20553602278232452,10.085474014282227,8.999999999999999e-08,0.0,0.0,0.0,8.999999999999999e-08,0.0,0.0,0.0,8.999999999999999e-08
1759811065552246176,169930,1759811065539606528,base_link,-0.044037665453481006,-0.009985553838479435,0.02653186260609298,-0.9986275972045172,1.0,0.0,0.0,0.0,1.0,0.0,0.0,0.0,1.0,-0.018779808655381203,0.0025896881707012437,-0.1767948418855667,1.2184696791468346e-07,0.0,0.0,0.0,1.2184696791468346e-07,0.0,0.0,0.0,1.2184696791468346e-07,-0.4949282705783844,0.5677841901779187,9.595785140991211,8.999999999999999e-08,0.0,0.0,0.0,8.999999999999999e-08,0.0,0.0,0.0,8.999999999999999e-08
1759811065561579104,169931,1759811065549606528,base_link,-0.04384029966443859,-0.0103513805810199,0.02780731053572964,-0.9985978415294685,1.0,0.0,0.0,0.0,1.0,0.0,0.0,0.0,1.0,-0.07208781689405441,0.08417746424674988,0.024391384795308103,1.2184696791468346e-07,0.0,0.0,0.0,1.2184696791468346e-07,0.0,0.0,0.0,1.2184696791468346e-07,0.4195519983768463,1.9913277626037609,9.384269714355469,8.999999999999999e-08,0.0,0.0,0.0,8.999999999999999e-08,0.0,0.0,0.0,8.999999999999999e-08
1759811065563905280,169932,1759811065560604736,base_link,-0.04331176896448886,-0.01058843421338041,0.027014233287300182,-0.998640199112222,1.0,0.0,0.0,0.0,1.0,0.0,0.0,0.0,1.0,-0.09283236414194107,0.05762815847992899,0.15797139704227448,1.2184696791468346e-07,0.0,0.0,0.0,1.2184696791468346e-07,0.0,0.0,0.0,1.2184696791468346e-07,0.3263589143753052,2.0925250053405775,9.601386070251465,8.999999999999999e-08,0.0,0.0,0.0,8.999999999999999e-08,0.0,0.0,0.0,8.999999999999999e-08
1759811065572917120,169933,1759811065569604736,base_link,-0.04312156287133723,-0.010597082219859237,0.02582021306898652,-0.9986799857372163,1.0,0.0,0.0,0.0,1.0,0.0,0.0,0.0,1.0,-0.09927394986152649,0.0006945417262614354,0.4747120141983032,1.2184696791468346e-07,0.0,0.0,0.0,1.2184696791468346e-07,0.0,0.0,0.0,1.2184696791468346e-07,0.27085572481155396,1.8892562389373793,10.162888526916504,8.999999999999999e-08,0.0,0.0,0.0,8.999999999999999e-08,0.0,0.0,0.0,8.999999999999999e-08
1759811065581261888,169934,1759811065576604736,base_link,-0.042701595867706485,-0.010409950212470867,0.023606449850951835,-0.9987547120996261,1.0,0.0,0.0,0.0,1.0,0.0,0.0,0.0,1.0,-0.08882632851600647,-0.009180849418044042,0.4005565047264099,1.2184696791468346e-07,0.0,0.0,0.0,1.2184696791468346e-07,0.0,0.0,0.0,1.2184696791468346e-07,-0.5030916929244995,-0.0807213708758343,9.20827865600586,8.999999999999999e-08,0.0,0.0,0.0,8.999999999999999e-08,0.0,0.0,0.0,8.999999999999999e-08
1759811065590035008,169935,1759811065581604736,base_link,-0.04246931404885083,-0.010264411876206685,0.02321389410392135,-0.9987753640553964,1.0,0.0,0.0,0.0,1.0,0.0,0.0,0.0,1.0,-0.050837717950344086,-0.02019864320755003,0.14670398831367493,1.2184696791468346e-07,0.0,0.0,0.0,1.2184696791468346e-07,0.0,0.0,0.0,1.2184696791468346e-07,-0.7559925317764282,-0.415224105119704,10.05685043334961,8.999999999999999e-08,0.0,0.0,0.0,8.999999999999999e-08,0.0,0.0,0.0,8.999999999999999e-08
1759811065597452128,169936,1759811065592604736,base_link,-0.042208371055918736,-0.010451345003153645,0.02469451289210906,-0.9987489801282285,1.0,0.0,0.0,0.0,1.0,0.0,0.0,0.0,1.0,-0.04619660973548889,0.02299489639699455,-0.33633822202682495,1.2184696791468346e-07,0.0,0.0,0.0,1.2184696791468346e-07,0.0,0.0,0.0,1.2184696791468346e-07,-0.8330722451210022,0.9908546209335339,9.820831298828125,8.999999999999999e-08,0.0,0.0,0.0,8.999999999999999e-08,0.0,0.0,0.0,8.999999999999999e-08
1759811065608041600,169937,1759811065602604736,base_link,-0.041914076734924366,-0.011085738049850606,0.026557740771078683,-0.9987066646923237,1.0,0.0,0.0,0.0,1.0,0.0,0.0,0.0,1.0,-0.05215531215071678,0.11398690193891521,-0.33457624912261963,1.2184696791468346e-07,0.0,0.0,0.0,1.2184696791468346e-07,0.0,0.0,0.0,1.2184696791468346e-07,0.8862401843070984,3.03437638282776,9.56639289855957,8.999999999999999e-08,0.0,0.0,0.0,8.999999999999999e-08,0.0,0.0,0.0,8.999999999999999e-08
1759811065619184256,169938,1759811065607604736,base_link,-0.0414920116084912,-0.011245523338000484,0.026343339752703778,-0.9987282017319127,1.0,0.0,0.0,0.0,1.0,0.0,0.0,0.0,1.0,-0.11719048023223877,0.0893557071685791,-0.029404930770397197,1.2184696791468346e-07,0.0,0.0,0.0,1.2184696791468346e-07,0.0,0.0,0.0,1.2184696791468346e-07,0.8307453393936157,2.311670541763307,10.674519538879395,8.999999999999999e-08,0.0,0.0,0.0,8.999999999999999e-08,0.0,0.0,0.0,8.999999999999999e-08
1759811065623648320,169939,1759811065617604736,base_link,-0.04110386284130815,-0.01151961746475699,0.02556425525797986,-0.9987613713016907,1.0,0.0,0.0,0.0,1.0,0.0,0.0,0.0,1.0,-0.15514639019966125,0.05900072678923611,0.3456583023071289,1.2184696791468346e-07,0.0,0.0,0.0,1.2184696791468346e-07,0.0,0.0,0.0,1.2184696791468346e-07,-0.26092392206192017,1.153273344039918,9.641408920288086,8.999999999999999e-08,0.0,0.0,0.0,8.999999999999999e-08,0.0,0.0,0.0,8.999999999999999e-08
1759811065630834304,169940,1759811065618604736,base_link,-0.0408232557093677,-0.011446090970440718,0.024358897537416824,-0.9988038974718383,1.0,0.0,0.0,0.0,1.0,0.0,0.0,0.0,1.0,-0.13876618444919586,0.009056201204657608,0.43394821882247925,1.2184696791468346e-07,0.0,0.0,0.0,1.2184696791468346e-07,0.0,0.0,0.0,1.2184696791468346e-07,-1.0516650676727295,1.3549411296844494,9.781840324401855,8.999999999999999e-08,0.0,0.0,0.0,8.999999999999999e-08,0.0,0.0,0.0,8.999999999999999e-08
1759811065635125376,169941,1759811065629604736,base_link,-0.04034387745440479,-0.011446696831388062,0.022461067095819756,-0.9988678342410293,1.0,0.0,0.0,0.0,1.0,0.0,0.0,0.0,1.0,-0.1064714640378952,-0.009681854397058456,0.252417653799057,1.2184696791468346e-07,0.0,0.0,0.0,1.2184696791468346e-07,0.0,0.0,0.0,1.2184696791468346e-07,-0.36282879114151,0.7750575542449962,9.050227165222168,8.999999999999999e-08,0.0,0.0,0.0,8.999999999999999e-08,0.0,0.0,0.0,8.999999999999999e-08
1759811065638752256,169942,1759811065634604736,base_link,-0.040044808685727545,-0.011398554593676493,0.02226462063491047,-0.9988848194209792,1.0,0.0,0.0,0.0,1.0,0.0,0.0,0.0,1.0,-0.05655669420957565,-0.0007607899606227776,0.08034799247980118,1.2184696791468346e-07,0.0,0.0,0.0,1.2184696791468346e-07,0.0,0.0,0.0,1.2184696791468346e-07,-0.7538098692893982,-0.745650529861449,10.070087432861328,8.999999999999999e-08,0.0,0.0,0.0,8.999999999999999e-08,0.0,0.0,0.0,8.999999999999999e-08
1759811065650042016,169943,1759811065644604736,base_link,-0.03973959701387984,-0.01182937441079879,0.024086755336581948,-0.9988497110961696,1.0,0.0,0.0,0.0,1.0,0.0,0.0,0.0,1.0,-0.062473148107528687,0.07934210449457163,-0.4150603115558624,1.2184696791468346e-07,0.0,0.0,0.0,1.2184696791468346e-07,0.0,0.0,0.0,1.2184696791468346e-07,-1.1047697067260742,0.8535306453704845,9.150351524353027,8.999999999999999e-08,0.0,0.0,0.0,8.999999999999999e-08,0.0,0.0,0.0,8.999999999999999e-08
1759811065658813088,169944,1759811065655604736,base_link,-0.039346569748981666,-0.012698381840998689,0.02556290655882751,-0.9988179323723925,1.0,0.0,0.0,0.0,1.0,0.0,0.0,0.0,1.0,-0.07088186591863632,0.14581765234470365,-0.3117564022541046,1.2184696791468346e-07,0.0,0.0,0.0,1.2184696791468346e-07,0.0,0.0,0.0,1.2184696791468346e-07,0.3693111538887024,1.7224767208099376,9.79483699798584,8.999999999999999e-08,0.0,0.0,0.0,8.999999999999999e-08,0.0,0.0,0.0,8.999999999999999e-08
1759811065672249504,169945,1759811065660604224,base_link,-0.03893685628334021,-0.012963299808580962,0.025192056438780155,-0.9988399751741636,1.0,0.0,0.0,0.0,1.0,0.0,0.0,0.0,1.0,-0.1226763129234314,0.11847113817930223,0.1349556893110275,1.2184696791468346e-07,0.0,0.0,0.0,1.2184696791468346e-07,0.0,0.0,0.0,1.2184696791468346e-07,0.4524347186088562,2.029763698577882,10.142618179321289,8.999999999999999e-08,0.0,0.0,0.0,8.999999999999999e-08,0.0,0.0,0.0,8.999999999999999e-08
1759811065687365216,169946,1759811065666604224,base_link,-0.0385918474497861,-0.01315444103493393,0.02420354425380566,-0.9988752942332157,1.0,0.0,0.0,0.0,1.0,0.0,0.0,0.0,1.0,-0.1419292390346527,0.07775830477476124,0.34767967462539673,1.2184696791468346e-07,0.0,0.0,0.0,1.2184696791468346e-07,0.0,0.0,0.0,1.2184696791468346e-07,-0.535576581954956,0.5557850003242505,9.845599174499512,8.999999999999999e-08,0.0,0.0,0.0,8.999999999999999e-08,0.0,0.0,0.0,8.999999999999999e-08
1759811065687374496,169947,1759811065676604224,base_link,-0.03819478725832103,-0.013091847696539188,0.02199745176219991,-0.9989424341628936,1.0,0.0,0.0,0.0,1.0,0.0,0.0,0.0,1.0,-0.056283947080373764,-0.021338449791073747,0.41322755813598633,1.2184696791468346e-07,0.0,0.0,0.0,1.2184696791468346e-07,0.0,0.0,0.0,1.2184696791468346e-07,-0.19470356404781342,0.33325347304344305,10.242788314819336,8.999999999999999e-08,0.0,0.0,0.0,8.999999999999999e-08,0.0,0.0,0.0,8.999999999999999e-08
1759811065691971264,169948,1759811065687604224,base_link,-0.03810638029230238,-0.01289648519989005,0.020869138480714807,-0.9989724848658819,1.0,0.0,0.0,0.0,1.0,0.0,0.0,0.0,1.0,-0.0061378199607133865,-0.023881742730736722,0.09478026628494263,1.2184696791468346e-07,0.0,0.0,0.0,1.2184696791468346e-07,0.0,0.0,0.0,1.2184696791468346e-07,-1.2925474643707275,-1.1282190084457386,9.599327087402344,8.999999999999999e-08,0.0,0.0,0.0,8.999999999999999e-08,0.0,0.0,0.0,8.999999999999999e-08
1759811065698696960,169949,1759811065692604224,base_link,-0.038067374701094565,-0.013036964597243909,0.021414223672506175,-0.9989606416014503,1.0,0.0,0.0,0.0,1.0,0.0,0.0,0.0,1.0,-0.003819921985268593,0.002831644378602498,-0.055445607751607895,1.2184696791468346e-07,0.0,0.0,0.0,1.2184696791468346e-07,0.0,0.0,0.0,1.2184696791468346e-07,-1.3558387756347656,-1.636675477027892,9.862614631652832,8.999999999999999e-08,0.0,0.0,0.0,8.999999999999999e-08,0.0,0.0,0.0,8.999999999999999e-08
1759811065706807328,169950,1759811065703604224,base_link,-0.03780998653141657,-0.013404651069474915,0.02369988941410045,-0.9989139850401487,1.0,0.0,0.0,0.0,1.0,0.0,0.0,0.0,1.0,-0.027065224945545197,0.06849838793277735,-0.4540603756904602,1.2184696791468346e-07,0.0,0.0,0.0,1.2184696791468346e-07,0.0,0.0,0.0,1.2184696791468346e-07,0.40507546067237854,1.7381019592285167,9.958508491516113,8.999999999999999e-08,0.0,0.0,0.0,8.999999999999999e-08,0.0,0.0,0.0,8.999999999999999e-08
1759811065711757184,169951,1759811065708604224,base_link,-0.0377319476901316,-0.013578015545379398,0.02400086005931679,-0.9989073679849325,1.0,0.0,0.0,0.0,1.0,0.0,0.0,0.0,1.0,-0.03415070101618767,0.07605404406785961,-0.29225900769233704,1.2184696791468346e-07,0.0,0.0,0.0,1.2184696791468346e-07,0.0,0.0,0.0,1.2184696791468346e-07,1.3191502094268799,2.7600405216217054,9.714563369750977,8.999999999999999e-08,0.0,0.0,0.0,8.999999999999999e-08,0.0,0.0,0.0,8.999999999999999e-08
1759811065719959360,169952,1759811065713604224,base_link,-0.037491378747187484,-0.013675459059136587,0.023712533468653735,-0.9989219929413659,1.0,0.0,0.0,0.0,1.0,0.0,0.0,0.0,1.0,-0.07350806891918182,0.05654537677764893,0.0513177178800106,1.2184696791468346e-07,0.0,0.0,0.0,1.2184696791468346e-07,0.0,0.0,0.0,1.2184696791468346e-07,0.13666076958179474,1.6880272626876842,9.441659927368164,8.999999999999999e-08,0.0,0.0,0.0,8.999999999999999e-08,0.0,0.0,0.0,8.999999999999999e-08
1759811065730638624,169953,1759811065724604224,base_link,-0.03732949533623517,-0.013505267450671566,0.02152684005172732,-0.9989798605643713,1.0,0.0,0.0,0.0,1.0,0.0,0.0,0.0,1.0,-0.03877924755215645,-0.038403924554586355,0.44475844502449036,1.2184696791468346e-07,0.0,0.0,0.0,1.2184696791468346e-07,0.0,0.0,0.0,1.2184696791468346e-07,-1.260840892791748,0.7279872298240674,9.618666648864746,8.999999999999999e-08,0.0,0.0,0.0,8.999999999999999e-08,0.0,0.0,0.0,8.999999999999999e-08
1759811065734032608,169954,1759811065729604224,base_link,-0.037299414340199524,-0.013041224063121542,0.02042179183062015,-0.9990103327358446,1.0,0.0,0.0,0.0,1.0,0.0,0.0,0.0,1.0,-0.012471999041736126,-0.12130378931760782,0.44266703724861145,1.2184696791468346e-07,0.0,0.0,0.0,1.2184696791468346e-07,0.0,0.0,0.0,1.2184696791468346e-07,-0.3381692171096802,0.08088857680559294,11.127641677856445,8.999999999999999e-08,0.0,0.0,0.0,8.999999999999999e-08,0.0,0.0,0.0,8.999999999999999e-08
1759811065741025760,169955,1759811065734604224,base_link,-0.037258612239573934,-0.012818766411235962,0.01965539353729806,-0.9990301417546448,1.0,0.0,0.0,0.0,1.0,0.0,0.0,0.0,1.0,0.003119230270385742,-0.11141164600849147,0.29066652059555054,1.2184696791468346e-07,0.0,0.0,0.0,1.2184696791468346e-07,0.0,0.0,0.0,1.2184696791468346e-07,-0.5464110374450684,-0.04830247536301506,8.710332870483398,8.999999999999999e-08,0.0,0.0,0.0,8.999999999999999e-08,0.0,0.0,0.0,8.999999999999999e-08
1759811065749050976,169956,1759811065740604224,base_link,-0.03738093161357566,-0.012358761218608889,0.019403186795808852,-0.9990362951945274,1.0,0.0,0.0,0.0,1.0,0.0,0.0,0.0,1.0,0.04045052453875542,-0.11810790002346037,0.10209601372480394,1.2184696791468346e-07,0.0,0.0,0.0,1.2184696791468346e-07,0.0,0.0,0.0,1.2184696791468346e-07,-0.9970728754997253,-0.6102812290191638,9.8731689453125,8.999999999999999e-08,0.0,0.0,0.0,8.999999999999999e-08,0.0,0.0,0.0,8.999999999999999e-08
1759811065759154752,169957,1759811065750604224,base_link,-0.037521765307874815,-0.012159859703773854,0.0211503422539795,-0.9989980258560794,1.0,0.0,0.0,0.0,1.0,0.0,0.0,0.0,1.0,0.03443998843431473,-0.04899720102548604,-0.4041425585746765,1.2184696791468346e-07,0.0,0.0,0.0,1.2184696791468346e-07,0.0,0.0,0.0,1.2184696791468346e-07,-1.2453277111053467,0.8916328549385082,9.193477630615234,8.999999999999999e-08,0.0,0.0,0.0,8.999999999999999e-08,0.0,0.0,0.0,8.999999999999999e-08
1759811065766563040,169958,1759811065760603968,base_link,-0.03756250550531666,-0.012066736241989033,0.022291636764805993,-0.9989727798938215,1.0,0.0,0.0,0.0,1.0,0.0,0.0,0.0,1.0,0.03365250676870346,-0.021375752985477496,-0.38453322649002075,1.2184696791468346e-07,0.0,0.0,0.0,1.2184696791468346e-07,0.0,0.0,0.0,1.2184696791468346e-07,0.6833450198173523,1.4742128849029554,10.839715957641602,8.999999999999999e-08,0.0,0.0,0.0,8.999999999999999e-08,0.0,0.0,0.0,8.999999999999999e-08
1759811065773518944,169959,1759811065766603968,base_link,-0.037514001068125705,-0.011819591073588199,0.022280889318435707,-0.9989777953687943,1.0,0.0,0.0,0.0,1.0,0.0,0.0,0.0,1.0,-0.017402108758687973,-0.05305571854114532,0.06949921697378159,1.2184696791468346e-07,0.0,0.0,0.0,1.2184696791468346e-07,0.0,0.0,0.0,1.2184696791468346e-07,0.573473334312439,1.9312106370925914,9.361001014709473,8.999999999999999e-08,0.0,0.0,0.0,8.999999999999999e-08,0.0,0.0,0.0,8.999999999999999e-08
1759811065777276000,169960,1759811065771603968,base_link,-0.03749160660358724,-0.011567082718714353,0.02133519833154827,-0.9990022405409306,1.0,0.0,0.0,0.0,1.0,0.0,0.0,0.0,1.0,0.0026899841614067554,-0.10657410323619838,0.3624211251735687,1.2184696791468346e-07,0.0,0.0,0.0,1.2184696791468346e-07,0.0,0.0,0.0,1.2184696791468346e-07,-1.1408369541168213,0.9210895299911511,9.652929306030273,8.999999999999999e-08,0.0,0.0,0.0,8.999999999999999e-08,0.0,0.0,0.0,8.999999999999999e-08
1759811065783840448,169961,1759811065777603968,base_link,-0.03750019534106035,-0.011147367279085661,0.020195842575753277,-0.9990303524888874,1.0,0.0,0.0,0.0,1.0,0.0,0.0,0.0,1.0,-0.00046206091064959764,-0.127142384648323,0.41868314146995544,1.2184696791468346e-07,0.0,0.0,0.0,1.2184696791468346e-07,0.0,0.0,0.0,1.2184696791468346e-07,-1.1244392395019531,0.8376786708831799,9.982002258300781,8.999999999999999e-08,0.0,0.0,0.0,8.999999999999999e-08,0.0,0.0,0.0,8.999999999999999e-08
1759811065793243904,169962,1759811065787603968,base_link,-0.037732769553677555,-0.010219501774940298,0.018561134909409718,-0.9990632270307258,1.0,0.0,0.0,0.0,1.0,0.0,0.0,0.0,1.0,0.04879137501120567,-0.16317439079284665,0.2714405655860901,1.2184696791468346e-07,0.0,0.0,0.0,1.2184696791468346e-07,0.0,0.0,0.0,1.2184696791468346e-07,-0.2613773047924042,-0.14659723639488112,8.86086654663086,8.999999999999999e-08,0.0,0.0,0.0,8.999999999999999e-08,0.0,0.0,0.0,8.999999999999999e-08
1759811065800300352,169963,1759811065797603968,base_link,-0.03800994040037536,-0.009658250632566945,0.018784976821851106,-0.9990540811645989,1.0,0.0,0.0,0.0,1.0,0.0,0.0,0.0,1.0,0.08726030588150024,-0.13800995051860812,-0.14301696419715879,1.2184696791468346e-07,0.0,0.0,0.0,1.2184696791468346e-07,0.0,0.0,0.0,1.2184696791468346e-07,-1.1490201950073242,-1.42381715774536,10.220788955688477,8.999999999999999e-08,0.0,0.0,0.0,8.999999999999999e-08,0.0,0.0,0.0,8.999999999999999e-08
1759811065805999072,169964,1759811065798603968,base_link,-0.03818295453060159,-0.009457546022869051,0.019792876557140585,-0.9990299731672507,1.0,0.0,0.0,0.0,1.0,0.0,0.0,0.0,1.0,0.08719614893198013,-0.129416972398758,-0.4430665969848633,1.2184696791468346e-07,0.0,0.0,0.0,1.2184696791468346e-07,0.0,0.0,0.0,1.2184696791468346e-07,-1.3291850090026855,-0.9784924387931812,10.157869338989258,8.999999999999999e-08,0.0,0.0,0.0,8.999999999999999e-08,0.0,0.0,0.0,8.999999999999999e-08
1759811065815886624,169965,1759811065808603968,base_link,-0.03877711709330589,-0.009175891805160907,0.022274314410068007,-0.998957480587812,1.0,0.0,0.0,0.0,1.0,0.0,0.0,0.0,1.0,0.1261383444070816,-0.06252644956111914,-0.4434347450733185,1.2184696791468346e-07,0.0,0.0,0.0,1.2184696791468346e-07,0.0,0.0,0.0,1.2184696791468346e-07,0.9457656741142273,1.9266731739044203,10.47333812713623,8.999999999999999e-08,0.0,0.0,0.0,8.999999999999999e-08,0.0,0.0,0.0,8.999999999999999e-08
1759811065822160480,169966,1759811065814603968,base_link,-0.03882260539665029,-0.009082298142597386,0.0225026238884515,-0.9989514535884749,1.0,0.0,0.0,0.0,1.0,0.0,0.0,0.0,1.0,0.06368555873632431,-0.05118365213274958,-0.17890191078186035,1.2184696791468346e-07,0.0,0.0,0.0,1.2184696791468346e-07,0.0,0.0,0.0,1.2184696791468346e-07,1.1899962425231934,2.5112380981445326,10.111485481262207,8.999999999999999e-08,0.0,0.0,0.0,8.999999999999999e-08,0.0,0.0,0.0,8.999999999999999e-08
1759811065829919392,169967,1759811065824603968,base_link,-0.038962980743971885,-0.008605253769370769,0.020991364341396396,-0.9989831058717067,1.0,0.0,0.0,0.0,1.0,0.0,0.0,0.0,1.0,0.029373880475759506,-0.06979958713054653,0.35065311193466187,1.2184696791468346e-07,0.0,0.0,0.0,1.2184696791468346e-07,0.0,0.0,0.0,1.2184696791468346e-07,-0.5024082660675049,1.5159854888916027,9.57045841217041,8.999999999999999e-08,0.0,0.0,0.0,8.999999999999999e-08,0.0,0.0,0.0,8.999999999999999e-08
1759811065841168160,169968,1759811065835603968,base_link,-0.039295294156501105,-0.007915967086666401,0.019123500309090602,-0.9990132830152404,1.0,0.0,0.0,0.0,1.0,0.0,0.0,0.0,1.0,0.05068086460232735,-0.1110412701964378,0.3610358238220215,1.2184696791468346e-07,0.0,0.0,0.0,1.2184696791468346e-07,0.0,0.0,0.0,1.2184696791468346e-07,0.22875812649726868,0.4850175678730023,10.065855026245117,8.999999999999999e-08,0.0,0.0,0.0,8.999999999999999e-08,0.0,0.0,0.0,8.999999999999999e-08
1759811065846855648,169969,1759811065840603968,base_link,-0.03939483447597171,-0.007716301660202103,0.018715308081262573,-0.9990186356650013,1.0,0.0,0.0,0.0,1.0,0.0,0.0,0.0,1.0,0.0841926783323288,-0.07387412339448927,0.1254929155111313,1.2184696791468346e-07,0.0,0.0,0.0,1.2184696791468346e-07,0.0,0.0,0.0,1.2184696791468346e-07,-0.2695949375629425,-0.39908224344253435,8.801459312438965,8.999999999999999e-08,0.0,0.0,0.0,8.999999999999999e-08,0.0,0.0,0.0,8.999999999999999e-08
1759811065852612480,169970,1759811065845603968,base_link,-0.039647035949104834,-0.00753282062356599,0.019213525977509832,-0.9990006389606871,1.0,0.0,0.0,0.0,1.0,0.0,0.0,0.0,1.0,0.09823064506053925,-0.056864142417907736,-0.1615409553050995,1.2184696791468346e-07,0.0,0.0,0.0,1.2184696791468346e-07,0.0,0.0,0.0,1.2184696791468346e-07,-0.45571064949035645,-1.202029705047606,10.334723472595215,8.999999999999999e-08,0.0,0.0,0.0,8.999999999999999e-08,0.0,0.0,0.0,8.999999999999999e-08
1759811065860864672,169971,1759811065851603968,base_link,-0.04000815541550224,-0.007544732376626381,0.020282875817928262,-0.998964982726847,1.0,0.0,0.0,0.0,1.0,0.0,0.0,0.0,1.0,0.08122827857732773,-0.0061438176780939675,-0.46514877676963806,1.2184696791468346e-07,0.0,0.0,0.0,1.2184696791468346e-07,0.0,0.0,0.0,1.2184696791468346e-07,-0.499264657497406,-0.5279312729835499,9.499042510986328,8.999999999999999e-08,0.0,0.0,0.0,8.999999999999999e-08,0.0,0.0,0.0,8.999999999999999e-08
1759811065865235904,169972,1759811065860605248,base_link,-0.04014350475113892,-0.007713040547798571,0.02162681237639514,-0.9989301272831284,1.0,0.0,0.0,0.0,1.0,0.0,0.0,0.0,1.0,0.11294357478618622,0.05071932449936862,-0.42422473430633545,1.2184696791468346e-07,0.0,0.0,0.0,1.2184696791468346e-07,0.0,0.0,0.0,1.2184696791468346e-07,0.12272834777832031,2.237075805664064,9.148241996765137,8.999999999999999e-08,0.0,0.0,0.0,8.999999999999999e-08,0.0,0.0,0.0,8.999999999999999e-08
1759811065872019968,169973,1759811065861605248,base_link,-0.04045405326767931,-0.00788124862020555,0.022269678256731786,-0.9989020996288687,1.0,0.0,0.0,0.0,1.0,0.0,0.0,0.0,1.0,0.03307287395000458,0.08851384371519087,-0.12788251042366028,1.2184696791468346e-07,0.0,0.0,0.0,1.2184696791468346e-07,0.0,0.0,0.0,1.2184696791468346e-07,1.0961222648620605,2.4028587341308607,10.29932975769043,8.999999999999999e-08,0.0,0.0,0.0,8.999999999999999e-08,0.0,0.0,0.0,8.999999999999999e-08
1759811065880216192,169974,1759811065872605248,base_link,-0.040388471454307344,-0.008188300265408557,0.02156548871181176,-0.9989177782565147,1.0,0.0,0.0,0.0,1.0,0.0,0.0,0.0,1.0,-0.001523833256214857,0.048311993479728726,0.2536754608154297,1.2184696791468346e-07,0.0,0.0,0.0,1.2184696791468346e-07,0.0,0.0,0.0,1.2184696791468346e-07,-0.3582037389278412,1.310838818550111,9.388309478759766,8.999999999999999e-08,0.0,0.0,0.0,8.999999999999999e-08,0.0,0.0,0.0,8.999999999999999e-08
1759811065883975776,169975,1759811065877605248,base_link,-0.04056394854099343,-0.008182527464251582,0.02047679346792689,-0.9989336676184034,1.0,0.0,0.0,0.0,1.0,0.0,0.0,0.0,1.0,0.021401220932602882,0.009132118895649959,0.39342108368873596,1.2184696791468346e-07,0.0,0.0,0.0,1.2184696791468346e-07,0.0,0.0,0.0,1.2184696791468346e-07,-0.06089561805129051,1.4652725458145155,10.306981086730957,8.999999999999999e-08,0.0,0.0,0.0,8.999999999999999e-08,0.0,0.0,0.0,8.999999999999999e-08
1759811065892005312,169976,1759811065887605248,base_link,-0.0405611576293686,-0.008146548543602453,0.019390458447558608,-0.9989557104201745,1.0,0.0,0.0,0.0,1.0,0.0,0.0,0.0,1.0,0.015950532630085945,-0.0007603979902341483,0.3909417390823364,1.2184696791468346e-07,0.0,0.0,0.0,1.2184696791468346e-07,0.0,0.0,0.0,1.2184696791468346e-07,0.2516595721244812,1.1024305820465101,9.987548828125,8.999999999999999e-08,0.0,0.0,0.0,8.999999999999999e-08,0.0,0.0,0.0,8.999999999999999e-08
1759811065896161984,169977,1759811065888605248,base_link,-0.040605489528556984,-0.008106304888719627,0.01872222016441837,-0.998966963628727,1.0,0.0,0.0,0.0,1.0,0.0,0.0,0.0,1.0,0.02074606530368328,0.01947279833257201,0.2243424355983734,1.2184696791468346e-07,0.0,0.0,0.0,1.2184696791468346e-07,0.0,0.0,0.0,1.2184696791468346e-07,0.11800184100866318,-0.3276903927326191,9.522403717041016,8.999999999999999e-08,0.0,0.0,0.0,8.999999999999999e-08,0.0,0.0,0.0,8.999999999999999e-08
1759811065909551360,169978,1759811065899605248,base_link,-0.04082503377953924,-0.00832154752697575,0.019468387970455223,-0.9989420126944085,1.0,0.0,0.0,0.0,1.0,0.0,0.0,0.0,1.0,0.05083029344677925,0.025272756814956648,-0.1539708375930786,1.2184696791468346e-07,0.0,0.0,0.0,1.2184696791468346e-07,0.0,0.0,0.0,1.2184696791468346e-07,-1.0198098421096802,-1.4678735733032215,9.345791816711426,8.999999999999999e-08,0.0,0.0,0.0,8.999999999999999e-08,0.0,0.0,0.0,8.999999999999999e-08
1759811065909565216,169979,1759811065904605248,base_link,-0.04105910815654564,-0.00861793865368353,0.020819615933714473,-0.9989026475378993,1.0,0.0,0.0,0.0,1.0,0.0,0.0,0.0,1.0,0.06490293145179749,0.0730792954564094,-0.4806002676486969,1.2184696791468346e-07,0.0,0.0,0.0,1.2184696791468346e-07,0.0,0.0,0.0,1.2184696791468346e-07,-0.09836596250534058,0.6657723784446729,10.146734237670898,8.999999999999999e-08,0.0,0.0,0.0,8.999999999999999e-08,0.0,0.0,0.0,8.999999999999999e-08
1759811065916979680,169980,1759811065909605248,base_link,-0.04112874396990875,-0.009051199036752411,0.02203167500319079,-0.9988699415834549,1.0,0.0,0.0,0.0,1.0,0.0,0.0,0.0,1.0,0.036099378019571304,0.13222561776638025,-0.4851759672164917,1.2184696791468346e-07,0.0,0.0,0.0,1.2184696791468346e-07,0.0,0.0,0.0,1.2184696791468346e-07,0.6403622627258301,2.497754573822023,9.604467391967773,8.999999999999999e-08,0.0,0.0,0.0,8.999999999999999e-08,0.0,0.0,0.0,8.999999999999999e-08
1759811065919968928,169981,1759811065914605248,base_link,-0.041201652749476535,-0.009454549645357729,0.02285653097539746,-0.9988446956211968,1.0,0.0,0.0,0.0,1.0,0.0,0.0,0.0,1.0,0.02305157668888569,0.152409479022026,-0.3706808388233185,1.2184696791468346e-07,0.0,0.0,0.0,1.2184696791468346e-07,0.0,0.0,0.0,1.2184696791468346e-07,0.6476218104362488,2.1323597431182875,10.07815170288086,8.999999999999999e-08,0.0,0.0,0.0,8.999999999999999e-08,0.0,0.0,0.0,8.999999999999999e-08
1759811065929973568,169982,1759811065925605248,base_link,-0.040867242531233895,-0.010043874540106386,0.022800307079483946,-0.9988539679278692,1.0,0.0,0.0,0.0,1.0,0.0,0.0,0.0,1.0,-0.05791144073009491,0.1056261956691742,0.01260640751570462,1.2184696791468346e-07,0.0,0.0,0.0,1.2184696791468346e-07,0.0,0.0,0.0,1.2184696791468346e-07,-0.3283025026321411,1.6985843181610119,9.170944213867188,8.999999999999999e-08,0.0,0.0,0.0,8.999999999999999e-08,0.0,0.0,0.0,8.999999999999999e-08
1759811065939612608,169983,1759811065930605248,base_link,-0.040942057138607775,-0.010120114237795545,0.021896552206864827,-0.99887036305194,1.0,0.0,0.0,0.0,1.0,0.0,0.0,0.0,1.0,-0.01990099996328354,0.04782759770751003,0.2788320481777191,1.2184696791468346e-07,0.0,0.0,0.0,1.2184696791468346e-07,0.0,0.0,0.0,1.2184696791468346e-07,-0.1516626477241516,1.686994314193727,10.257901191711426,8.999999999999999e-08,0.0,0.0,0.0,8.999999999999999e-08,0.0,0.0,0.0,8.999999999999999e-08
1759811065945941088,169984,1759811065941605248,base_link,-0.0407865128770893,-0.010083932485437958,0.020604667006308947,-0.9989045862929309,1.0,0.0,0.0,0.0,1.0,0.0,0.0,0.0,1.0,-0.004464482422918081,-0.00203664740547535,0.23177607357501984,1.2184696791468346e-07,0.0,0.0,0.0,1.2184696791468346e-07,0.0,0.0,0.0,1.2184696791468346e-07,-0.3263772130012512,-0.40602907538413885,9.601920127868652,8.999999999999999e-08,0.0,0.0,0.0,8.999999999999999e-08,0.0,0.0,0.0,8.999999999999999e-08
1759811065955044288,169985,1759811065950605248,base_link,-0.041113413053762905,-0.010169897568421007,0.02076832321907674,-0.9988869267634047,1.0,0.0,0.0,0.0,1.0,0.0,0.0,0.0,1.0,0.013896841555833817,0.018367247655987722,-0.14721055328845978,1.2184696791468346e-07,0.0,0.0,0.0,1.2184696791468346e-07,0.0,0.0,0.0,1.2184696791468346e-07,-0.5220380425453186,-1.42578625679016,9.486501693725586,8.999999999999999e-08,0.0,0.0,0.0,8.999999999999999e-08,0.0,0.0,0.0,8.999999999999999e-08
1759811065957291648,169986,1759811065951605248,base_link,-0.041028737400926496,-0.010250864298588465,0.02174811100640949,-0.9988686771779995,1.0,0.0,0.0,0.0,1.0,0.0,0.0,0.0,1.0,0.05015868321061134,0.038105998188257176,-0.335711807012558,1.2184696791468346e-07,0.0,0.0,0.0,1.2184696791468346e-07,0.0,0.0,0.0,1.2184696791468346e-07,-0.954164981842041,-0.34992668032646057,10.085533142089844,8.999999999999999e-08,0.0,0.0,0.0,8.999999999999999e-08,0.0,0.0,0.0,8.999999999999999e-08
1759811065963940384,169987,1759811065957604224,base_link,-0.041007068652435835,-0.010481302192821779,0.02296446905443386,-0.9988399330273151,1.0,0.0,0.0,0.0,1.0,0.0,0.0,0.0,1.0,-0.0034403991885483265,0.0789594650268554,-0.5159454345703125,1.2184696791468346e-07,0.0,0.0,0.0,1.2184696791468346e-07,0.0,0.0,0.0,1.2184696791468346e-07,-0.6479995250701904,0.48675611615181086,9.51352310180664,8.999999999999999e-08,0.0,0.0,0.0,8.999999999999999e-08,0.0,0.0,0.0,8.999999999999999e-08
1759811065971965184,169988,1759811065966604224,base_link,-0.04114573968657077,-0.010911055167841143,0.024380013108520785,-0.9987961003048638,1.0,0.0,0.0,0.0,1.0,0.0,0.0,0.0,1.0,-0.008447742089629173,0.11098226159811014,-0.4580909311771393,1.2184696791468346e-07,0.0,0.0,0.0,1.2184696791468346e-07,0.0,0.0,0.0,1.2184696791468346e-07,-0.3452872931957245,2.127542734146119,8.985177993774414,8.999999999999999e-08,0.0,0.0,0.0,8.999999999999999e-08,0.0,0.0,0.0,8.999999999999999e-08
1759811065981113920,169989,1759811065972604224,base_link,-0.0408309857048024,-0.011405512774947838,0.025039864168807314,-0.9987871651729795,1.0,0.0,0.0,0.0,1.0,0.0,0.0,0.0,1.0,-0.09112591296434402,0.07363195717334747,-0.019882356747984897,1.2184696791468346e-07,0.0,0.0,0.0,1.2184696791468346e-07,0.0,0.0,0.0,1.2184696791468346e-07,0.7883726358413696,1.8730293512344374,10.371448516845703,8.999999999999999e-08,0.0,0.0,0.0,8.999999999999999e-08,0.0,0.0,0.0,8.999999999999999e-08
1759811065986829792,169990,1759811065983604224,base_link,-0.0404085307200205,-0.011325524641919242,0.02344924210600617,-0.9988438948310752,1.0,0.0,0.0,0.0,1.0,0.0,0.0,0.0,1.0,-0.0765649825334549,0.007358040194958488,0.32811829447746277,1.2184696791468346e-07,0.0,0.0,0.0,1.2184696791468346e-07,0.0,0.0,0.0,1.2184696791468346e-07,-0.735604465007782,1.0431952476501478,10.333553314208984,8.999999999999999e-08,0.0,0.0,0.0,8.999999999999999e-08,0.0,0.0,0.0,8.999999999999999e-08
1759811065998218688,169991,1759811065994604224,base_link,-0.04026379580805606,-0.010919315950149278,0.02215107702502212,-0.9988838921903119,1.0,0.0,0.0,0.0,1.0,0.0,0.0,0.0,1.0,-0.049384891986846924,-0.07904883474111554,0.2698862850666046,1.2184696791468346e-07,0.0,0.0,0.0,1.2184696791468346e-07,0.0,0.0,0.0,1.2184696791468346e-07,-1.0675195455551147,-0.25185248255729553,9.829669952392578,8.999999999999999e-08,0.0,0.0,0.0,8.999999999999999e-08,0.0,0.0,0.0,8.999999999999999e-08
1759811066004147328,169992,1759811065999604224,base_link,-0.04032870590602988,-0.010866812830705848,0.02227465158485607,-0.9988790874495818,1.0,0.0,0.0,0.0,1.0,0.0,0.0,0.0,1.0,-0.0018929291982203722,-0.06199266016483306,0.06449402868747713,1.2184696791468346e-07,0.0,0.0,0.0,1.2184696791468346e-07,0.0,0.0,0.0,1.2184696791468346e-07,-0.6441466212272644,-0.6247318387031544,9.305157661437988,8.999999999999999e-08,0.0,0.0,0.0,8.999999999999999e-08,0.0,0.0,0.0,8.999999999999999e-08
1759811066013179424,169993,1759811066004604224,base_link,-0.040372424041736826,-0.01073453362956539,0.02318662509293481,-0.9988580140253263,1.0,0.0,0.0,0.0,1.0,0.0,0.0,0.0,1.0,-0.02515472285449505,-0.01799346692860131,-0.357331782579422,1.2184696791468346e-07,0.0,0.0,0.0,1.2184696791468346e-07,0.0,0.0,0.0,1.2184696791468346e-07,-0.6967106461524963,-0.05138974264263986,9.871880531311035,8.999999999999999e-08,0.0,0.0,0.0,8.999999999999999e-08,0.0,0.0,0.0,8.999999999999999e-08
1759811066021084832,169994,1759811066015604224,base_link,-0.04014540004223289,-0.01094676935359806,0.025274116352830903,-0.9988142234497235,1.0,0.0,0.0,0.0,1.0,0.0,0.0,0.0,1.0,-0.02023438736796379,0.010781791061162897,-0.4281374216079712,1.2184696791468346e-07,0.0,0.0,0.0,1.2184696791468346e-07,0.0,0.0,0.0,1.2184696791468346e-07,-0.4735824763774872,1.5753756761550914,8.415417671203613,8.999999999999999e-08,0.0,0.0,0.0,8.999999999999999e-08,0.0,0.0,0.0,8.999999999999999e-08
1759811066033274368,169995,1759811066025604224,base_link,-0.03975367142710445,-0.011004526341126178,0.025468160443375062,-0.9988243386933661,1.0,0.0,0.0,0.0,1.0,0.0,0.0,0.0,1.0,-0.06483190506696701,0.016637427732348435,-0.058312807232141495,1.2184696791468346e-07,0.0,0.0,0.0,1.2184696791468346e-07,0.0,0.0,0.0,1.2184696791468346e-07,0.29632705450057983,2.2272245883941664,9.624167442321777,8.999999999999999e-08,0.0,0.0,0.0,8.999999999999999e-08,0.0,0.0,0.0,8.999999999999999e-08
1759811066039808480,169996,1759811066036604224,base_link,-0.03939915847921113,-0.01046677470097568,0.0236976134842809,-0.9988876854066779,1.0,0.0,0.0,0.0,1.0,0.0,0.0,0.0,1.0,-0.08169115334749222,-0.06440768390893932,0.3565834164619446,1.2184696791468346e-07,0.0,0.0,0.0,1.2184696791468346e-07,0.0,0.0,0.0,1.2184696791468346e-07,-0.47311750054359436,1.2879966497421276,9.677693367004395,8.999999999999999e-08,0.0,0.0,0.0,8.999999999999999e-08,0.0,0.0,0.0,8.999999999999999e-08
1759811066051187264,169997,1759811066047604224,base_link,-0.03904172949623646,-0.009706669458971867,0.02240682410178624,-0.9989391888555582,1.0,0.0,0.0,0.0,1.0,0.0,0.0,0.0,1.0,-0.07844319939613342,-0.12807595729827878,0.2657162547111511,1.2184696791468346e-07,0.0,0.0,0.0,1.2184696791468346e-07,0.0,0.0,0.0,1.2184696791468346e-07,-0.5789878368377686,-0.2499292045831669,9.363224983215332,8.999999999999999e-08,0.0,0.0,0.0,8.999999999999999e-08,0.0,0.0,0.0,8.999999999999999e-08
1759811066060335296,169998,1759811066052604224,base_link,-0.0391016333388606,-0.009499583552991622,0.022582871488016236,-0.9989348477301616,1.0,0.0,0.0,0.0,1.0,0.0,0.0,0.0,1.0,-0.017797207459807396,-0.10059351474046707,-0.005034247413277614,1.2184696791468346e-07,0.0,0.0,0.0,1.2184696791468346e-07,0.0,0.0,0.0,1.2184696791468346e-07,-0.9430770874023438,-0.49257293343543895,9.072896957397461,8.999999999999999e-08,0.0,0.0,0.0,8.999999999999999e-08,0.0,0.0,0.0,8.999999999999999e-08
1759811066068643872,169999,1759811066057604224,base_link,-0.03902010684586136,-0.009373747551317266,0.023506266792041455,-0.9989179468439088,1.0,0.0,0.0,0.0,1.0,0.0,0.0,0.0,1.0,-0.019873233512043953,-0.06776816397905354,-0.28384724259376526,1.2184696791468346e-07,0.0,0.0,0.0,1.2184696791468346e-07,0.0,0.0,0.0,1.2184696791468346e-07,-0.816412091255188,-0.5706543922424304,10.363133430480957,8.999999999999999e-08,0.0,0.0,0.0,8.999999999999999e-08,0.0,0.0,0.0,8.999999999999999e-08
1759811066069275616,170000,1759811066062606016,base_link,-0.03886077463633297,-0.009336190758027012,0.024662523434089305,-0.9988966205385622,1.0,0.0,0.0,0.0,1.0,0.0,0.0,0.0,1.0,-0.039405643939971924,-0.038061648607254084,-0.43521738052368164,1.2184696791468346e-07,0.0,0.0,0.0,1.2184696791468346e-07,0.0,0.0,0.0,1.2184696791468346e-07,-0.2625540792942047,1.050114154815675,9.828584671020508,8.999999999999999e-08,0.0,0.0,0.0,8.999999999999999e-08,0.0,0.0,0.0,8.999999999999999e-08
1759811066079847008,170001,1759811066073606016,base_link,-0.0386571105276162,-0.009339035670301497,0.026241344379307363,-0.9988642517589059,1.0,0.0,0.0,0.0,1.0,0.0,0.0,0.0,1.0,-0.040083400905132294,-0.012129255570471318,-0.2483528107404709,1.2184696791468346e-07,0.0,0.0,0.0,1.2184696791468346e-07,0.0,0.0,0.0,1.2184696791468346e-07,0.8930315375328064,1.669268608093263,10.697591781616211,8.999999999999999e-08,0.0,0.0,0.0,8.999999999999999e-08,0.0,0.0,0.0,8.999999999999999e-08
1759811066094985248,170002,1759811066083606016,base_link,-0.03822490908411616,-0.009085860868385573,0.025455811416761343,-0.9989036169154151,1.0,0.0,0.0,0.0,1.0,0.0,0.0,0.0,1.0,-0.08421570807695389,-0.06296522915363309,0.2002890706062317,1.2184696791468346e-07,0.0,0.0,0.0,1.2184696791468346e-07,0.0,0.0,0.0,1.2184696791468346e-07,-0.6024475693702698,0.6713925004005443,9.298888206481934,8.999999999999999e-08,0.0,0.0,0.0,8.999999999999999e-08,0.0,0.0,0.0,8.999999999999999e-08
1759811066102313472,170003,1759811066094606016,base_link,-0.03791637044541413,-0.008484807295949744,0.023463993502984993,-0.9989694081459406,1.0,0.0,0.0,0.0,1.0,0.0,0.0,0.0,1.0,-0.04213286563754082,-0.10573147237300869,0.3843478560447693,1.2184696791468346e-07,0.0,0.0,0.0,1.2184696791468346e-07,0.0,0.0,0.0,1.2184696791468346e-07,-0.02261846326291561,0.08668478578329203,9.489215850830078,8.999999999999999e-08,0.0,0.0,0.0,8.999999999999999e-08,0.0,0.0,0.0,8.999999999999999e-08
1759811066106789440,170004,1759811066099606016,base_link,-0.03778559799410794,-0.008178211363546264,0.022895221782330485,-0.9989901022485594,1.0,0.0,0.0,0.0,1.0,0.0,0.0,0.0,1.0,-0.012639704160392284,-0.09910332411527632,0.1683170050382614,1.2184696791468346e-07,0.0,0.0,0.0,1.2184696791468346e-07,0.0,0.0,0.0,1.2184696791468346e-07,-0.3838086724281311,-0.8351800441741931,9.528353691101074,8.999999999999999e-08,0.0,0.0,0.0,8.999999999999999e-08,0.0,0.0,0.0,8.999999999999999e-08
1759811066114948768,170005,1759811066110606016,base_link,-0.03781649690242248,-0.007892476804066656,0.02363346598084728,-0.9989740021524283,1.0,0.0,0.0,0.0,1.0,0.0,0.0,0.0,1.0,-0.004967353772372007,-0.06610697507858278,-0.1413828432559967,1.2184696791468346e-07,0.0,0.0,0.0,1.2184696791468346e-07,0.0,0.0,0.0,1.2184696791468346e-07,-0.8045116066932678,-0.6668039560317982,9.427735328674316,8.999999999999999e-08,0.0,0.0,0.0,8.999999999999999e-08,0.0,0.0,0.0,8.999999999999999e-08
1759811066122970464,170006,1759811066115606016,base_link,-0.0377625621072187,-0.007972447814938046,0.0246733551741566,-0.9989502734767166,1.0,0.0,0.0,0.0,1.0,0.0,0.0,0.0,1.0,-0.017008092254400253,-0.005538738332688854,-0.37871479988098145,1.2184696791468346e-07,0.0,0.0,0.0,1.2184696791468346e-07,0.0,0.0,0.0,1.2184696791468346e-07,-0.18360024690628052,1.3145697116851818,9.376670837402344,8.999999999999999e-08,0.0,0.0,0.0,8.999999999999999e-08,0.0,0.0,0.0,8.999999999999999e-08
1759811066128323072,170007,1759811066120606016,base_link,-0.037789312185132956,-0.008119142555358243,0.02557205242495437,-0.9989255332766407,1.0,0.0,0.0,0.0,1.0,0.0,0.0,0.0,1.0,-0.006633884739130735,0.0363330170512199,-0.36586111783981323,1.2184696791468346e-07,0.0,0.0,0.0,1.2184696791468346e-07,0.0,0.0,0.0,1.2184696791468346e-07,0.5588027238845825,1.7750577926635753,9.934158325195312,8.999999999999999e-08,0.0,0.0,0.0,8.999999999999999e-08,0.0,0.0,0.0,8.999999999999999e-08
1759811066138863520,170008,1759811066131606016,base_link,-0.037304112396719484,-0.008311274232651218,0.025529736989049475,-0.9989432349530153,1.0,0.0,0.0,0.0,1.0,0.0,0.0,0.0,1.0,-0.08880853652954102,0.03465209528803826,0.07338114082813263,1.2184696791468346e-07,0.0,0.0,0.0,1.2184696791468346e-07,0.0,0.0,0.0,1.2184696791468346e-07,0.23068326711654663,2.064944982528688,9.426507949829102,8.999999999999999e-08,0.0,0.0,0.0,8.999999999999999e-08,0.0,0.0,0.0,8.999999999999999e-08
1759811066143364096,170009,1759811066137606016,base_link,-0.0371194209552777,-0.008250829066441517,0.024710823722482796,-0.9989712204604265,1.0,0.0,0.0,0.0,1.0,0.0,0.0,0.0,1.0,-0.08604917675256729,0.010354331694543396,0.2862450182437897,1.2184696791468346e-07,0.0,0.0,0.0,1.2184696791468346e-07,0.0,0.0,0.0,1.2184696791468346e-07,-0.23558266460895538,1.1621727943420421,9.580611228942871,8.999999999999999e-08,0.0,0.0,0.0,8.999999999999999e-08,0.0,0.0,0.0,8.999999999999999e-08
1759811066148360672,170010,1759811066142606016,base_link,-0.03695878351053449,-0.008143844559852677,0.023359342878132478,-0.9990105856169357,1.0,0.0,0.0,0.0,1.0,0.0,0.0,0.0,1.0,-0.08006691932678223,-0.049071058630943236,0.5048400163650513,1.2184696791468346e-07,0.0,0.0,0.0,1.2184696791468346e-07,0.0,0.0,0.0,1.2184696791468346e-07,-0.06473895162343979,1.5456826686859144,10.818593978881836,8.999999999999999e-08,0.0,0.0,0.0,8.999999999999999e-08,0.0,0.0,0.0,8.999999999999999e-08
1759811066156962208,170011,1759811066152606016,base_link,-0.03665713983283104,-0.00766062962458626,0.021521824576754493,-0.9990668095128492,1.0,0.0,0.0,0.0,1.0,0.0,0.0,0.0,1.0,-0.049829140305519104,-0.0740115717053413,0.35769739747047424,1.2184696791468346e-07,0.0,0.0,0.0,1.2184696791468346e-07,0.0,0.0,0.0,1.2184696791468346e-07,-0.7879515886306763,-0.8684757947921741,9.654314994812012,8.999999999999999e-08,0.0,0.0,0.0,8.999999999999999e-08,0.0,0.0,0.0,8.999999999999999e-08
1759811066166979904,170012,1759811066163604992,base_link,-0.03670954021933122,-0.007429660943479513,0.022503213944330674,-0.9990450195921692,1.0,0.0,0.0,0.0,1.0,0.0,0.0,0.0,1.0,-0.0033819566015154123,-0.054965615272522,-0.20195500552654266,1.2184696791468346e-07,0.0,0.0,0.0,1.2184696791468346e-07,0.0,0.0,0.0,1.2184696791468346e-07,-0.3241955041885376,-0.35402408242225525,9.783675193786621,8.999999999999999e-08,0.0,0.0,0.0,8.999999999999999e-08,0.0,0.0,0.0,8.999999999999999e-08
1759811066174804000,170013,1759811066168604992,base_link,-0.036713599487678425,-0.007506505185027001,0.023673084018447563,-0.9990172448190004,1.0,0.0,0.0,0.0,1.0,0.0,0.0,0.0,1.0,-0.0016707470640540123,-0.0054368744604290035,-0.41098514199256897,1.2184696791468346e-07,0.0,0.0,0.0,1.2184696791468346e-07,0.0,0.0,0.0,1.2184696791468346e-07,0.254051148891449,1.123125195503236,9.703242301940918,8.999999999999999e-08,0.0,0.0,0.0,8.999999999999999e-08,0.0,0.0,0.0,8.999999999999999e-08
1759811066180937888,170014,1759811066173604992,base_link,-0.03675835022117388,-0.007811220314315684,0.024635254423102722,-0.9989899758080139,1.0,0.0,0.0,0.0,1.0,0.0,0.0,0.0,1.0,-0.006659168750047684,0.07607939839363094,-0.37792104482650757,1.2184696791468346e-07,0.0,0.0,0.0,1.2184696791468346e-07,0.0,0.0,0.0,1.2184696791468346e-07,0.7565683722496033,1.7127983570098888,9.834837913513184,8.999999999999999e-08,0.0,0.0,0.0,8.999999999999999e-08,0.0,0.0,0.0,8.999999999999999e-08
1759811066187250688,170015,1759811066179604992,base_link,-0.03660002426765369,-0.008023594332695031,0.025011035724425857,-0.9989847495987986,1.0,0.0,0.0,0.0,1.0,0.0,0.0,0.0,1.0,-0.06418595463037491,0.09343107789754866,-0.06876142323017122,1.2184696791468346e-07,0.0,0.0,0.0,1.2184696791468346e-07,0.0,0.0,0.0,1.2184696791468346e-07,0.6797224879264832,2.139400720596315,10.10364818572998,8.999999999999999e-08,0.0,0.0,0.0,8.999999999999999e-08,0.0,0.0,0.0,8.999999999999999e-08
1759811066193819424,170016,1759811066189604992,base_link,-0.036208785609639194,-0.008357076003181417,0.023725177523207026,-0.9990276972374311,1.0,0.0,0.0,0.0,1.0,0.0,0.0,0.0,1.0,-0.07416515052318573,0.06495182216167453,0.2440493106842041,1.2184696791468346e-07,0.0,0.0,0.0,1.2184696791468346e-07,0.0,0.0,0.0,1.2184696791468346e-07,-0.06222487613558769,1.6509215831756603,9.362804412841797,8.999999999999999e-08,0.0,0.0,0.0,8.999999999999999e-08,0.0,0.0,0.0,8.999999999999999e-08
1759811066201039392,170017,1759811066195604992,base_link,-0.036216998976742756,-0.008257198508922725,0.02248037035243774,-0.9990569892971463,1.0,0.0,0.0,0.0,1.0,0.0,0.0,0.0,1.0,-0.034493912011384964,0.003536836244165952,0.4450664520263672,1.2184696791468346e-07,0.0,0.0,0.0,1.2184696791468346e-07,0.0,0.0,0.0,1.2184696791468346e-07,0.15210768580436707,0.6271904706954969,10.814736366271973,8.999999999999999e-08,0.0,0.0,0.0,8.999999999999999e-08,0.0,0.0,0.0,8.999999999999999e-08
1759811066209848960,170018,1759811066205604992,base_link,-0.036085940717120096,-0.00806908922148451,0.021346662274343217,-0.9990881358181958,1.0,0.0,0.0,0.0,1.0,0.0,0.0,0.0,1.0,-0.01121954433619976,-0.040303442627191516,0.2312716245651245,1.2184696791468346e-07,0.0,0.0,0.0,1.2184696791468346e-07,0.0,0.0,0.0,1.2184696791468346e-07,-0.6515586972236633,-0.6510103344917285,9.73879337310791,8.999999999999999e-08,0.0,0.0,0.0,8.999999999999999e-08,0.0,0.0,0.0,8.999999999999999e-08
1759811066217102880,170019,1759811066211604992,base_link,-0.03626809676220615,-0.008160218610499159,0.021711148220265427,-0.9990729629527318,1.0,0.0,0.0,0.0,1.0,0.0,0.0,0.0,1.0,0.046440038830041885,-0.014103763736784469,-0.08743209391832352,1.2184696791468346e-07,0.0,0.0,0.0,1.2184696791468346e-07,0.0,0.0,0.0,1.2184696791468346e-07,-0.7553677558898926,-1.1424909830093373,9.817994117736816,8.999999999999999e-08,0.0,0.0,0.0,8.999999999999999e-08,0.0,0.0,0.0,8.999999999999999e-08
1759811066222116288,170020,1759811066216604992,base_link,-0.03636009938123838,-0.008286952866882401,0.0228974977121501,-0.9990421114596219,1.0,0.0,0.0,0.0,1.0,0.0,0.0,0.0,1.0,0.05174896866083145,0.05092866346240038,-0.4272657632827759,1.2184696791468346e-07,0.0,0.0,0.0,1.2184696791468346e-07,0.0,0.0,0.0,1.2184696791468346e-07,-0.8496321439743042,-0.19426275789737588,9.187234878540039,8.999999999999999e-08,0.0,0.0,0.0,8.999999999999999e-08,0.0,0.0,0.0,8.999999999999999e-08
1759811066230129056,170021,1759811066221604992,base_link,-0.03644068283850219,-0.008564944260037148,0.024242951557163325,-0.9990050643797808,1.0,0.0,0.0,0.0,1.0,0.0,0.0,0.0,1.0,0.028167005628347397,0.1315061450004577,-0.4886848032474518,1.2184696791468346e-07,0.0,0.0,0.0,1.2184696791468346e-07,0.0,0.0,0.0,1.2184696791468346e-07,0.4977738857269287,0.8357977867126478,10.508947372436523,8.999999999999999e-08,0.0,0.0,0.0,8.999999999999999e-08,0.0,0.0,0.0,8.999999999999999e-08
1759811066232960800,170022,1759811066227604992,base_link,-0.036488929126246024,-0.009077656720905124,0.02511008081842649,-0.9989773317534606,1.0,0.0,0.0,0.0,1.0,0.0,0.0,0.0,1.0,0.015060285106301308,0.15045669674873346,-0.3571823835372925,1.2184696791468346e-07,0.0,0.0,0.0,1.2184696791468346e-07,0.0,0.0,0.0,1.2184696791468346e-07,1.1499444246292114,2.238726615905763,9.492178916931152,8.999999999999999e-08,0.0,0.0,0.0,8.999999999999999e-08,0.0,0.0,0.0,8.999999999999999e-08
1759811066241926336,170023,1759811066237604992,base_link,-0.036385531053047655,-0.009826164994123364,0.02475153757814432,-0.9989829372843125,1.0,0.0,0.0,0.0,1.0,0.0,0.0,0.0,1.0,-0.03703204169869423,0.1630050092935562,0.07977182418107985,1.2184696791468346e-07,0.0,0.0,0.0,1.2184696791468346e-07,0.0,0.0,0.0,1.2184696791468346e-07,0.37555286288261414,2.0661759376525892,10.211323738098145,8.999999999999999e-08,0.0,0.0,0.0,8.999999999999999e-08,0.0,0.0,0.0,8.999999999999999e-08
1759811066251854592,170024,1759811066242604992,base_link,-0.03628811124689276,-0.010059165943581746,0.023820640135084215,-0.9990068345474182,1.0,0.0,0.0,0.0,1.0,0.0,0.0,0.0,1.0,-0.02281685546040535,0.11116795986890797,0.37257200479507446,1.2184696791468346e-07,0.0,0.0,0.0,1.2184696791468346e-07,0.0,0.0,0.0,1.2184696791468346e-07,-0.8179337978363037,0.8816782832145702,9.231128692626953,8.999999999999999e-08,0.0,0.0,0.0,8.999999999999999e-08,0.0,0.0,0.0,8.999999999999999e-08
1759811066257836352,170025,1759811066247604992,base_link,-0.03645809343820425,-0.009991616399219925,0.022823319258770923,-0.9990245783706413,1.0,0.0,0.0,0.0,1.0,0.0,0.0,0.0,1.0,0.024124376475811005,0.020814387127757114,0.3427366018295288,1.2184696791468346e-07,0.0,0.0,0.0,1.2184696791468346e-07,0.0,0.0,0.0,1.2184696791468346e-07,-0.442795068025589,0.31155991554260387,11.02686882019043,8.999999999999999e-08,0.0,0.0,0.0,8.999999999999999e-08,0.0,0.0,0.0,8.999999999999999e-08
1759811066262033888,170026,1759811066257604992,base_link,-0.0365076370586288,-0.01010519688760072,0.02209721335262521,-0.9990379810684678,1.0,0.0,0.0,0.0,1.0,0.0,0.0,0.0,1.0,0.04827973619103432,-0.003844963852316116,0.20494531095027924,1.2184696791468346e-07,0.0,0.0,0.0,1.2184696791468346e-07,0.0,0.0,0.0,1.2184696791468346e-07,-0.6589564681053162,-0.257945418357848,8.925962448120117,8.999999999999999e-08,0.0,0.0,0.0,8.999999999999999e-08,0.0,0.0,0.0,8.999999999999999e-08
1759811066267287328,170027,1759811066258602944,base_link,-0.036659450006965036,-0.009970727367426714,0.021992099112439024,-0.9990361266071334,1.0,0.0,0.0,0.0,1.0,0.0,0.0,0.0,1.0,0.08813247829675674,0.01610234379768372,0.01905298791825771,1.2184696791468346e-07,0.0,0.0,0.0,1.2184696791468346e-07,0.0,0.0,0.0,1.2184696791468346e-07,-0.8057462573051453,-0.33334183692932007,9.81962776184082,8.999999999999999e-08,0.0,0.0,0.0,8.999999999999999e-08,0.0,0.0,0.0,8.999999999999999e-08
1759811066272345216,170028,1759811066263602944,base_link,-0.03694775552420381,-0.010140916341713704,0.022450825411631604,-0.9990135358963315,1.0,0.0,0.0,0.0,1.0,0.0,0.0,0.0,1.0,0.0563390739262104,0.06040828302502628,-0.3192690908908844,1.2184696791468346e-07,0.0,0.0,0.0,1.2184696791468346e-07,0.0,0.0,0.0,1.2184696791468346e-07,-0.7219581007957458,-1.34722340106964,9.727222442626953,8.999999999999999e-08,0.0,0.0,0.0,8.999999999999999e-08,0.0,0.0,0.0,8.999999999999999e-08
1759811066279840512,170029,1759811066274602944,base_link,-0.037221206911520525,-0.010646702231446719,0.02455361597753713,-0.9989486297496247,1.0,0.0,0.0,0.0,1.0,0.0,0.0,0.0,1.0,0.057868968695402145,0.08689499646425242,-0.4190641939640045,1.2184696791468346e-07,0.0,0.0,0.0,1.2184696791468346e-07,0.0,0.0,0.0,1.2184696791468346e-07,-0.2369968742132187,0.6593504548072827,10.164566040039062,8.999999999999999e-08,0.0,0.0,0.0,8.999999999999999e-08,0.0,0.0,0.0,8.999999999999999e-08
1759811066286460448,170030,1759811066279602944,base_link,-0.03723359545080469,-0.011140818712498281,0.025271334660829183,-0.9989249010739131,1.0,0.0,0.0,0.0,1.0,0.0,0.0,0.0,1.0,0.04169081151485443,0.12340345233678815,-0.271470844745636,1.2184696791468346e-07,0.0,0.0,0.0,1.2184696791468346e-07,0.0,0.0,0.0,1.2184696791468346e-07,0.44434627890586853,2.696041822433473,9.571252822875977,8.999999999999999e-08,0.0,0.0,0.0,8.999999999999999e-08,0.0,0.0,0.0,8.999999999999999e-08
1759811066300292960,170031,1759811066289602944,base_link,-0.03736001755709115,-0.011238296470569883,0.025169254993735794,-0.9989216979134262,1.0,0.0,0.0,0.0,1.0,0.0,0.0,0.0,1.0,-0.004070201423019171,0.09753656387329103,0.11766543984413146,1.2184696791468346e-07,0.0,0.0,0.0,1.2184696791468346e-07,0.0,0.0,0.0,1.2184696791468346e-07,0.9322389364242554,2.2230608463287367,10.159661293029785,8.999999999999999e-08,0.0,0.0,0.0,8.999999999999999e-08,0.0,0.0,0.0,8.999999999999999e-08
1759811066300302016,170032,1759811066295602944,base_link,-0.03728809791137436,-0.011416099536458169,0.023311801233012172,-0.9989674272440606,1.0,0.0,0.0,0.0,1.0,0.0,0.0,0.0,1.0,-0.007720289286226034,0.026718037202954337,0.3609835207462311,1.2184696791468346e-07,0.0,0.0,0.0,1.2184696791468346e-07,0.0,0.0,0.0,1.2184696791468346e-07,-1.0838209390640259,0.9232037067413341,9.144189834594727,8.999999999999999e-08,0.0,0.0,0.0,8.999999999999999e-08,0.0,0.0,0.0,8.999999999999999e-08
1759811066307786560,170033,1759811066304602944,base_link,-0.03762386341421443,-0.011288186485405638,0.022246876811687383,-0.9989805349139474,1.0,0.0,0.0,0.0,1.0,0.0,0.0,0.0,1.0,0.022030193358659744,-0.04132897034287448,0.3905997574329376,1.2184696791468346e-07,0.0,0.0,0.0,1.2184696791468346e-07,0.0,0.0,0.0,1.2184696791468346e-07,-0.5453284382820129,0.3337960839271559,10.795292854309082,8.999999999999999e-08,0.0,0.0,0.0,8.999999999999999e-08,0.0,0.0,0.0,8.999999999999999e-08
1759811066316048192,170034,1759811066311602944,base_link,-0.037851480103775544,-0.011015419984377228,0.021077765380843723,-0.9990003860795961,1.0,0.0,0.0,0.0,1.0,0.0,0.0,0.0,1.0,0.05813402682542801,-0.04137018695473669,0.17803174257278442,1.2184696791468346e-07,0.0,0.0,0.0,1.2184696791468346e-07,0.0,0.0,0.0,1.2184696791468346e-07,-0.7452065348625183,-0.9603765606880176,9.77095890045166,8.999999999999999e-08,0.0,0.0,0.0,8.999999999999999e-08,0.0,0.0,0.0,8.999999999999999e-08
1759811066323047680,170035,1759811066316602944,base_link,-0.03808639741775215,-0.01101459680374225,0.02150075115249907,-0.9989824315221304,1.0,0.0,0.0,0.0,1.0,0.0,0.0,0.0,1.0,0.09614187479019165,-0.024066556245088598,-0.16758663952350616,1.2184696791468346e-07,0.0,0.0,0.0,1.2184696791468346e-07,0.0,0.0,0.0,1.2184696791468346e-07,-1.1537222862243652,-1.3477771282196032,10.338683128356934,8.999999999999999e-08,0.0,0.0,0.0,8.999999999999999e-08,0.0,0.0,0.0,8.999999999999999e-08
1759811066328830112,170036,1759811066325602944,base_link,-0.03815160386075457,-0.011108789741808033,0.022466251158186595,-0.998957649175206,1.0,0.0,0.0,0.0,1.0,0.0,0.0,0.0,1.0,0.06942261010408401,0.0026560155674814727,-0.3688567578792572,1.2184696791468346e-07,0.0,0.0,0.0,1.2184696791468346e-07,0.0,0.0,0.0,1.2184696791468346e-07,-1.4026020765304565,0.3098171949386608,9.235218048095703,8.999999999999999e-08,0.0,0.0,0.0,8.999999999999999e-08,0.0,0.0,0.0,8.999999999999999e-08
1759811066343686944,170037,1759811066332602944,base_link,-0.03852688071698459,-0.011212812115199968,0.023918800145266088,-0.9989083373624483,1.0,0.0,0.0,0.0,1.0,0.0,0.0,0.0,1.0,0.053090907633304596,0.03006960079073902,-0.3014855980873108,1.2184696791468346e-07,0.0,0.0,0.0,1.2184696791468346e-07,0.0,0.0,0.0,1.2184696791468346e-07,0.7963777780532837,3.3947851657867445,10.15517520904541,8.999999999999999e-08,0.0,0.0,0.0,8.999999999999999e-08,0.0,0.0,0.0,8.999999999999999e-08
1759811066350669632,170038,1759811066343602944,base_link,-0.038652017344391464,-0.010877410128928306,0.022483447072379065,-0.9989405375547107,1.0,0.0,0.0,0.0,1.0,0.0,0.0,0.0,1.0,-0.0071627418510615826,-0.033920969814062084,0.2835873067378998,1.2184696791468346e-07,0.0,0.0,0.0,1.2184696791468346e-07,0.0,0.0,0.0,1.2184696791468346e-07,-0.3160982131958008,1.0135352611541761,10.423761367797852,8.999999999999999e-08,0.0,0.0,0.0,8.999999999999999e-08,0.0,0.0,0.0,8.999999999999999e-08
1759811066357886912,170039,1759811066354602944,base_link,-0.038878839829275945,-0.010217138917245655,0.02011454130497577,-0.9989892593115892,1.0,0.0,0.0,0.0,1.0,0.0,0.0,0.0,1.0,0.05020766332745552,-0.11081559956073755,0.4688011407852173,1.2184696791468346e-07,0.0,0.0,0.0,1.2184696791468346e-07,0.0,0.0,0.0,1.2184696791468346e-07,-0.3757316768169403,0.3573455810546888,10.500812530517578,8.999999999999999e-08,0.0,0.0,0.0,8.999999999999999e-08,0.0,0.0,0.0,8.999999999999999e-08
1759811066370034592,170040,1759811066362601664,base_link,-0.03898937652494085,-0.009942930203744763,0.019239530583041085,-0.9990049800860837,1.0,0.0,0.0,0.0,1.0,0.0,0.0,0.0,1.0,0.05162769928574562,-0.13157008588314054,0.2264027297496796,1.2184696791468346e-07,0.0,0.0,0.0,1.2184696791468346e-07,0.0,0.0,0.0,1.2184696791468346e-07,-0.4005926549434662,0.19119973480701563,9.561419486999512,8.999999999999999e-08,0.0,0.0,0.0,8.999999999999999e-08,0.0,0.0,0.0,8.999999999999999e-08
1759811066373189184,170041,1759811066364601664,base_link,-0.039084739038052804,-0.009639172598170686,0.01913787238443279,-0.999006160197842,1.0,0.0,0.0,0.0,1.0,0.0,0.0,0.0,1.0,0.09725306928157806,-0.10230216383934021,-0.000254410551860916,1.2184696791468346e-07,0.0,0.0,0.0,1.2184696791468346e-07,0.0,0.0,0.0,1.2184696791468346e-07,-1.0232596397399902,-0.5595633387565602,8.85860538482666,8.999999999999999e-08,0.0,0.0,0.0,8.999999999999999e-08,0.0,0.0,0.0,8.999999999999999e-08
1759811066381356000,170042,1759811066374601664,base_link,-0.039512134423733594,-0.009290244107705058,0.020902223756795825,-0.9989572698535695,1.0,0.0,0.0,0.0,1.0,0.0,0.0,0.0,1.0,0.06130479648709297,-0.07089866697788244,-0.42140597105026245,1.2184696791468346e-07,0.0,0.0,0.0,1.2184696791468346e-07,0.0,0.0,0.0,1.2184696791468346e-07,-1.2065255641937256,1.0544470548629772,8.695891380310059,8.999999999999999e-08,0.0,0.0,0.0,8.999999999999999e-08,0.0,0.0,0.0,8.999999999999999e-08
1759811066386037344,170043,1759811066380601664,base_link,-0.039762788317272965,-0.009041081158931765,0.022044319057744056,-0.9989250696613071,1.0,0.0,0.0,0.0,1.0,0.0,0.0,0.0,1.0,0.08438656479120255,-0.07905284315347677,-0.4433914124965668,1.2184696791468346e-07,0.0,0.0,0.0,1.2184696791468346e-07,0.0,0.0,0.0,1.2184696791468346e-07,0.2717289924621582,1.932976245880128,9.439929962158203,8.999999999999999e-08,0.0,0.0,0.0,8.999999999999999e-08,0.0,0.0,0.0,8.999999999999999e-08
1759811066399218560,170044,1759811066390601664,base_link,-0.03970682520498459,-0.00889845885774893,0.022089036864014113,-0.9989275563253692,1.0,0.0,0.0,0.0,1.0,0.0,0.0,0.0,1.0,-0.025923673063516617,-0.03356360644102095,0.1336350291967392,1.2184696791468346e-07,0.0,0.0,0.0,1.2184696791468346e-07,0.0,0.0,0.0,1.2184696791468346e-07,0.31992316246032715,1.712973475456239,8.733153343200684,8.999999999999999e-08,0.0,0.0,0.0,8.999999999999999e-08,0.0,0.0,0.0,8.999999999999999e-08
1759811066409206912,170045,1759811066400601664,base_link,-0.03983421932296483,-0.008514827705890645,0.021168549692536207,-0.998945763763926,1.0,0.0,0.0,0.0,1.0,0.0,0.0,0.0,1.0,0.007780061569064856,-0.11055833846330639,0.35544419288635254,1.2184696791468346e-07,0.0,0.0,0.0,1.2184696791468346e-07,0.0,0.0,0.0,1.2184696791468346e-07,-0.513313353061676,0.7177932858467114,10.153606414794922,8.999999999999999e-08,0.0,0.0,0.0,8.999999999999999e-08,0.0,0.0,0.0,8.999999999999999e-08
1759811066414454912,170046,1759811066401601664,base_link,-0.0398416253145016,-0.00833120047237376,0.020088536699444524,-0.9989693238522436,1.0,0.0,0.0,0.0,1.0,0.0,0.0,0.0,1.0,0.02305787429213524,-0.14811050891876215,0.407064288854599,1.2184696791468346e-07,0.0,0.0,0.0,1.2184696791468346e-07,0.0,0.0,0.0,1.2184696791468346e-07,-1.0952802896499634,1.212810516357423,9.445764541625977,8.999999999999999e-08,0.0,0.0,0.0,8.999999999999999e-08,0.0,0.0,0.0,8.999999999999999e-08
1759811066416964352,170047,1759811066411601664,base_link,-0.03991350017919185,-0.0073577254926945265,0.018539682163517653,-0.9990040950022651,1.0,0.0,0.0,0.0,1.0,0.0,0.0,0.0,1.0,0.021099867299199104,-0.14576315879821775,0.2745088040828705,1.2184696791468346e-07,0.0,0.0,0.0,1.2184696791468346e-07,0.0,0.0,0.0,1.2184696791468346e-07,0.01863957569003105,0.15068995952606315,9.374906539916992,8.999999999999999e-08,0.0,0.0,0.0,8.999999999999999e-08,0.0,0.0,0.0,8.999999999999999e-08
1759811066422866528,170048,1759811066417601664,base_link,-0.04015125450290885,-0.00692488921228879,0.018443545202064333,-0.9989994167020803,1.0,0.0,0.0,0.0,1.0,0.0,0.0,0.0,1.0,0.0725087895989418,-0.1378903090953827,0.09815694391727449,1.2184696791468346e-07,0.0,0.0,0.0,1.2184696791468346e-07,0.0,0.0,0.0,1.2184696791468346e-07,-0.8268778920173645,-0.7279393672943104,8.892970085144043,8.999999999999999e-08,0.0,0.0,0.0,8.999999999999999e-08,0.0,0.0,0.0,8.999999999999999e-08
1759811066427902272,170049,1759811066422601664,base_link,-0.04031585243432307,-0.006608478332538332,0.019299041933138472,-0.99897876474631,1.0,0.0,0.0,0.0,1.0,0.0,0.0,0.0,1.0,0.0636620968580246,-0.13645695149898532,-0.22306787967681882,1.2184696791468346e-07,0.0,0.0,0.0,1.2184696791468346e-07,0.0,0.0,0.0,1.2184696791468346e-07,-0.8981401324272156,-2.0115234851837145,10.433688163757324,8.999999999999999e-08,0.0,0.0,0.0,8.999999999999999e-08,0.0,0.0,0.0,8.999999999999999e-08
1759811066437221376,170050,1759811066433601664,base_link,-0.04059854715235384,-0.006399034837219508,0.02149084664309898,-0.9989238895495488,1.0,0.0,0.0,0.0,1.0,0.0,0.0,0.0,1.0,0.07113251835107803,-0.0635021179914475,-0.43247440457344055,1.2184696791468346e-07,0.0,0.0,0.0,1.2184696791468346e-07,0.0,0.0,0.0,1.2184696791468346e-07,0.9895934462547302,1.741355061531068,9.956744194030762,8.999999999999999e-08,0.0,0.0,0.0,8.999999999999999e-08,0.0,0.0,0.0,8.999999999999999e-08
1759811066449743680,170051,1759811066438601664,base_link,-0.04062770618607829,-0.00640155442850705,0.021797127791227666,-0.9989160923825743,1.0,0.0,0.0,0.0,1.0,0.0,0.0,0.0,1.0,0.00985863246023655,-0.04054828733205796,-0.0515184924006462,1.2184696791468346e-07,0.0,0.0,0.0,1.2184696791468346e-07,0.0,0.0,0.0,1.2184696791468346e-07,1.6215044260025024,2.886978626251222,10.428227424621582,8.999999999999999e-08,0.0,0.0,0.0,8.999999999999999e-08,0.0,0.0,0.0,8.999999999999999e-08
1759811066456970560,170052,1759811066453601664,base_link,-0.04045528079464219,-0.006084760275852946,0.02041479545376737,-0.9989542774273252,1.0,0.0,0.0,0.0,1.0,0.0,0.0,0.0,1.0,-0.047245725989341736,-0.06889005750417704,0.4027886986732483,1.2184696791468346e-07,0.0,0.0,0.0,1.2184696791468346e-07,0.0,0.0,0.0,1.2184696791468346e-07,-0.05349167436361313,0.9889147281646741,10.39799976348877,8.999999999999999e-08,0.0,0.0,0.0,8.999999999999999e-08,0.0,0.0,0.0,8.999999999999999e-08
1759811066463067040,170053,1759811066459599616,base_link,-0.040273023333701904,-0.005475679045864811,0.018053307531701934,-0.9990106699106327,1.0,0.0,0.0,0.0,1.0,0.0,0.0,0.0,1.0,-0.029810434207320213,-0.10203944146633143,0.46080514788627625,1.2184696791468346e-07,0.0,0.0,0.0,1.2184696791468346e-07,0.0,0.0,0.0,1.2184696791468346e-07,0.05973494425415993,0.1031541824340833,10.282713890075684,8.999999999999999e-08,0.0,0.0,0.0,8.999999999999999e-08,0.0,0.0,0.0,8.999999999999999e-08
1759811066469863456,170054,1759811066464599616,base_link,-0.04024692258067252,-0.005314963892869658,0.017406732728696316,-0.9990240304616107,1.0,0.0,0.0,0.0,1.0,0.0,0.0,0.0,1.0,-0.023979326710104942,-0.09150560200214382,0.2987794280052185,1.2184696791468346e-07,0.0,0.0,0.0,1.2184696791468346e-07,0.0,0.0,0.0,1.2184696791468346e-07,-0.05662024766206741,0.4001863002777111,9.594228744506836,8.999999999999999e-08,0.0,0.0,0.0,8.999999999999999e-08,0.0,0.0,0.0,8.999999999999999e-08
1759811066479447936,170055,1759811066475599616,base_link,-0.04020462031565774,-0.004968498358863887,0.018248911055641037,-0.9990124822251187,1.0,0.0,0.0,0.0,1.0,0.0,0.0,0.0,1.0,0.006041761487722397,-0.05657190829515459,-0.16337674856185913,1.2184696791468346e-07,0.0,0.0,0.0,1.2184696791468346e-07,0.0,0.0,0.0,1.2184696791468346e-07,-0.7570458054542542,-1.4910787343978869,9.974818229675293,8.999999999999999e-08,0.0,0.0,0.0,8.999999999999999e-08,0.0,0.0,0.0,8.999999999999999e-08
1759811066487396416,170056,1759811066480599616,base_link,-0.040333114202966314,-0.005004993578407274,0.019324709363881563,-0.9989868990880726,1.0,0.0,0.0,0.0,1.0,0.0,0.0,0.0,1.0,0.0165571216493845,-0.020911820232868243,-0.3897441625595093,1.2184696791468346e-07,0.0,0.0,0.0,1.2184696791468346e-07,0.0,0.0,0.0,1.2184696791468346e-07,0.21738481521606445,1.2746634483337413,9.185657501220703,8.999999999999999e-08,0.0,0.0,0.0,8.999999999999999e-08,0.0,0.0,0.0,8.999999999999999e-08
1759811066497544288,170057,1759811066491599616,base_link,-0.040156467541234045,-0.00535058588239546,0.020472157314590695,-0.9989693238522436,1.0,0.0,0.0,0.0,1.0,0.0,0.0,0.0,1.0,-0.02889992482960224,0.05133919417858122,-0.16039568185806274,1.2184696791468346e-07,0.0,0.0,0.0,1.2184696791468346e-07,0.0,0.0,0.0,1.2184696791468346e-07,1.116305947303772,2.766260385513307,10.301695823669434,8.999999999999999e-08,0.0,0.0,0.0,8.999999999999999e-08,0.0,0.0,0.0,8.999999999999999e-08
1759811066505705504,170058,1759811066496599616,base_link,-0.03988961740406535,-0.0054706438145567735,0.020062279212822227,-0.9989877420250428,1.0,0.0,0.0,0.0,1.0,0.0,0.0,0.0,1.0,-0.0736420750617981,0.059825632721185705,0.16627828776836395,1.2184696791468346e-07,0.0,0.0,0.0,1.2184696791468346e-07,0.0,0.0,0.0,1.2184696791468346e-07,0.6028426885604858,1.5886203050613414,9.415228843688965,8.999999999999999e-08,0.0,0.0,0.0,8.999999999999999e-08,0.0,0.0,0.0,8.999999999999999e-08
1759811066515937856,170059,1759811066507599616,base_link,-0.039628085672343126,-0.005512026751438409,0.01777307313595305,-0.9990412263758032,1.0,0.0,0.0,0.0,1.0,0.0,0.0,0.0,1.0,-0.07975451648235321,0.006662615574896391,0.4567077159881592,1.2184696791468346e-07,0.0,0.0,0.0,1.2184696791468346e-07,0.0,0.0,0.0,1.2184696791468346e-07,-0.42647239565849304,1.181231975555421,9.850475311279297,8.999999999999999e-08,0.0,0.0,0.0,8.999999999999999e-08,0.0,0.0,0.0,8.999999999999999e-08
1759811066522943264,170060,1759811066517599616,base_link,-0.039362768626789016,-0.005553918084680205,0.016107218948559963,-0.9990797064484936,1.0,0.0,0.0,0.0,1.0,0.0,0.0,0.0,1.0,-0.037611644715070724,0.017486944794654888,0.3390374183654785,1.2184696791468346e-07,0.0,0.0,0.0,1.2184696791468346e-07,0.0,0.0,0.0,1.2184696791468346e-07,0.07691964507102966,-0.9815564751625049,9.723105430603027,8.999999999999999e-08,0.0,0.0,0.0,8.999999999999999e-08,0.0,0.0,0.0,8.999999999999999e-08
1759811066527858368,170061,1759811066523599616,base_link,-0.03934772351895964,-0.005675742233211929,0.01605188013646516,-0.9990805072386153,1.0,0.0,0.0,0.0,1.0,0.0,0.0,0.0,1.0,-0.013139814138412476,0.0324866995215416,0.06565698981285095,1.2184696791468346e-07,0.0,0.0,0.0,1.2184696791468346e-07,0.0,0.0,0.0,1.2184696791468346e-07,-0.6473990082740784,-0.861922502517699,10.161271095275879,8.999999999999999e-08,0.0,0.0,0.0,8.999999999999999e-08,0.0,0.0,0.0,8.999999999999999e-08
1759811066535903840,170062,1759811066528599616,base_link,-0.03923842225279171,-0.005818581854082397,0.016901560602444732,-0.9990700548201846,1.0,0.0,0.0,0.0,1.0,0.0,0.0,0.0,1.0,-0.019712362438440323,0.05111074075102803,-0.23634685575962067,1.2184696791468346e-07,0.0,0.0,0.0,1.2184696791468346e-07,0.0,0.0,0.0,1.2184696791468346e-07,-0.9715577363967896,-0.857389748096465,9.019514083862305,8.999999999999999e-08,0.0,0.0,0.0,8.999999999999999e-08,0.0,0.0,0.0,8.999999999999999e-08
1759811066540145792,170063,1759811066533599616,base_link,-0.03927555757759686,-0.006155252197076434,0.018086013486146434,-0.9990458203822908,1.0,0.0,0.0,0.0,1.0,0.0,0.0,0.0,1.0,-0.010185720399022102,0.10688170790672297,-0.4317159652709961,1.2184696791468346e-07,0.0,0.0,0.0,1.2184696791468346e-07,0.0,0.0,0.0,1.2184696791468346e-07,-0.40165314078330994,1.7219135761260997,9.822013854980469,8.999999999999999e-08,0.0,0.0,0.0,8.999999999999999e-08,0.0,0.0,0.0,8.999999999999999e-08
1759811066548016096,170064,1759811066544599616,base_link,-0.038857118397224645,-0.006996113435005154,0.019195234245256116,-0.9990359580197392,1.0,0.0,0.0,0.0,1.0,0.0,0.0,0.0,1.0,-0.07252826541662216,0.13921399414539334,-0.2390609681606293,1.2184696791468346e-07,0.0,0.0,0.0,1.2184696791468346e-07,0.0,0.0,0.0,1.2184696791468346e-07,1.4371050596237183,1.8414592742919933,9.180850982666016,8.999999999999999e-08,0.0,0.0,0.0,8.999999999999999e-08,0.0,0.0,0.0,8.999999999999999e-08
1759811066554662144,170065,1759811066549599616,base_link,-0.03860314807354307,-0.007374301057960452,0.01863316387351482,-0.9990537439898108,1.0,0.0,0.0,0.0,1.0,0.0,0.0,0.0,1.0,-0.10905035585165024,0.16014713048934937,0.03731393814086912,1.2184696791468346e-07,0.0,0.0,0.0,1.2184696791468346e-07,0.0,0.0,0.0,1.2184696791468346e-07,0.6240447163581848,2.437562704086305,10.056842803955078,8.999999999999999e-08,0.0,0.0,0.0,8.999999999999999e-08,0.0,0.0,0.0,8.999999999999999e-08
1759811066567260160,170066,1759811066560598336,base_link,-0.03817285114076012,-0.007707254575751435,0.016293465872129556,-0.9991086613334206,1.0,0.0,0.0,0.0,1.0,0.0,0.0,0.0,1.0,-0.09715130925178528,0.08364329487085348,0.4662911295890808,1.2184696791468346e-07,0.0,0.0,0.0,1.2184696791468346e-07,0.0,0.0,0.0,1.2184696791468346e-07,-0.7452863454818726,0.9206241965293896,10.423577308654785,8.999999999999999e-08,0.0,0.0,0.0,8.999999999999999e-08,0.0,0.0,0.0,8.999999999999999e-08
1759811066572931808,170067,1759811066569598336,base_link,-0.037993117222374424,-0.00790707146745257,0.015157481864215467,-0.9991317999532531,1.0,0.0,0.0,0.0,1.0,0.0,0.0,0.0,1.0,-0.03971724584698677,0.03832990676164632,0.3767782151699066,1.2184696791468346e-07,0.0,0.0,0.0,1.2184696791468346e-07,0.0,0.0,0.0,1.2184696791468346e-07,-0.3248678147792816,-0.4411733448505391,8.542224884033203,8.999999999999999e-08,0.0,0.0,0.0,8.999999999999999e-08,0.0,0.0,0.0,8.999999999999999e-08
1759811066581491648,170068,1759811066570598336,base_link,-0.0379816809384488,-0.007955349365332782,0.014545088155352168,-0.9991409036725314,1.0,0.0,0.0,0.0,1.0,0.0,0.0,0.0,1.0,-0.01550414226949215,0.017404131591320048,0.09602214395999908,1.2184696791468346e-07,0.0,0.0,0.0,1.2184696791468346e-07,0.0,0.0,0.0,1.2184696791468346e-07,-0.4302736222743988,-0.5000891685485828,10.127546310424805,8.999999999999999e-08,0.0,0.0,0.0,8.999999999999999e-08,0.0,0.0,0.0,8.999999999999999e-08
1759811066587187840,170069,1759811066581598336,base_link,-0.03779364409090646,-0.008219703618816222,0.015046551358934774,-0.9991385434490148,1.0,0.0,0.0,0.0,1.0,0.0,0.0,0.0,1.0,-0.028234349563717842,0.05413392558693884,-0.18109939992427826,1.2184696791468346e-07,0.0,0.0,0.0,1.2184696791468346e-07,0.0,0.0,0.0,1.2184696791468346e-07,-1.3477786779403687,-0.6768754720687855,8.94490909576416,8.999999999999999e-08,0.0,0.0,0.0,8.999999999999999e-08,0.0,0.0,0.0,8.999999999999999e-08
1759811066604201888,170070,1759811066591598336,base_link,-0.03768302705281159,-0.008858304764919193,0.01706879929733598,-0.9991046995296605,1.0,0.0,0.0,0.0,1.0,0.0,0.0,0.0,1.0,-0.03607872873544693,0.11898519843816753,-0.38887083530426025,1.2184696791468346e-07,0.0,0.0,0.0,1.2184696791468346e-07,0.0,0.0,0.0,1.2184696791468346e-07,0.5738587379455566,2.0827028751373304,10.057243347167969,8.999999999999999e-08,0.0,0.0,0.0,8.999999999999999e-08,0.0,0.0,0.0,8.999999999999999e-08
1759811066607521984,170071,1759811066602598336,base_link,-0.03721927342484508,-0.009343969485755305,0.016827297855368538,-0.999121811150156,1.0,0.0,0.0,0.0,1.0,0.0,0.0,0.0,1.0,-0.10132256895303726,0.09494786709547044,0.12962563335895538,1.2184696791468346e-07,0.0,0.0,0.0,1.2184696791468346e-07,0.0,0.0,0.0,1.2184696791468346e-07,0.9308653473854065,2.840873479843141,9.132129669189453,8.999999999999999e-08,0.0,0.0,0.0,8.999999999999999e-08,0.0,0.0,0.0,8.999999999999999e-08
1759811066612296192,170072,1759811066607598336,base_link,-0.036921749601583564,-0.00953399777188978,0.015718582858440976,-0.999149122307991,1.0,0.0,0.0,0.0,1.0,0.0,0.0,0.0,1.0,-0.10283060371875763,0.08708488941192631,0.32986924052238464,1.2184696791468346e-07,0.0,0.0,0.0,1.2184696791468346e-07,0.0,0.0,0.0,1.2184696791468346e-07,-1.0844486951828003,1.005686402320863,9.932954788208008,8.999999999999999e-08,0.0,0.0,0.0,8.999999999999999e-08,0.0,0.0,0.0,8.999999999999999e-08
1759811066619164544,170073,1759811066613598336,base_link,-0.03684684806633463,-0.009327943146609037,0.014525194842855048,-0.9991718394593384,1.0,0.0,0.0,0.0,1.0,0.0,0.0,0.0,1.0,-0.06278839707374573,-0.008688513189554157,0.4678715467453003,1.2184696791468346e-07,0.0,0.0,0.0,1.2184696791468346e-07,0.0,0.0,0.0,1.2184696791468346e-07,-0.6512713432312012,0.3604244589805616,10.546418190002441,8.999999999999999e-08,0.0,0.0,0.0,8.999999999999999e-08,0.0,0.0,0.0,8.999999999999999e-08
1759811066625252992,170074,1759811066618598336,base_link,-0.03662605784914326,-0.0092971114098343,0.013550043208858446,-0.9991939665548066,1.0,0.0,0.0,0.0,1.0,0.0,0.0,0.0,1.0,-0.043330900371074677,-0.04208967089653011,0.3620944023132324,1.2184696791468346e-07,0.0,0.0,0.0,1.2184696791468346e-07,0.0,0.0,0.0,1.2184696791468346e-07,-0.5119163393974304,-0.12131397426128276,9.051535606384277,8.999999999999999e-08,0.0,0.0,0.0,8.999999999999999e-08,0.0,0.0,0.0,8.999999999999999e-08
1759811066632234592,170075,1759811066628598336,base_link,-0.036716436497418806,-0.008881870121592843,0.013377072542569765,-0.9991967482468084,1.0,0.0,0.0,0.0,1.0,0.0,0.0,0.0,1.0,0.006730860564857721,-0.06784459203481674,0.046784490346908576,1.2184696791468346e-07,0.0,0.0,0.0,1.2184696791468346e-07,0.0,0.0,0.0,1.2184696791468346e-07,-0.7885062098503113,-0.2752993404865253,9.408435821533203,8.999999999999999e-08,0.0,0.0,0.0,8.999999999999999e-08,0.0,0.0,0.0,8.999999999999999e-08
1759811066638406368,170076,1759811066634598336,base_link,-0.036498351581066235,-0.00894295802724234,0.014526501395158882,-0.9991881502897121,1.0,0.0,0.0,0.0,1.0,0.0,0.0,0.0,1.0,-0.024968435987830162,-0.045156814157962834,-0.279930055141449,1.2184696791468346e-07,0.0,0.0,0.0,1.2184696791468346e-07,0.0,0.0,0.0,1.2184696791468346e-07,-1.614195704460144,-0.6452143788337696,9.244536399841309,8.999999999999999e-08,0.0,0.0,0.0,8.999999999999999e-08,0.0,0.0,0.0,8.999999999999999e-08
1759811066643873024,170077,1759811066639598336,base_link,-0.036580379884980564,-0.008819984059999678,0.01590900232001322,-0.9991652224041222,1.0,0.0,0.0,0.0,1.0,0.0,0.0,0.0,1.0,-0.0011907783336937428,-0.027400072664022508,-0.5140435695648193,1.2184696791468346e-07,0.0,0.0,0.0,1.2184696791468346e-07,0.0,0.0,0.0,1.2184696791468346e-07,-0.25424280762672424,0.618089795112611,9.432010650634766,8.999999999999999e-08,0.0,0.0,0.0,8.999999999999999e-08,0.0,0.0,0.0,8.999999999999999e-08
1759811066653884608,170078,1759811066650598336,base_link,-0.03637453467685336,-0.00893325898372877,0.01696541307793877,-0.9991543063703578,1.0,0.0,0.0,0.0,1.0,0.0,0.0,0.0,1.0,-0.01760244369506836,-0.00783433578908446,-0.21227078139781952,1.2184696791468346e-07,0.0,0.0,0.0,1.2184696791468346e-07,0.0,0.0,0.0,1.2184696791468346e-07,1.1442264318466187,2.6016521453857435,10.110764503479004,8.999999999999999e-08,0.0,0.0,0.0,8.999999999999999e-08,0.0,0.0,0.0,8.999999999999999e-08
1759811066663972640,170079,1759811066655598336,base_link,-0.03597037010723617,-0.009040225051071386,0.01632768911312043,-0.9991786251019487,1.0,0.0,0.0,0.0,1.0,0.0,0.0,0.0,1.0,-0.09925249218940735,-0.010478753596544236,0.245030477643013,1.2184696791468346e-07,0.0,0.0,0.0,1.2184696791468346e-07,0.0,0.0,0.0,1.2184696791468346e-07,0.10502062737941742,1.4641424417495739,9.254229545593262,8.999999999999999e-08,0.0,0.0,0.0,8.999999999999999e-08,0.0,0.0,0.0,8.999999999999999e-08
1759811066671428544,170080,1759811066666598592,base_link,-0.03559831880200625,-0.008526589310803216,0.01438670029864821,-0.9992262931876145,1.0,0.0,0.0,0.0,1.0,0.0,0.0,0.0,1.0,-0.07742823660373688,-0.08748111873865123,0.3803497552871704,1.2184696791468346e-07,0.0,0.0,0.0,1.2184696791468346e-07,0.0,0.0,0.0,1.2184696791468346e-07,-0.8022881746292114,0.5053732991218579,10.404271125793457,8.999999999999999e-08,0.0,0.0,0.0,8.999999999999999e-08,0.0,0.0,0.0,8.999999999999999e-08
1759811066677310944,170081,1759811066671598592,base_link,-0.0353860514678372,-0.008032043458732449,0.01363387329054662,-0.9992484624299312,1.0,0.0,0.0,0.0,1.0,0.0,0.0,0.0,1.0,-0.048534929752349854,-0.1355883181095123,0.3066044747829437,1.2184696791468346e-07,0.0,0.0,0.0,1.2184696791468346e-07,0.0,0.0,0.0,1.2184696791468346e-07,-0.3391592502593994,0.9441298246383678,9.267731666564941,8.999999999999999e-08,0.0,0.0,0.0,8.999999999999999e-08,0.0,0.0,0.0,8.999999999999999e-08
1759811066683292256,170082,1759811066676598592,base_link,-0.0352353804356778,-0.007808511062209842,0.013437595417031406,-0.9992581983519372,1.0,0.0,0.0,0.0,1.0,0.0,0.0,0.0,1.0,-0.05177582427859306,-0.12136121094226836,0.07695064693689348,1.2184696791468346e-07,0.0,0.0,0.0,1.2184696791468346e-07,0.0,0.0,0.0,1.2184696791468346e-07,-0.24063438177108765,-0.6078048348426808,9.476041793823242,8.999999999999999e-08,0.0,0.0,0.0,8.999999999999999e-08,0.0,0.0,0.0,8.999999999999999e-08
1759811066689001696,170083,1759811066681598592,base_link,-0.0354096207757779,-0.007447899992172602,0.0139866002657343,-0.9992472401713244,1.0,0.0,0.0,0.0,1.0,0.0,0.0,0.0,1.0,-0.023271791636943817,-0.09927275776863102,-0.29719892144203186,1.2184696791468346e-07,0.0,0.0,0.0,1.2184696791468346e-07,0.0,0.0,0.0,1.2184696791468346e-07,-1.1608660221099854,-1.1722429990768422,9.828885078430176,8.999999999999999e-08,0.0,0.0,0.0,8.999999999999999e-08,0.0,0.0,0.0,8.999999999999999e-08
1759811066696989280,170084,1759811066692598592,base_link,-0.03513598499599895,-0.00728453090481028,0.016484475389580963,-0.9992200976008834,1.0,0.0,0.0,0.0,1.0,0.0,0.0,0.0,1.0,-0.010872582904994488,-0.04235208407044417,-0.48427093029022217,1.2184696791468346e-07,0.0,0.0,0.0,1.2184696791468346e-07,0.0,0.0,0.0,1.2184696791468346e-07,-0.2161417305469513,1.2301738262176525,9.183968544006348,8.999999999999999e-08,0.0,0.0,0.0,8.999999999999999e-08,0.0,0.0,0.0,8.999999999999999e-08
1759811066703775904,170085,1759811066697598592,base_link,-0.03491102750916107,-0.007343124243863536,0.017302250691237815,-0.9992137334267582,1.0,0.0,0.0,0.0,1.0,0.0,0.0,0.0,1.0,-0.02808847278356552,-0.013369831256568467,-0.2799018323421478,1.2184696791468346e-07,0.0,0.0,0.0,1.2184696791468346e-07,0.0,0.0,0.0,1.2184696791468346e-07,1.0098652839660645,2.751930713653566,9.718659400939941,8.999999999999999e-08,0.0,0.0,0.0,8.999999999999999e-08,0.0,0.0,0.0,8.999999999999999e-08
1759811066709407968,170086,1759811066702598592,base_link,-0.03482151682254704,-0.0071437525282497995,0.016982904020070806,-0.9992237222298553,1.0,0.0,0.0,0.0,1.0,0.0,0.0,0.0,1.0,-0.08579891920089722,-0.046071123331785195,0.06432919949293137,1.2184696791468346e-07,0.0,0.0,0.0,1.2184696791468346e-07,0.0,0.0,0.0,1.2184696791468346e-07,1.3535329103469849,2.0657353401184095,10.340862274169922,8.999999999999999e-08,0.0,0.0,0.0,8.999999999999999e-08,0.0,0.0,0.0,8.999999999999999e-08
1759811066720017728,170087,1759811066708598592,base_link,-0.03443274638934846,-0.007093360702498962,0.016141905804884386,-0.9992515391498725,1.0,0.0,0.0,0.0,1.0,0.0,0.0,0.0,1.0,-0.09072605520486832,-0.09307176619768137,0.40206536650657654,1.2184696791468346e-07,0.0,0.0,0.0,1.2184696791468346e-07,0.0,0.0,0.0,1.2184696791468346e-07,-0.142726331949234,1.1798278093338024,9.663806915283203,8.999999999999999e-08,0.0,0.0,0.0,8.999999999999999e-08,0.0,0.0,0.0,8.999999999999999e-08
1759811066728344544,170088,1759811066718598592,base_link,-0.0341167148312346,-0.006421377935286347,0.014079702654094863,-0.999298111417477,1.0,0.0,0.0,0.0,1.0,0.0,0.0,0.0,1.0,-0.06714608520269394,-0.1504074186086654,0.34638282656669617,1.2184696791468346e-07,0.0,0.0,0.0,1.2184696791468346e-07,0.0,0.0,0.0,1.2184696791468346e-07,-0.1927853375673294,0.6444911360740674,9.846479415893555,8.999999999999999e-08,0.0,0.0,0.0,8.999999999999999e-08,0.0,0.0,0.0,8.999999999999999e-08
1759811066734535168,170089,1759811066729598592,base_link,-0.03394061344435494,-0.005576940800679281,0.013220370559806264,-0.9993209128625214,1.0,0.0,0.0,0.0,1.0,0.0,0.0,0.0,1.0,-0.03192862123250961,-0.1386967301368713,0.17446900904178622,1.2184696791468346e-07,0.0,0.0,0.0,1.2184696791468346e-07,0.0,0.0,0.0,1.2184696791468346e-07,0.15733785927295685,0.2522402107715618,9.081353187561035,8.999999999999999e-08,0.0,0.0,0.0,8.999999999999999e-08,0.0,0.0,0.0,8.999999999999999e-08
1759811066742685952,170090,1759811066739598592,base_link,-0.0338928281377667,-0.005277875983269089,0.015438095581600973,-0.9992922951523825,1.0,0.0,0.0,0.0,1.0,0.0,0.0,0.0,1.0,0.0007307125488296151,-0.07067576050758367,-0.42986610531806946,1.2184696791468346e-07,0.0,0.0,0.0,1.2184696791468346e-07,0.0,0.0,0.0,1.2184696791468346e-07,-1.5736445188522339,-1.4883677959442128,8.610858917236328,8.999999999999999e-08,0.0,0.0,0.0,8.999999999999999e-08,0.0,0.0,0.0,8.999999999999999e-08
1759811066750933536,170091,1759811066745598592,base_link,-0.033957794870568214,-0.005387499936245924,0.01653463013930892,-0.9992720225182488,1.0,0.0,0.0,0.0,1.0,0.0,0.0,0.0,1.0,0.0034312931820750237,-0.004979433026164828,-0.47620221972465515,1.2184696791468346e-07,0.0,0.0,0.0,1.2184696791468346e-07,0.0,0.0,0.0,1.2184696791468346e-07,1.095428705215454,1.9779558181762706,9.546771049499512,8.999999999999999e-08,0.0,0.0,0.0,8.999999999999999e-08,0.0,0.0,0.0,8.999999999999999e-08
1759811066755996704,170092,1759811066750598592,base_link,-0.033896966431454865,-0.005530385655231951,0.01715170214835689,-0.9992628766521219,1.0,0.0,0.0,0.0,1.0,0.0,0.0,0.0,1.0,-0.01555587723851204,0.026371696963906243,-0.3604760468006134,1.2184696791468346e-07,0.0,0.0,0.0,1.2184696791468346e-07,0.0,0.0,0.0,1.2184696791468346e-07,0.8233581185340881,2.3975992202758802,9.378992080688477,8.999999999999999e-08,0.0,0.0,0.0,8.999999999999999e-08,0.0,0.0,0.0,8.999999999999999e-08
1759811066761333024,170093,1759811066755598592,base_link,-0.033743172581238615,-0.005368336291063627,0.016872268542729687,-0.9992737505390377,1.0,0.0,0.0,0.0,1.0,0.0,0.0,0.0,1.0,-0.049026474356651306,-0.016536280512809753,0.001735587604343893,1.2184696791468346e-07,0.0,0.0,0.0,1.2184696791468346e-07,0.0,0.0,0.0,1.2184696791468346e-07,0.49929746985435486,1.4599839448928846,10.940587043762207,8.999999999999999e-08,0.0,0.0,0.0,8.999999999999999e-08,0.0,0.0,0.0,8.999999999999999e-08
1759811066767614272,170094,1759811066761597824,base_link,-0.03346575543889483,-0.005377802209821371,0.0161446453500376,-0.9992949925506872,1.0,0.0,0.0,0.0,1.0,0.0,0.0,0.0,1.0,-0.05661545321345329,-0.03288813307881352,0.29115378856658936,1.2184696791468346e-07,0.0,0.0,0.0,1.2184696791468346e-07,0.0,0.0,0.0,1.2184696791468346e-07,-0.13864415884017944,1.4199018478393566,9.327797889709473,8.999999999999999e-08,0.0,0.0,0.0,8.999999999999999e-08,0.0,0.0,0.0,8.999999999999999e-08
1759811066778896640,170095,1759811066771597824,base_link,-0.033474374469415306,-0.004788362728328326,0.01402175073739242,-0.9993297637007087,1.0,0.0,0.0,0.0,1.0,0.0,0.0,0.0,1.0,-0.01725112274289131,-0.11895250529050823,0.33780765533447266,1.2184696791468346e-07,0.0,0.0,0.0,1.2184696791468346e-07,0.0,0.0,0.0,1.2184696791468346e-07,0.0063477009534835815,0.07140215486288197,10.281124114990234,8.999999999999999e-08,0.0,0.0,0.0,8.999999999999999e-08,0.0,0.0,0.0,8.999999999999999e-08
1759811066786517440,170096,1759811066776597824,base_link,-0.03338883612327343,-0.004452777666683444,0.013519065275202958,-0.9993411012029582,1.0,0.0,0.0,0.0,1.0,0.0,0.0,0.0,1.0,0.02228762023150921,-0.12048663944005965,0.09470334649086,1.2184696791468346e-07,0.0,0.0,0.0,1.2184696791468346e-07,0.0,0.0,0.0,1.2184696791468346e-07,-0.452960342168808,-0.5658758282661427,9.117452621459961,8.999999999999999e-08,0.0,0.0,0.0,8.999999999999999e-08,0.0,0.0,0.0,8.999999999999999e-08
1759811066793800896,170097,1759811066787597824,base_link,-0.033664618758148405,-0.004138364810970206,0.014440774705287696,-0.9993203228066423,1.0,0.0,0.0,0.0,1.0,0.0,0.0,0.0,1.0,0.05465636029839516,-0.04142860323190693,-0.3165598213672638,1.2184696791468346e-07,0.0,0.0,0.0,1.2184696791468346e-07,0.0,0.0,0.0,1.2184696791468346e-07,-0.8520699739456177,-0.4658966660499562,8.49225902557373,8.999999999999999e-08,0.0,0.0,0.0,8.999999999999999e-08,0.0,0.0,0.0,8.999999999999999e-08
1759811066800975296,170098,1759811066792597824,base_link,-0.03380125093848663,-0.0040427099040967005,0.01577969578878177,-0.999295877634506,1.0,0.0,0.0,0.0,1.0,0.0,0.0,0.0,1.0,0.05801321193575859,0.030320633202791155,-0.47122251987457275,1.2184696791468346e-07,0.0,0.0,0.0,1.2184696791468346e-07,0.0,0.0,0.0,1.2184696791468346e-07,-0.30313780903816223,0.5856322646141064,9.863595962524414,8.999999999999999e-08,0.0,0.0,0.0,8.999999999999999e-08,0.0,0.0,0.0,8.999999999999999e-08
1759811066806989664,170099,1759811066798597824,base_link,-0.03391685315850693,-0.004292038806086006,0.016857896467387473,-0.9992732869237041,1.0,0.0,0.0,0.0,1.0,0.0,0.0,0.0,1.0,0.04225854203104973,0.0565085299313068,-0.31750360131263733,1.2184696791468346e-07,0.0,0.0,0.0,1.2184696791468346e-07,0.0,0.0,0.0,1.2184696791468346e-07,0.7111292481422424,1.724785923957826,10.244033813476562,8.999999999999999e-08,0.0,0.0,0.0,8.999999999999999e-08,0.0,0.0,0.0,8.999999999999999e-08
1759811066814348448,170100,1759811066808597824,base_link,-0.03400549456637041,-0.004429014746657395,0.01701771731694077,-0.9992669648964275,1.0,0.0,0.0,0.0,1.0,0.0,0.0,0.0,1.0,0.011320371180772781,0.030646357685327526,-0.02822581306099892,1.2184696791468346e-07,0.0,0.0,0.0,1.2184696791468346e-07,0.0,0.0,0.0,1.2184696791468346e-07,0.6722463965415955,1.5887721776962294,10.164043426513672,8.999999999999999e-08,0.0,0.0,0.0,8.999999999999999e-08,0.0,0.0,0.0,8.999999999999999e-08
1759811066819440480,170101,1759811066813597824,base_link,-0.033929398431384,-0.004559899150529945,0.016002947645344007,-0.9992857202440149,1.0,0.0,0.0,0.0,1.0,0.0,0.0,0.0,1.0,-0.010185365565121174,0.023043245077133217,0.31257888674736023,1.2184696791468346e-07,0.0,0.0,0.0,1.2184696791468346e-07,0.0,0.0,0.0,1.2184696791468346e-07,-0.13473771512508392,2.260658740997316,9.929731369018555,8.999999999999999e-08,0.0,0.0,0.0,8.999999999999999e-08,0.0,0.0,0.0,8.999999999999999e-08
1759811066826920192,170102,1759811066823597824,base_link,-0.03403737602309088,-0.004243176120682704,0.014832571809044976,-0.9993015253122064,1.0,0.0,0.0,0.0,1.0,0.0,0.0,0.0,1.0,0.0009896320989355445,-0.03577342629432673,0.45572400093078613,1.2184696791468346e-07,0.0,0.0,0.0,1.2184696791468346e-07,0.0,0.0,0.0,1.2184696791468346e-07,-0.07918454706668854,0.3202914297580732,10.319646835327148,8.999999999999999e-08,0.0,0.0,0.0,8.999999999999999e-08,0.0,0.0,0.0,8.999999999999999e-08
1759811066831804928,170103,1759811066824597824,base_link,-0.034052166932740165,-0.004089751055390923,0.013830109017213349,-0.9993159816812457,1.0,0.0,0.0,0.0,1.0,0.0,0.0,0.0,1.0,0.0342801958322525,-0.0884795561432838,0.32421356439590454,1.2184696791468346e-07,0.0,0.0,0.0,1.2184696791468346e-07,0.0,0.0,0.0,1.2184696791468346e-07,-0.27024129033088684,-0.573842406272887,10.040029525756836,8.999999999999999e-08,0.0,0.0,0.0,8.999999999999999e-08,0.0,0.0,0.0,8.999999999999999e-08
1759811066839105952,170104,1759811066829597824,base_link,-0.03415026635682731,-0.0038786875405824603,0.013466128833473267,-0.9993185104921563,1.0,0.0,0.0,0.0,1.0,0.0,0.0,0.0,1.0,0.04386714845895767,-0.054933369159698466,0.1620061695575714,1.2184696791468346e-07,0.0,0.0,0.0,1.2184696791468346e-07,0.0,0.0,0.0,1.2184696791468346e-07,-0.5806527137756348,-0.9943987727165211,8.844602584838867,8.999999999999999e-08,0.0,0.0,0.0,8.999999999999999e-08,0.0,0.0,0.0,8.999999999999999e-08
1759811066842871616,170105,1759811066839597824,base_link,-0.03434876747660149,-0.0036089845886051867,0.013794031314888024,-0.9993082266611196,1.0,0.0,0.0,0.0,1.0,0.0,0.0,0.0,1.0,0.06604619324207306,-0.0677987188100815,-0.1691885143518448,1.2184696791468346e-07,0.0,0.0,0.0,1.2184696791468346e-07,0.0,0.0,0.0,1.2184696791468346e-07,-0.38837724924087524,-0.7542288899421679,10.79383373260498,8.999999999999999e-08,0.0,0.0,0.0,8.999999999999999e-08,0.0,0.0,0.0,8.999999999999999e-08
1759811066849026176,170106,1759811066840597824,base_link,-0.034523748020728565,-0.0036825308392566957,0.014572947222217887,-0.9992909043063817,1.0,0.0,0.0,0.0,1.0,0.0,0.0,0.0,1.0,0.08605515956878662,-0.00325407646596437,-0.4277037978172302,1.2184696791468346e-07,0.0,0.0,0.0,1.2184696791468346e-07,0.0,0.0,0.0,1.2184696791468346e-07,-0.7981708645820618,-0.23656584322452437,8.94467544555664,8.999999999999999e-08,0.0,0.0,0.0,8.999999999999999e-08,0.0,0.0,0.0,8.999999999999999e-08
1759811066856640032,170107,1759811066851597824,base_link,-0.0350148180748862,-0.003990032928903164,0.016813136514268922,-0.9992374621024699,1.0,0.0,0.0,0.0,1.0,0.0,0.0,0.0,1.0,0.09319701790809631,0.0649156048893928,-0.4062091112136841,1.2184696791468346e-07,0.0,0.0,0.0,1.2184696791468346e-07,0.0,0.0,0.0,1.2184696791468346e-07,0.9112546443939209,1.5907452106475843,10.340641021728516,8.999999999999999e-08,0.0,0.0,0.0,8.999999999999999e-08,0.0,0.0,0.0,8.999999999999999e-08
1759811066859850560,170108,1759811066856597824,base_link,-0.03510261391160144,-0.0042003312149933485,0.01708038968067648,-0.9992289905859192,1.0,0.0,0.0,0.0,1.0,0.0,0.0,0.0,1.0,0.06710444390773773,0.07344643026590345,-0.2518625557422638,1.2184696791468346e-07,0.0,0.0,0.0,1.2184696791468346e-07,0.0,0.0,0.0,1.2184696791468346e-07,1.0380244255065918,2.738400220870973,9.486956596374512,8.999999999999999e-08,0.0,0.0,0.0,8.999999999999999e-08,0.0,0.0,0.0,8.999999999999999e-08
1759811066866792608,170109,1759811066861596544,base_link,-0.035172459142118084,-0.004240586723677316,0.01660193865638079,-0.9992343853825285,1.0,0.0,0.0,0.0,1.0,0.0,0.0,0.0,1.0,0.016810942441225052,0.04206122457981111,0.11702252924442291,1.2184696791468346e-07,0.0,0.0,0.0,1.2184696791468346e-07,0.0,0.0,0.0,1.2184696791468346e-07,0.31587135791778564,1.8812050819396984,9.45409107208252,8.999999999999999e-08,0.0,0.0,0.0,8.999999999999999e-08,0.0,0.0,0.0,8.999999999999999e-08
1759811066873221088,170110,1759811066866596544,base_link,-0.03526105576895503,-0.004197192591868302,0.015469874305378203,-0.9992496425416895,1.0,0.0,0.0,0.0,1.0,0.0,0.0,0.0,1.0,0.03374761715531349,0.0016125105321407758,0.3601497709751129,1.2184696791468346e-07,0.0,0.0,0.0,1.2184696791468346e-07,0.0,0.0,0.0,1.2184696791468346e-07,-0.5817852020263672,1.1469779014587416,10.26412582397461,8.999999999999999e-08,0.0,0.0,0.0,8.999999999999999e-08,0.0,0.0,0.0,8.999999999999999e-08
1759811066882355392,170111,1759811066872596544,base_link,-0.035273582602585875,-0.0039651570686586235,0.014472342694822365,-0.9992650682882445,1.0,0.0,0.0,0.0,1.0,0.0,0.0,0.0,1.0,0.029007187113165855,-0.06922641396522518,0.39516791701316833,1.2184696791468346e-07,0.0,0.0,0.0,1.2184696791468346e-07,0.0,0.0,0.0,1.2184696791468346e-07,-0.3590885102748871,0.1175018250942243,10.386954307556152,8.999999999999999e-08,0.0,0.0,0.0,8.999999999999999e-08,0.0,0.0,0.0,8.999999999999999e-08
1759811066884901568,170112,1759811066877596544,base_link,-0.03544431685172548,-0.0036916240218229234,0.013740251936188115,-0.9992703787911569,1.0,0.0,0.0,0.0,1.0,0.0,0.0,0.0,1.0,0.03586196526885033,-0.06933864951133725,0.24604091048240662,1.2184696791468346e-07,0.0,0.0,0.0,1.2184696791468346e-07,0.0,0.0,0.0,1.2184696791468346e-07,-0.11884444952011108,-0.2361121773719776,9.53477954864502,8.999999999999999e-08,0.0,0.0,0.0,8.999999999999999e-08,0.0,0.0,0.0,8.999999999999999e-08
1759811066889392928,170113,1759811066882596544,base_link,-0.03559651043878733,-0.003574546662104739,0.013446024786733573,-0.9992694094136411,1.0,0.0,0.0,0.0,1.0,0.0,0.0,0.0,1.0,0.0715421810746193,-0.07399241626262663,0.08873803913593294,1.2184696791468346e-07,0.0,0.0,0.0,1.2184696791468346e-07,0.0,0.0,0.0,1.2184696791468346e-07,-0.28428298234939575,-0.022284215316175252,9.49347972869873,8.999999999999999e-08,0.0,0.0,0.0,8.999999999999999e-08,0.0,0.0,0.0,8.999999999999999e-08
1759811066896792736,170114,1759811066888596544,base_link,-0.03580715116802167,-0.003433182180932153,0.01403072801612524,-0.9992543629887227,1.0,0.0,0.0,0.0,1.0,0.0,0.0,0.0,1.0,0.080022431910038,-0.02569301798939708,-0.2646518349647522,1.2184696791468346e-07,0.0,0.0,0.0,1.2184696791468346e-07,0.0,0.0,0.0,1.2184696791468346e-07,-0.8699052929878235,-1.1780793666839589,9.494409561157227,8.999999999999999e-08,0.0,0.0,0.0,8.999999999999999e-08,0.0,0.0,0.0,8.999999999999999e-08
1759811066904438304,170115,1759811066898596544,base_link,-0.036177442842326255,-0.0036762483246505404,0.01648337957151969,-0.9992027330992969,1.0,0.0,0.0,0.0,1.0,0.0,0.0,0.0,1.0,0.0750989243388176,0.04193455353379243,-0.4964030981063843,1.2184696791468346e-07,0.0,0.0,0.0,1.2184696791468346e-07,0.0,0.0,0.0,1.2184696791468346e-07,-0.33365684747695923,1.0895202159881603,9.074775695800781,8.999999999999999e-08,0.0,0.0,0.0,8.999999999999999e-08,0.0,0.0,0.0,8.999999999999999e-08
1759811066907054816,170116,1759811066903596544,base_link,-0.03648576284425164,-0.003810907505642849,0.01732454637410009,-0.9991767706406142,1.0,0.0,0.0,0.0,1.0,0.0,0.0,0.0,1.0,0.08653513342142105,0.05782280489802355,-0.42783260345458984,1.2184696791468346e-07,0.0,0.0,0.0,1.2184696791468346e-07,0.0,0.0,0.0,1.2184696791468346e-07,0.9180369973182678,2.2781519889831556,10.21572494506836,8.999999999999999e-08,0.0,0.0,0.0,8.999999999999999e-08,0.0,0.0,0.0,8.999999999999999e-08
1759811066916118592,170117,1759811066909596544,base_link,-0.03654652279473616,-0.003995052355143006,0.01742805903404283,-0.9991720501935809,1.0,0.0,0.0,0.0,1.0,0.0,0.0,0.0,1.0,0.0602065771818161,0.061282407492399195,-0.19480271637439728,1.2184696791468346e-07,0.0,0.0,0.0,1.2184696791468346e-07,0.0,0.0,0.0,1.2184696791468346e-07,1.1139142513275146,2.215821743011476,9.749396324157715,8.999999999999999e-08,0.0,0.0,0.0,8.999999999999999e-08,0.0,0.0,0.0,8.999999999999999e-08
1759811066920368544,170118,1759811066914596544,base_link,-0.03659991758344339,-0.003882396463251421,0.0168517851743534,-0.9991804374164347,1.0,0.0,0.0,0.0,1.0,0.0,0.0,0.0,1.0,0.02773045003414154,-0.003396331332623931,0.22497427463531494,1.2184696791468346e-07,0.0,0.0,0.0,1.2184696791468346e-07,0.0,0.0,0.0,1.2184696791468346e-07,-0.026727883145213127,1.5437991619110119,9.486952781677246,8.999999999999999e-08,0.0,0.0,0.0,8.999999999999999e-08,0.0,0.0,0.0,8.999999999999999e-08
1759811066933845184,170119,1759811066919596544,base_link,-0.036710805941875556,-0.003850125148182235,0.015858889717133735,-0.9991927442961998,1.0,0.0,0.0,0.0,1.0,0.0,0.0,0.0,1.0,0.03910158574581146,-0.05615855753421779,0.35488349199295044,1.2184696791468346e-07,0.0,0.0,0.0,1.2184696791468346e-07,0.0,0.0,0.0,1.2184696791468346e-07,-0.486196368932724,0.6812171339988721,9.818710327148438,8.999999999999999e-08,0.0,0.0,0.0,8.999999999999999e-08,0.0,0.0,0.0,8.999999999999999e-08
1759811066935097792,170120,1759811066930596544,base_link,-0.03687997022090812,-0.0032625532989138295,0.014313701957027334,-0.9992118789654237,1.0,0.0,0.0,0.0,1.0,0.0,0.0,0.0,1.0,0.033932410180568695,-0.09045054018497463,0.3248463273048401,1.2184696791468346e-07,0.0,0.0,0.0,1.2184696791468346e-07,0.0,0.0,0.0,1.2184696791468346e-07,-0.3462373614311218,0.7507297992706311,10.181074142456055,8.999999999999999e-08,0.0,0.0,0.0,8.999999999999999e-08,0.0,0.0,0.0,8.999999999999999e-08
1759811066945195712,170121,1759811066940596544,base_link,-0.03750272942032706,-0.002905751250310759,0.014964238563793008,-0.9991802266821921,1.0,0.0,0.0,0.0,1.0,0.0,0.0,0.0,1.0,0.10757970809936523,-0.07866729050874711,-0.12155358493328093,1.2184696791468346e-07,0.0,0.0,0.0,1.2184696791468346e-07,0.0,0.0,0.0,1.2184696791468346e-07,-1.036522388458252,-1.3299309015274035,10.111601829528809,8.999999999999999e-08,0.0,0.0,0.0,8.999999999999999e-08,0.0,0.0,0.0,8.999999999999999e-08
1759811066958865920,170122,1759811066951596544,base_link,-0.0381263302396272,-0.003115038012036684,0.017505103473120773,-0.9991147304796062,1.0,0.0,0.0,0.0,1.0,0.0,0.0,0.0,1.0,0.10446877032518387,0.03370107710361475,-0.45374199748039246,1.2184696791468346e-07,0.0,0.0,0.0,1.2184696791468346e-07,0.0,0.0,0.0,1.2184696791468346e-07,-0.5540398359298706,0.34083729982376215,9.549699783325195,8.999999999999999e-08,0.0,0.0,0.0,8.999999999999999e-08,0.0,0.0,0.0,8.999999999999999e-08
1759811066964030848,170123,1759811066960597056,base_link,-0.03825274576046858,-0.003221441682369483,0.018308464552586893,-0.9990952164887456,1.0,0.0,0.0,0.0,1.0,0.0,0.0,0.0,1.0,0.09597449004650116,0.02210799977183339,-0.24795474112033844,1.2184696791468346e-07,0.0,0.0,0.0,1.2184696791468346e-07,0.0,0.0,0.0,1.2184696791468346e-07,-0.08946312218904495,1.70255208015442,9.090682983398438,8.999999999999999e-08,0.0,0.0,0.0,8.999999999999999e-08,0.0,0.0,0.0,8.999999999999999e-08
1759811066969557632,170124,1759811066962597056,base_link,-0.038439562983582136,-0.0032409043067584036,0.018357818512193154,-0.9990870821469829,1.0,0.0,0.0,0.0,1.0,0.0,0.0,0.0,1.0,0.011724871583282948,0.013334050774574282,0.020170804113149643,1.2184696791468346e-07,0.0,0.0,0.0,1.2184696791468346e-07,0.0,0.0,0.0,1.2184696791468346e-07,0.844049334526062,2.103723526000978,10.131863594055176,8.999999999999999e-08,0.0,0.0,0.0,8.999999999999999e-08,0.0,0.0,0.0,8.999999999999999e-08
1759811066984919488,170125,1759811066972597056,base_link,-0.038538965008706065,-0.0030231091499893442,0.016954497044174417,-0.9991087456271176,1.0,0.0,0.0,0.0,1.0,0.0,0.0,0.0,1.0,0.025868451222777367,-0.02407736703753468,0.29079878330230713,1.2184696791468346e-07,0.0,0.0,0.0,1.2184696791468346e-07,0.0,0.0,0.0,1.2184696791468346e-07,-0.010171793401241302,1.7617419958114635,9.541922569274902,8.999999999999999e-08,0.0,0.0,0.0,8.999999999999999e-08,0.0,0.0,0.0,8.999999999999999e-08
1759811066984925760,170126,1759811066978597056,base_link,-0.03886031365517737,-0.002858328143201908,0.01615446556574063,-0.9991100100325729,1.0,0.0,0.0,0.0,1.0,0.0,0.0,0.0,1.0,0.06679857522249222,-0.056818772107362706,0.3448213040828705,1.2184696791468346e-07,0.0,0.0,0.0,1.2184696791468346e-07,0.0,0.0,0.0,1.2184696791468346e-07,-0.0834818035364151,1.1422098875045787,9.756068229675293,8.999999999999999e-08,0.0,0.0,0.0,8.999999999999999e-08,0.0,0.0,0.0,8.999999999999999e-08
1759811066989093504,170127,1759811066983597056,base_link,-0.038912089741483996,-0.0025551434713497745,0.015626491994444658,-0.9991172171436683,1.0,0.0,0.0,0.0,1.0,0.0,0.0,0.0,1.0,0.06126181781291962,-0.08539129048585889,0.23925356566905975,1.2184696791468346e-07,0.0,0.0,0.0,1.2184696791468346e-07,0.0,0.0,0.0,1.2184696791468346e-07,-0.5800508856773376,0.1154766380786908,10.014925956726074,8.999999999999999e-08,0.0,0.0,0.0,8.999999999999999e-08,0.0,0.0,0.0,8.999999999999999e-08
1759811066997933728,170128,1759811066993597056,base_link,-0.0395550991845234,-0.002397378597750386,0.016297090501101504,-0.9990816873503736,1.0,0.0,0.0,0.0,1.0,0.0,0.0,0.0,1.0,0.11625730991363525,-0.04847183451056482,-0.13086958229541779,1.2184696791468346e-07,0.0,0.0,0.0,1.2184696791468346e-07,0.0,0.0,0.0,1.2184696791468346e-07,-0.5893738269805908,-0.8354349136352528,9.305484771728516,8.999999999999999e-08,0.0,0.0,0.0,8.999999999999999e-08,0.0,0.0,0.0,8.999999999999999e-08
1759811067010815328,170129,1759811066999597056,base_link,-0.0396620389100857,-0.0025065020569011547,0.017499792970208386,-0.9990568207097521,1.0,0.0,0.0,0.0,1.0,0.0,0.0,0.0,1.0,0.10791121423244476,0.012931469827890335,-0.492708295583725,1.2184696791468346e-07,0.0,0.0,0.0,1.2184696791468346e-07,0.0,0.0,0.0,1.2184696791468346e-07,-0.39382708072662354,-0.0492018014192569,9.932536125183105,8.999999999999999e-08,0.0,0.0,0.0,8.999999999999999e-08,0.0,0.0,0.0,8.999999999999999e-08
1759811067011452448,170130,1759811067004597056,base_link,-0.04012442144838659,-0.002719441106468351,0.018873822378512026,-0.9990127772530583,1.0,0.0,0.0,0.0,1.0,0.0,0.0,0.0,1.0,0.09269744157791138,0.05992603302001947,-0.49511006474494934,1.2184696791468346e-07,0.0,0.0,0.0,1.2184696791468346e-07,0.0,0.0,0.0,1.2184696791468346e-07,-0.0032304897904396057,1.5688074827194225,9.142438888549805,8.999999999999999e-08,0.0,0.0,0.0,8.999999999999999e-08,0.0,0.0,0.0,8.999999999999999e-08
1759811067022445120,170131,1759811067014597056,base_link,-0.040212047380618766,-0.003031907304615992,0.019597694501686674,-0.998994359080259,1.0,0.0,0.0,0.0,1.0,0.0,0.0,0.0,1.0,0.009201574139297009,0.06337741017341612,-0.08063075691461564,1.2184696791468346e-07,0.0,0.0,0.0,1.2184696791468346e-07,0.0,0.0,0.0,1.2184696791468346e-07,1.1008291244506836,2.0896964073181166,9.134203910827637,8.999999999999999e-08,0.0,0.0,0.0,8.999999999999999e-08,0.0,0.0,0.0,8.999999999999999e-08
1759811067028228160,170132,1759811067024597056,base_link,-0.04045085537554854,-0.0029690624022192034,0.0190663913293583,-0.9989952020172292,1.0,0.0,0.0,0.0,1.0,0.0,0.0,0.0,1.0,0.009137771092355251,0.0264766309410334,0.2987772822380066,1.2184696791468346e-07,0.0,0.0,0.0,1.2184696791468346e-07,0.0,0.0,0.0,1.2184696791468346e-07,-0.03798888623714447,1.9303576946258556,9.250732421875,8.999999999999999e-08,0.0,0.0,0.0,8.999999999999999e-08,0.0,0.0,0.0,8.999999999999999e-08
1759811067034449152,170133,1759811067025597056,base_link,-0.04043731701755343,-0.002951680778475508,0.017974872246623162,-0.9990160225603936,1.0,0.0,0.0,0.0,1.0,0.0,0.0,0.0,1.0,0.0469999723136425,-0.02775741741061206,0.3659079968929291,1.2184696791468346e-07,0.0,0.0,0.0,1.2184696791468346e-07,0.0,0.0,0.0,1.2184696791468346e-07,-0.26070964336395264,1.0136950016021742,10.478105545043945,8.999999999999999e-08,0.0,0.0,0.0,8.999999999999999e-08,0.0,0.0,0.0,8.999999999999999e-08
1759811067037857248,170134,1759811067030597056,base_link,-0.04052111944037227,-0.002887339662956577,0.017190224367895877,-0.9990266857130669,1.0,0.0,0.0,0.0,1.0,0.0,0.0,0.0,1.0,0.03749753534793854,-0.028457203879952396,0.29051128029823303,1.2184696791468346e-07,0.0,0.0,0.0,1.2184696791468346e-07,0.0,0.0,0.0,1.2184696791468346e-07,-0.46791812777519226,0.12938243150711173,9.27148151397705,8.999999999999999e-08,0.0,0.0,0.0,8.999999999999999e-08,0.0,0.0,0.0,8.999999999999999e-08
1759811067044847808,170135,1759811067041597056,base_link,-0.0408331562675007,-0.002689302158516016,0.01678574106273681,-0.999021417357003,1.0,0.0,0.0,0.0,1.0,0.0,0.0,0.0,1.0,0.048544563353061676,-0.02243860810995101,0.08531484752893448,1.2184696791468346e-07,0.0,0.0,0.0,1.2184696791468346e-07,0.0,0.0,0.0,1.2184696791468346e-07,-0.25389769673347473,0.01733068935573225,10.115630149841309,8.999999999999999e-08,0.0,0.0,0.0,8.999999999999999e-08,0.0,0.0,0.0,8.999999999999999e-08
1759811067050784384,170136,1759811067046597056,base_link,-0.04115288884574943,-0.0026466877434044517,0.017631038256471297,-0.9989938533180769,1.0,0.0,0.0,0.0,1.0,0.0,0.0,0.0,1.0,0.09129993617534637,-0.007797694765031367,-0.24214738607406616,1.2184696791468346e-07,0.0,0.0,0.0,1.2184696791468346e-07,0.0,0.0,0.0,1.2184696791468346e-07,-0.6249186396598816,-0.7283991575241077,9.8641357421875,8.999999999999999e-08,0.0,0.0,0.0,8.999999999999999e-08,0.0,0.0,0.0,8.999999999999999e-08
1759811067062182976,170137,1759811067057597056,base_link,-0.04147809392885948,-0.003035089391678565,0.019942413575657254,-0.9989358171076773,1.0,0.0,0.0,0.0,1.0,0.0,0.0,0.0,1.0,0.07443251460790634,0.04185744002461428,-0.4672004282474518,1.2184696791468346e-07,0.0,0.0,0.0,1.2184696791468346e-07,0.0,0.0,0.0,1.2184696791468346e-07,0.14425022900104523,2.016157627105714,8.696489334106445,8.999999999999999e-08,0.0,0.0,0.0,8.999999999999999e-08,0.0,0.0,0.0,8.999999999999999e-08
1759811067075020160,170138,1759811067068596032,base_link,-0.041506934227042075,-0.0032707732514624705,0.01991329010333623,-0.9989344262616765,1.0,0.0,0.0,0.0,1.0,0.0,0.0,0.0,1.0,0.013614842668175697,0.050810057669878006,-0.008920518681406982,1.2184696791468346e-07,0.0,0.0,0.0,1.2184696791468346e-07,0.0,0.0,0.0,1.2184696791468346e-07,0.8298745155334473,2.0526876449584974,9.866838455200195,8.999999999999999e-08,0.0,0.0,0.0,8.999999999999999e-08,0.0,0.0,0.0,8.999999999999999e-08
1759811067078986464,170139,1759811067073596032,base_link,-0.041679155469680707,-0.0032490900149926287,0.019064705455417892,-0.998943867155743,1.0,0.0,0.0,0.0,1.0,0.0,0.0,0.0,1.0,0.0046189920976758,0.021730097010731742,0.36051109433174133,1.2184696791468346e-07,0.0,0.0,0.0,1.2184696791468346e-07,0.0,0.0,0.0,1.2184696791468346e-07,0.40051084756851196,1.5593169927597057,9.832921981811523,8.999999999999999e-08,0.0,0.0,0.0,8.999999999999999e-08,0.0,0.0,0.0,8.999999999999999e-08
1759811067088939520,170140,1759811067083596032,base_link,-0.041641451162420656,-0.0030831723603844167,0.016899284672625192,-0.9989850024798896,1.0,0.0,0.0,0.0,1.0,0.0,0.0,0.0,1.0,-0.0034716096706688404,-0.025553068146109532,0.39732056856155396,1.2184696791468346e-07,0.0,0.0,0.0,1.2184696791468346e-07,0.0,0.0,0.0,1.2184696791468346e-07,-0.7966158986091614,0.48443618416786316,9.81338882446289,8.999999999999999e-08,0.0,0.0,0.0,8.999999999999999e-08,0.0,0.0,0.0,8.999999999999999e-08
1759811067098890560,170141,1759811067089596032,base_link,-0.04179291113090062,-0.0029027891171138536,0.01632924854651531,-0.9989886692557101,1.0,0.0,0.0,0.0,1.0,0.0,0.0,0.0,1.0,0.038916174322366714,-0.026609297841787324,0.11405682563781738,1.2184696791468346e-07,0.0,0.0,0.0,1.2184696791468346e-07,0.0,0.0,0.0,1.2184696791468346e-07,-0.47431614995002747,-0.14261285960674167,9.709837913513184,8.999999999999999e-08,0.0,0.0,0.0,8.999999999999999e-08,0.0,0.0,0.0,8.999999999999999e-08
1759811067103825920,170142,1759811067099596032,base_link,-0.04193519362311734,-0.0028139909756574617,0.01718133138286005,-0.9989686495026674,1.0,0.0,0.0,0.0,1.0,0.0,0.0,0.0,1.0,0.04358702152967453,-0.03423788771033289,-0.17959947884082794,1.2184696791468346e-07,0.0,0.0,0.0,1.2184696791468346e-07,0.0,0.0,0.0,1.2184696791468346e-07,-0.6602699160575867,-0.3670875430107105,9.405498504638672,8.999999999999999e-08,0.0,0.0,0.0,8.999999999999999e-08,0.0,0.0,0.0,8.999999999999999e-08
1759811067114292096,170143,1759811067110596032,base_link,-0.04215991535102136,-0.0030352408569154004,0.018886508579913804,-0.9989277670596118,1.0,0.0,0.0,0.0,1.0,0.0,0.0,0.0,1.0,0.03845097869634628,0.030380254611372903,-0.3567712604999542,1.2184696791468346e-07,0.0,0.0,0.0,1.2184696791468346e-07,0.0,0.0,0.0,1.2184696791468346e-07,0.10196273028850555,2.326645612716676,9.343901634216309,8.999999999999999e-08,0.0,0.0,0.0,8.999999999999999e-08,0.0,0.0,0.0,8.999999999999999e-08
1759811067118847552,170144,1759811067115596032,base_link,-0.04219535689935197,-0.0030048463936939683,0.019088349837432513,-0.998922498703548,1.0,0.0,0.0,0.0,1.0,0.0,0.0,0.0,1.0,0.02108190394937992,0.020739488303661322,-0.19130800664424896,1.2184696791468346e-07,0.0,0.0,0.0,1.2184696791468346e-07,0.0,0.0,0.0,1.2184696791468346e-07,0.7894791960716248,2.4903714656829847,9.860589027404785,8.999999999999999e-08,0.0,0.0,0.0,8.999999999999999e-08,0.0,0.0,0.0,8.999999999999999e-08
1759811067130914176,170145,1759811067126596032,base_link,-0.04195379092002277,-0.0029153699513943536,0.017438216424533984,-0.9989631282655125,1.0,0.0,0.0,0.0,1.0,0.0,0.0,0.0,1.0,-0.03533351421356201,-0.012439838610589466,0.31202059984207153,1.2184696791468346e-07,0.0,0.0,0.0,1.2184696791468346e-07,0.0,0.0,0.0,1.2184696791468346e-07,-0.2383977770805359,1.3301905393600475,9.643177032470703,8.999999999999999e-08,0.0,0.0,0.0,8.999999999999999e-08,0.0,0.0,0.0,8.999999999999999e-08
1759811067136882656,170146,1759811067131596032,base_link,-0.04193752618776461,-0.002626754918236831,0.016131284799059644,-0.9989866040601331,1.0,0.0,0.0,0.0,1.0,0.0,0.0,0.0,1.0,-0.022396404296159744,-0.0703203454613685,0.46847501397132874,1.2184696791468346e-07,0.0,0.0,0.0,1.2184696791468346e-07,0.0,0.0,0.0,1.2184696791468346e-07,-0.19286176562309265,0.5330294370651257,10.17602252960205,8.999999999999999e-08,0.0,0.0,0.0,8.999999999999999e-08,0.0,0.0,0.0,8.999999999999999e-08
1759811067141930912,170147,1759811067136596032,base_link,-0.04186842906380903,-0.002434167528144335,0.015199502272180828,-0.9990045586175986,1.0,0.0,0.0,0.0,1.0,0.0,0.0,0.0,1.0,-0.00981688592582941,-0.08296287804841991,0.3761921226978302,1.2184696791468346e-07,0.0,0.0,0.0,1.2184696791468346e-07,0.0,0.0,0.0,1.2184696791468346e-07,-0.570687472820282,0.3813821971416485,9.411540985107422,8.999999999999999e-08,0.0,0.0,0.0,8.999999999999999e-08,0.0,0.0,0.0,8.999999999999999e-08
1759811067149846336,170148,1759811067145596032,base_link,-0.041870298013122684,-0.0021281063338813343,0.014556004189116475,-0.9990147581549382,1.0,0.0,0.0,0.0,1.0,0.0,0.0,0.0,1.0,0.028265902772545815,-0.09442459791898725,0.2061024010181427,1.2184696791468346e-07,0.0,0.0,0.0,1.2184696791468346e-07,0.0,0.0,0.0,1.2184696791468346e-07,-0.42941996455192566,0.19247132539749265,9.776435852050781,8.999999999999999e-08,0.0,0.0,0.0,8.999999999999999e-08,0.0,0.0,0.0,8.999999999999999e-08
1759811067157011776,170149,1759811067152596032,base_link,-0.042113980554500545,-0.0018605423344659872,0.015249277700272209,-0.9989947384018957,1.0,0.0,0.0,0.0,1.0,0.0,0.0,0.0,1.0,0.03249610587954521,-0.049529451876878766,-0.20169495046138763,1.2184696791468346e-07,0.0,0.0,0.0,1.2184696791468346e-07,0.0,0.0,0.0,1.2184696791468346e-07,-0.9250247478485107,-0.20707020163535958,9.289942741394043,8.999999999999999e-08,0.0,0.0,0.0,8.999999999999999e-08,0.0,0.0,0.0,8.999999999999999e-08
1759811067163160608,170150,1759811067158594752,base_link,-0.042120342094447656,-0.0018367082916330775,0.016255744442712338,-0.9989786383057645,1.0,0.0,0.0,0.0,1.0,0.0,0.0,0.0,1.0,0.017248697578907013,-0.013298901729285762,-0.3661980628967285,1.2184696791468346e-07,0.0,0.0,0.0,1.2184696791468346e-07,0.0,0.0,0.0,1.2184696791468346e-07,-0.13897645473480225,0.9161847829818738,9.592606544494629,8.999999999999999e-08,0.0,0.0,0.0,8.999999999999999e-08,0.0,0.0,0.0,8.999999999999999e-08
1759811067169073184,170151,1759811067163594752,base_link,-0.0421774984893845,-0.0019684198274076505,0.017075500646249193,-0.9989622853285423,1.0,0.0,0.0,0.0,1.0,0.0,0.0,0.0,1.0,0.02031782455742359,0.017270211130380592,-0.3209722638130188,1.2184696791468346e-07,0.0,0.0,0.0,1.2184696791468346e-07,0.0,0.0,0.0,1.2184696791468346e-07,0.7957262992858887,2.1439547538757338,10.24976921081543,8.999999999999999e-08,0.0,0.0,0.0,8.999999999999999e-08,0.0,0.0,0.0,8.999999999999999e-08
1759811067178738336,170152,1759811067173594752,base_link,-0.04200092295045909,-0.0019482249015258552,0.01648101934800306,-0.9989797762706742,1.0,0.0,0.0,0.0,1.0,0.0,0.0,0.0,1.0,-0.03496810421347618,-0.0003843101439997411,0.11663834005594254,1.2184696791468346e-07,0.0,0.0,0.0,1.2184696791468346e-07,0.0,0.0,0.0,1.2184696791468346e-07,0.5086214542388916,1.5978548526763927,9.91072940826416,8.999999999999999e-08,0.0,0.0,0.0,8.999999999999999e-08,0.0,0.0,0.0,8.999999999999999e-08
1759811067189028608,170153,1759811067182594752,base_link,-0.041807358280316745,-0.0020349157005566986,0.015226813430015872,-0.9990075931906914,1.0,0.0,0.0,0.0,1.0,0.0,0.0,0.0,1.0,-0.013209101743996143,-0.03901044651865953,0.5000224113464355,1.2184696791468346e-07,0.0,0.0,0.0,1.2184696791468346e-07,0.0,0.0,0.0,1.2184696791468346e-07,-0.4774063527584076,1.87480127811432,9.742668151855469,8.999999999999999e-08,0.0,0.0,0.0,8.999999999999999e-08,0.0,0.0,0.0,8.999999999999999e-08
1759811067192913568,170154,1759811067189594752,base_link,-0.041726234816556386,-0.0015056553332921296,0.012861490144736006,-0.9990452303264117,1.0,0.0,0.0,0.0,1.0,0.0,0.0,0.0,1.0,-0.024243973195552826,-0.06098818778991694,0.47458261251449585,1.2184696791468346e-07,0.0,0.0,0.0,1.2184696791468346e-07,0.0,0.0,0.0,1.2184696791468346e-07,-0.32774052023887634,0.33583635091781744,10.205679893493652,8.999999999999999e-08,0.0,0.0,0.0,8.999999999999999e-08,0.0,0.0,0.0,8.999999999999999e-08
1759811067202125216,170155,1759811067200594752,base_link,-0.04193555845677476,-0.0010498279470236987,0.01232934403543742,-0.9990437130398653,1.0,0.0,0.0,0.0,1.0,0.0,0.0,0.0,1.0,0.049772199243307114,-0.08282161504030226,0.10286602377891542,1.2184696791468346e-07,0.0,0.0,0.0,1.2184696791468346e-07,0.0,0.0,0.0,1.2184696791468346e-07,-0.27854469418525696,-0.1446947753429401,9.813767433166504,8.999999999999999e-08,0.0,0.0,0.0,8.999999999999999e-08,0.0,0.0,0.0,8.999999999999999e-08
1759811067210189696,170156,1759811067205594752,base_link,-0.04204124299650484,-0.0011422335952948196,0.013167897733410204,-0.9990284558807043,1.0,0.0,0.0,0.0,1.0,0.0,0.0,0.0,1.0,0.04182835668325424,-0.031234310939908052,-0.19034211337566376,1.2184696791468346e-07,0.0,0.0,0.0,1.2184696791468346e-07,0.0,0.0,0.0,1.2184696791468346e-07,-0.950567901134491,-0.20508673787116893,9.175573348999023,8.999999999999999e-08,0.0,0.0,0.0,8.999999999999999e-08,0.0,0.0,0.0,8.999999999999999e-08
1759811067219965952,170157,1759811067216594752,base_link,-0.04226251395118703,-0.0013929283185936793,0.015050766043785847,-0.998992209590985,1.0,0.0,0.0,0.0,1.0,0.0,0.0,0.0,1.0,0.042043451219797134,0.04901822656393047,-0.36621952056884766,1.2184696791468346e-07,0.0,0.0,0.0,1.2184696791468346e-07,0.0,0.0,0.0,1.2184696791468346e-07,1.144901990890503,2.380699157714845,10.422194480895996,8.999999999999999e-08,0.0,0.0,0.0,8.999999999999999e-08,0.0,0.0,0.0,8.999999999999999e-08
1759811067229313952,170158,1759811067221594752,base_link,-0.0420241629861458,-0.001647071180936339,0.014989905994536167,-0.9990028305968097,1.0,0.0,0.0,0.0,1.0,0.0,0.0,0.0,1.0,-0.03432862460613251,0.07712427526712416,-0.06529153883457185,1.2184696791468346e-07,0.0,0.0,0.0,1.2184696791468346e-07,0.0,0.0,0.0,1.2184696791468346e-07,1.0781052112579346,2.8057429790496835,8.967849731445312,8.999999999999999e-08,0.0,0.0,0.0,8.999999999999999e-08,0.0,0.0,0.0,8.999999999999999e-08
1759811067237788608,170159,1759811067231594752,base_link,-0.04197362496351419,-0.0016398864603542485,0.013026832231444225,-0.9990324598313128,1.0,0.0,0.0,0.0,1.0,0.0,0.0,0.0,1.0,-0.03294258937239647,0.01022637262940412,0.42065727710723877,1.2184696791468346e-07,0.0,0.0,0.0,1.2184696791468346e-07,0.0,0.0,0.0,1.2184696791468346e-07,-0.6076109409332275,1.2353063821792616,10.146117210388184,8.999999999999999e-08,0.0,0.0,0.0,8.999999999999999e-08,0.0,0.0,0.0,8.999999999999999e-08
1759811067244718592,170160,1759811067237594752,base_link,-0.04197120151972481,-0.001426273061210876,0.01182998817428036,-0.9990477591373224,1.0,0.0,0.0,0.0,1.0,0.0,0.0,0.0,1.0,-0.010252391919493675,-0.03639733418822283,0.43357083201408386,1.2184696791468346e-07,0.0,0.0,0.0,1.2184696791468346e-07,0.0,0.0,0.0,1.2184696791468346e-07,-0.10388901829719543,0.47947421669960144,10.007735252380371,8.999999999999999e-08,0.0,0.0,0.0,8.999999999999999e-08,0.0,0.0,0.0,8.999999999999999e-08
1759811067250462144,170161,1759811067246594752,base_link,-0.042032297327908405,-0.0012853063409211123,0.011048164134403276,-0.99905433404569,1.0,0.0,0.0,0.0,1.0,0.0,0.0,0.0,1.0,0.019087372347712517,-0.0397211909294128,0.31529849767684937,1.2184696791468346e-07,0.0,0.0,0.0,1.2184696791468346e-07,0.0,0.0,0.0,1.2184696791468346e-07,0.07364800572395325,0.17078195512294883,9.392951965332031,8.999999999999999e-08,0.0,0.0,0.0,8.999999999999999e-08,0.0,0.0,0.0,8.999999999999999e-08
1759811067260410848,170162,1759811067252594752,base_link,-0.04227444546058266,-0.0011423771579975584,0.01060465284752313,-0.9990491499833232,1.0,0.0,0.0,0.0,1.0,0.0,0.0,0.0,1.0,0.055719081312417984,-0.012530947104096418,-0.0382157601416111,1.2184696791468346e-07,0.0,0.0,0.0,1.2184696791468346e-07,0.0,0.0,0.0,1.2184696791468346e-07,-0.9719009399414062,-0.9086632132530201,9.335087776184082,8.999999999999999e-08,0.0,0.0,0.0,8.999999999999999e-08,0.0,0.0,0.0,8.999999999999999e-08
1759811067266995584,170163,1759811067258593984,base_link,-0.04246381520220916,-0.0011231884881239577,0.011230407107364403,-0.9990342721457989,1.0,0.0,0.0,0.0,1.0,0.0,0.0,0.0,1.0,0.08036898076534271,0.035731051117181736,-0.331655889749527,1.2184696791468346e-07,0.0,0.0,0.0,1.2184696791468346e-07,0.0,0.0,0.0,1.2184696791468346e-07,-0.7140766978263855,-0.5981466770172107,9.680545806884766,8.999999999999999e-08,0.0,0.0,0.0,8.999999999999999e-08,0.0,0.0,0.0,8.999999999999999e-08
1759811067273200160,170164,1759811067268593984,base_link,-0.04284066729690227,-0.0014218687155414889,0.01298426391444825,-0.9989965507163816,1.0,0.0,0.0,0.0,1.0,0.0,0.0,0.0,1.0,0.06280914694070816,0.036377832293510395,-0.34771236777305603,1.2184696791468346e-07,0.0,0.0,0.0,1.2184696791468346e-07,0.0,0.0,0.0,1.2184696791468346e-07,0.8631457686424255,2.15905261039734,10.157922744750977,8.999999999999999e-08,0.0,0.0,0.0,8.999999999999999e-08,0.0,0.0,0.0,8.999999999999999e-08
1759811067285961344,170165,1759811067278593984,base_link,-0.042749674885145285,-0.0016316151413339841,0.012940768366784986,-0.9990006811075356,1.0,0.0,0.0,0.0,1.0,0.0,0.0,0.0,1.0,0.008280618116259575,0.03128007054328919,0.03508882969617843,1.2184696791468346e-07,0.0,0.0,0.0,1.2184696791468346e-07,0.0,0.0,0.0,1.2184696791468346e-07,1.181789755821228,2.304675340652467,10.311284065246582,8.999999999999999e-08,0.0,0.0,0.0,8.999999999999999e-08,0.0,0.0,0.0,8.999999999999999e-08
1759811067290147392,170166,1759811067279593984,base_link,-0.04286429587384869,-0.0016151120159639371,0.01242800980780142,-0.999002366981476,1.0,0.0,0.0,0.0,1.0,0.0,0.0,0.0,1.0,0.030175773426890373,-0.0022013518027960777,0.3904213607311249,1.2184696791468346e-07,0.0,0.0,0.0,1.2184696791468346e-07,0.0,0.0,0.0,1.2184696791468346e-07,0.24333485960960388,1.7079083919525158,8.626298904418945,8.999999999999999e-08,0.0,0.0,0.0,8.999999999999999e-08,0.0,0.0,0.0,8.999999999999999e-08
1759811067293042656,170167,1759811067288593984,base_link,-0.042897545786056736,-0.0015341992864461348,0.011244821329555095,-0.9990150531828779,1.0,0.0,0.0,0.0,1.0,0.0,0.0,0.0,1.0,0.03897334635257721,-0.015119050629436914,0.44810083508491516,1.2184696791468346e-07,0.0,0.0,0.0,1.2184696791468346e-07,0.0,0.0,0.0,1.2184696791468346e-07,-0.0877169594168663,1.245108008384706,10.31753158569336,8.999999999999999e-08,0.0,0.0,0.0,8.999999999999999e-08,0.0,0.0,0.0,8.999999999999999e-08
1759811067300791456,170168,1759811067295593984,base_link,-0.04315460731765878,-0.001260800582690058,0.00914430669346916,-0.9990257584823996,1.0,0.0,0.0,0.0,1.0,0.0,0.0,0.0,1.0,0.04544787108898163,-0.045646194368600804,0.35330772399902344,1.2184696791468346e-07,0.0,0.0,0.0,1.2184696791468346e-07,0.0,0.0,0.0,1.2184696791468346e-07,-0.5023100972175598,0.2583033740520489,9.510854721069336,8.999999999999999e-08,0.0,0.0,0.0,8.999999999999999e-08,0.0,0.0,0.0,8.999999999999999e-08
1759811067308812928,170169,1759811067300593984,base_link,-0.043332258918310225,-0.0012068289089938286,0.008571783903297204,-0.999023229671489,1.0,0.0,0.0,0.0,1.0,0.0,0.0,0.0,1.0,0.08580591529607773,-0.061502542346715906,0.18124696612358093,1.2184696791468346e-07,0.0,0.0,0.0,1.2184696791468346e-07,0.0,0.0,0.0,1.2184696791468346e-07,-0.49712908267974854,-0.06062873080372687,10.060675621032715,8.999999999999999e-08,0.0,0.0,0.0,8.999999999999999e-08,0.0,0.0,0.0,8.999999999999999e-08
1759811067316960736,170170,1759811067311593984,base_link,-0.04378730263661416,-0.0009544430433984676,0.00994842641620854,-0.9989909030386811,1.0,0.0,0.0,0.0,1.0,0.0,0.0,0.0,1.0,0.10090155899524689,-0.03819150477647786,-0.37183114886283875,1.2184696791468346e-07,0.0,0.0,0.0,1.2184696791468346e-07,0.0,0.0,0.0,1.2184696791468346e-07,-0.5484490990638733,-0.13266363739967219,10.350616455078125,8.999999999999999e-08,0.0,0.0,0.0,8.999999999999999e-08,0.0,0.0,0.0,8.999999999999999e-08
1759811067328488384,170171,1759811067321593984,base_link,-0.044331018055828945,-0.001136053813631908,0.01218832068031998,-0.99894197054756,1.0,0.0,0.0,0.0,1.0,0.0,0.0,0.0,1.0,0.08775147050619125,0.021738285198807668,-0.399071604013443,1.2184696791468346e-07,0.0,0.0,0.0,1.2184696791468346e-07,0.0,0.0,0.0,1.2184696791468346e-07,1.0161941051483154,2.6218948364257826,10.285400390625,8.999999999999999e-08,0.0,0.0,0.0,8.999999999999999e-08,0.0,0.0,0.0,8.999999999999999e-08
1759811067336967968,170172,1759811067332593984,base_link,-0.04439634040266477,-0.0011305431131891103,0.011572934545212415,-0.9989463116729566,1.0,0.0,0.0,0.0,1.0,0.0,0.0,0.0,1.0,0.010869942605495453,0.0007528373389505066,0.17650212347507477,1.2184696791468346e-07,0.0,0.0,0.0,1.2184696791468346e-07,0.0,0.0,0.0,1.2184696791468346e-07,0.09154899418354034,1.4857259988784801,9.142088890075684,8.999999999999999e-08,0.0,0.0,0.0,8.999999999999999e-08,0.0,0.0,0.0,8.999999999999999e-08
1759811067346403840,170173,1759811067337593984,base_link,-0.04454591034840682,-0.0009995651959964261,0.010312027278311995,-0.9989536030777489,1.0,0.0,0.0,0.0,1.0,0.0,0.0,0.0,1.0,0.06259555369615555,-0.04959231242537493,0.4493800401687622,1.2184696791468346e-07,0.0,0.0,0.0,1.2184696791468346e-07,0.0,0.0,0.0,1.2184696791468346e-07,-0.105107381939888,1.4641604423522963,10.212912559509277,8.999999999999999e-08,0.0,0.0,0.0,8.999999999999999e-08,0.0,0.0,0.0,8.999999999999999e-08
1759811067349909728,170174,1759811067343593984,base_link,-0.04459186490126287,-0.0008232451723401165,0.009160196055357799,-0.9989630018249669,1.0,0.0,0.0,0.0,1.0,0.0,0.0,0.0,1.0,0.04944591969251633,-0.05915944650769228,0.42598751187324524,1.2184696791468346e-07,0.0,0.0,0.0,1.2184696791468346e-07,0.0,0.0,0.0,1.2184696791468346e-07,-0.1912301778793335,-0.0029600716661650392,9.366435050964355,8.999999999999999e-08,0.0,0.0,0.0,8.999999999999999e-08,0.0,0.0,0.0,8.999999999999999e-08
1759811067356808256,170175,1759811067348593984,base_link,-0.04491553557566933,-0.0005344194049400409,0.008377992693844115,-0.9989555418327805,1.0,0.0,0.0,0.0,1.0,0.0,0.0,0.0,1.0,0.07392963767051697,-0.06155009195208546,0.2621670663356781,1.2184696791468346e-07,0.0,0.0,0.0,1.2184696791468346e-07,0.0,0.0,0.0,1.2184696791468346e-07,-0.1008625328540802,-0.07100466638803356,10.28107738494873,8.999999999999999e-08,0.0,0.0,0.0,8.999999999999999e-08,0.0,0.0,0.0,8.999999999999999e-08
1759811067374768288,170176,1759811067358592960,base_link,-0.045379480181543155,-8.799208297855317e-05,0.008694936994646048,-0.9989320238913114,1.0,0.0,0.0,0.0,1.0,0.0,0.0,0.0,1.0,0.10335929691791534,-0.09158495813608171,-0.1462962031364441,1.2184696791468346e-07,0.0,0.0,0.0,1.2184696791468346e-07,0.0,0.0,0.0,1.2184696791468346e-07,-1.0105353593826294,-1.5398535728454579,9.868447303771973,8.999999999999999e-08,0.0,0.0,0.0,8.999999999999999e-08,0.0,0.0,0.0,8.999999999999999e-08
1759811067374780256,170177,1759811067368592960,base_link,-0.0457820905861215,-0.00019314583583520512,0.00994577116475236,-0.9989019310414746,1.0,0.0,0.0,0.0,1.0,0.0,0.0,0.0,1.0,0.1095162183046341,-0.027404924854636255,-0.5057995319366455,1.2184696791468346e-07,0.0,0.0,0.0,1.2184696791468346e-07,0.0,0.0,0.0,1.2184696791468346e-07,-0.7318814396858215,0.25752761960029713,9.167170524597168,8.999999999999999e-08,0.0,0.0,0.0,8.999999999999999e-08,0.0,0.0,0.0,8.999999999999999e-08
1759811067387502432,170178,1759811067374592960,base_link,-0.046197447778196364,-0.0004317128034750538,0.011917569325486025,-0.9988611328921161,1.0,0.0,0.0,0.0,1.0,0.0,0.0,0.0,1.0,0.09756410866975784,0.04313694685697551,-0.38737207651138306,1.2184696791468346e-07,0.0,0.0,0.0,1.2184696791468346e-07,0.0,0.0,0.0,1.2184696791468346e-07,1.7241570949554443,2.7192382812500013,10.558662414550781,8.999999999999999e-08,0.0,0.0,0.0,8.999999999999999e-08,0.0,0.0,0.0,8.999999999999999e-08
1759811067387586944,170179,1759811067379592960,base_link,-0.04616160451771588,-0.0004883239235592806,0.011835635851980848,-0.9988637459967238,1.0,0.0,0.0,0.0,1.0,0.0,0.0,0.0,1.0,0.02942534163594246,0.02882890217006205,-0.1127609983086586,1.2184696791468346e-07,0.0,0.0,0.0,1.2184696791468346e-07,0.0,0.0,0.0,1.2184696791468346e-07,0.7305353283882141,2.2360036373138437,9.027984619140625,8.999999999999999e-08,0.0,0.0,0.0,8.999999999999999e-08,0.0,0.0,0.0,8.999999999999999e-08
1759811067395550112,170180,1759811067389592960,base_link,-0.046186576525458586,-0.0004601171451933667,0.011100173345465704,-0.9988710795483646,1.0,0.0,0.0,0.0,1.0,0.0,0.0,0.0,1.0,0.031186582520604134,-0.0003234691685065201,0.3478001654148102,1.2184696791468346e-07,0.0,0.0,0.0,1.2184696791468346e-07,0.0,0.0,0.0,1.2184696791468346e-07,-0.020103828981518745,2.006625890731813,10.137855529785156,8.999999999999999e-08,0.0,0.0,0.0,8.999999999999999e-08,0.0,0.0,0.0,8.999999999999999e-08
1759811067402083488,170181,1759811067390592960,base_link,-0.046337504389976095,-0.0004192821173423743,0.009857178489182432,-0.9988771486945502,1.0,0.0,0.0,0.0,1.0,0.0,0.0,0.0,1.0,0.046622373163700104,-0.0485584363341331,0.40488362312316895,1.2184696791468346e-07,0.0,0.0,0.0,1.2184696791468346e-07,0.0,0.0,0.0,1.2184696791468346e-07,-0.054693516343832016,0.9443185329437268,9.597811698913574,8.999999999999999e-08,0.0,0.0,0.0,8.999999999999999e-08,0.0,0.0,0.0,8.999999999999999e-08
1759811067408794336,170182,1759811067401592960,base_link,-0.04656785272215632,-6.291470811457423e-05,0.008196971979489792,-0.9988814898199468,1.0,0.0,0.0,0.0,1.0,0.0,0.0,0.0,1.0,0.05211944133043289,-0.04879547283053395,0.3074094355106354,1.2184696791468346e-07,0.0,0.0,0.0,1.2184696791468346e-07,0.0,0.0,0.0,1.2184696791468346e-07,-0.03719561547040939,0.5101744532585155,9.501860618591309,8.999999999999999e-08,0.0,0.0,0.0,8.999999999999999e-08,0.0,0.0,0.0,8.999999999999999e-08
1759811067412897376,170183,1759811067406592960,base_link,-0.04688747334783869,0.00014005924595782737,0.008033821528904143,-0.9988678763878778,1.0,0.0,0.0,0.0,1.0,0.0,0.0,0.0,1.0,0.08468632400035858,-0.03152697160840034,0.04526463523507119,1.2184696791468346e-07,0.0,0.0,0.0,1.2184696791468346e-07,0.0,0.0,0.0,1.2184696791468346e-07,-0.5226138830184937,-0.8345249295234669,9.404784202575684,8.999999999999999e-08,0.0,0.0,0.0,8.999999999999999e-08,0.0,0.0,0.0,8.999999999999999e-08
1759811067417981888,170184,1759811067411592960,base_link,-0.04711361226352389,0.00010246425708611082,0.008877601436092251,-0.9988500904178063,1.0,0.0,0.0,0.0,1.0,0.0,0.0,0.0,1.0,0.1142115518450737,-0.009351718239486252,-0.28210872411727905,1.2184696791468346e-07,0.0,0.0,0.0,1.2184696791468346e-07,0.0,0.0,0.0,1.2184696791468346e-07,-0.8243661522865295,-1.2412766218185414,9.615094184875488,8.999999999999999e-08,0.0,0.0,0.0,8.999999999999999e-08,0.0,0.0,0.0,8.999999999999999e-08
1759811067425080352,170185,1759811067416592960,base_link,-0.047342617164907834,-8.188605830054058e-05,0.010039463608992072,-0.9988283004971261,1.0,0.0,0.0,0.0,1.0,0.0,0.0,0.0,1.0,0.0909765362739563,0.02778690122067923,-0.4268204867839813,1.2184696791468346e-07,0.0,0.0,0.0,1.2184696791468346e-07,0.0,0.0,0.0,1.2184696791468346e-07,-0.1480119228363037,0.6639621257781994,9.213329315185547,8.999999999999999e-08,0.0,0.0,0.0,8.999999999999999e-08,0.0,0.0,0.0,8.999999999999999e-08
1759811067429855168,170186,1759811067426592960,base_link,-0.047617625351441414,-0.0003280447270284145,0.01125691747507772,-0.9988021694510494,1.0,0.0,0.0,0.0,1.0,0.0,0.0,0.0,1.0,0.06386124342679977,0.07470157742500301,-0.3925127387046814,1.2184696791468346e-07,0.0,0.0,0.0,1.2184696791468346e-07,0.0,0.0,0.0,1.2184696791468346e-07,0.1586829423904419,2.297541141510011,9.904667854309082,8.999999999999999e-08,0.0,0.0,0.0,8.999999999999999e-08,0.0,0.0,0.0,8.999999999999999e-08
1759811067437139008,170187,1759811067433592960,base_link,-0.047734208802778615,-0.0006708882662402824,0.011450202922348697,-0.9987942458435293,1.0,0.0,0.0,0.0,1.0,0.0,0.0,0.0,1.0,0.032807085663080215,0.0737522318959236,-0.056792512536048896,1.2184696791468346e-07,0.0,0.0,0.0,1.2184696791468346e-07,0.0,0.0,0.0,1.2184696791468346e-07,1.0447291135787964,2.083175659179689,9.966666221618652,8.999999999999999e-08,0.0,0.0,0.0,8.999999999999999e-08,0.0,0.0,0.0,8.999999999999999e-08
1759811067444369056,170188,1759811067438592960,base_link,-0.04788811065429417,-0.000793701548622998,0.010721526058443861,-0.9987948780462569,1.0,0.0,0.0,0.0,1.0,0.0,0.0,0.0,1.0,0.025308946147561073,0.05487363040447238,0.2490583211183548,1.2184696791468346e-07,0.0,0.0,0.0,1.2184696791468346e-07,0.0,0.0,0.0,1.2184696791468346e-07,0.4416254758834839,1.5347628593444835,9.180853843688965,8.999999999999999e-08,0.0,0.0,0.0,8.999999999999999e-08,0.0,0.0,0.0,8.999999999999999e-08
1759811067450774400,170189,1759811067443592960,base_link,-0.0479114178615207,-0.0006720868172448108,0.009447932590141648,-0.99880667916384,1.0,0.0,0.0,0.0,1.0,0.0,0.0,0.0,1.0,0.029082396999001503,-0.005504244938492722,0.42939701676368713,1.2184696791468346e-07,0.0,0.0,0.0,1.2184696791468346e-07,0.0,0.0,0.0,1.2184696791468346e-07,-0.08910731971263885,1.744899153709413,10.678804397583008,8.999999999999999e-08,0.0,0.0,0.0,8.999999999999999e-08,0.0,0.0,0.0,8.999999999999999e-08
1759811067456802784,170190,1759811067448592960,base_link,-0.04785304974468917,-0.0006990449952235913,0.008653127320923198,-0.9988167101137856,1.0,0.0,0.0,0.0,1.0,0.0,0.0,0.0,1.0,0.028855498880147934,-0.002650911919772584,0.3322506546974182,1.2184696791468346e-07,0.0,0.0,0.0,1.2184696791468346e-07,0.0,0.0,0.0,1.2184696791468346e-07,-0.6560180187225342,0.2805804908275616,9.405946731567383,8.999999999999999e-08,0.0,0.0,0.0,8.999999999999999e-08,0.0,0.0,0.0,8.999999999999999e-08
1759811067463485728,170191,1759811067459591424,base_link,-0.04834420014127678,-0.0006793176359424622,0.008276376642084355,-0.9987962688922578,1.0,0.0,0.0,0.0,1.0,0.0,0.0,0.0,1.0,0.08083908259868622,0.008171645924448976,0.06457767635583878,1.2184696791468346e-07,0.0,0.0,0.0,1.2184696791468346e-07,0.0,0.0,0.0,1.2184696791468346e-07,-0.5931669473648071,-1.4904979467391957,9.24792194366455,8.999999999999999e-08,0.0,0.0,0.0,8.999999999999999e-08,0.0,0.0,0.0,8.999999999999999e-08
1759811067469104096,170192,1759811067464591424,base_link,-0.048715669293161644,-0.000691606076461419,0.009319047527395362,-0.9987689998812713,1.0,0.0,0.0,0.0,1.0,0.0,0.0,0.0,1.0,0.12069053947925568,-0.0030724555253982843,-0.2441719025373459,1.2184696791468346e-07,0.0,0.0,0.0,1.2184696791468346e-07,0.0,0.0,0.0,1.2184696791468346e-07,-0.4060192108154297,-0.769936680793761,9.800772666931152,8.999999999999999e-08,0.0,0.0,0.0,8.999999999999999e-08,0.0,0.0,0.0,8.999999999999999e-08
1759811067487469888,170193,1759811067474591424,base_link,-0.04882916548784542,-0.000885202356740147,0.010595085512911188,-0.9987506238553205,1.0,0.0,0.0,0.0,1.0,0.0,0.0,0.0,1.0,0.10913816839456558,0.053973481059074346,-0.4788910746574402,1.2184696791468346e-07,0.0,0.0,0.0,1.2184696791468346e-07,0.0,0.0,0.0,1.2184696791468346e-07,-0.02318444848060608,1.4288326501846327,10.141103744506836,8.999999999999999e-08,0.0,0.0,0.0,8.999999999999999e-08,0.0,0.0,0.0,8.999999999999999e-08
1759811067487478784,170194,1759811067475591424,base_link,-0.049094261262444844,-0.0012336224508456113,0.011526067249668315,-0.9987268951796089,1.0,0.0,0.0,0.0,1.0,0.0,0.0,0.0,1.0,0.0666494369506836,0.05255927890539168,-0.1069561243057251,1.2184696791468346e-07,0.0,0.0,0.0,1.2184696791468346e-07,0.0,0.0,0.0,1.2184696791468346e-07,0.4089634120464325,2.54704236984253,9.051297187805176,8.999999999999999e-08,0.0,0.0,0.0,8.999999999999999e-08,0.0,0.0,0.0,8.999999999999999e-08
1759811067490199456,170195,1759811067485591424,base_link,-0.04926614928156243,-0.0013947261451004742,0.011364602673023081,-0.9987201095369986,1.0,0.0,0.0,0.0,1.0,0.0,0.0,0.0,1.0,0.014998645521700382,0.0434839315712452,0.03098111040890216,1.2184696791468346e-07,0.0,0.0,0.0,1.2184696791468346e-07,0.0,0.0,0.0,1.2184696791468346e-07,0.029377702623605728,1.7423920631408703,9.257037162780762,8.999999999999999e-08,0.0,0.0,0.0,8.999999999999999e-08,0.0,0.0,0.0,8.999999999999999e-08
1759811067499753056,170196,1759811067491591424,base_link,-0.04950406560722839,-0.00131833761635251,0.010561620915193536,-0.9987172435512999,1.0,0.0,0.0,0.0,1.0,0.0,0.0,0.0,1.0,0.009892317466437817,-0.007655451074242552,0.3241068124771118,1.2184696791468346e-07,0.0,0.0,0.0,1.2184696791468346e-07,0.0,0.0,0.0,1.2184696791468346e-07,0.3586907386779785,1.5226180553436293,10.039982795715332,8.999999999999999e-08,0.0,0.0,0.0,8.999999999999999e-08,0.0,0.0,0.0,8.999999999999999e-08
1759811067501927104,170197,1759811067496591424,base_link,-0.049620248663504736,-0.0012452971278831305,0.009431916787707497,-0.9987228912290004,1.0,0.0,0.0,0.0,1.0,0.0,0.0,0.0,1.0,0.043585557490587234,-0.030067527666687917,0.4016337990760803,1.2184696791468346e-07,0.0,0.0,0.0,1.2184696791468346e-07,0.0,0.0,0.0,1.2184696791468346e-07,0.029311176389455795,1.7408391237258922,9.655336380004883,8.999999999999999e-08,0.0,0.0,0.0,8.999999999999999e-08,0.0,0.0,0.0,8.999999999999999e-08
1759811067508917952,170198,1759811067501591424,base_link,-0.049554080745520666,-0.0010016066839711737,0.008755417722259152,-0.9987326271510063,1.0,0.0,0.0,0.0,1.0,0.0,0.0,0.0,1.0,0.056549735367298126,-0.02856915257871148,0.2459898144006729,1.2184696791468346e-07,0.0,0.0,0.0,1.2184696791468346e-07,0.0,0.0,0.0,1.2184696791468346e-07,-0.40755584836006165,0.025352666154505012,9.712237358093262,8.999999999999999e-08,0.0,0.0,0.0,8.999999999999999e-08,0.0,0.0,0.0,8.999999999999999e-08
1759811067517931232,170199,1759811067512591424,base_link,-0.04998738459252707,-0.0008380479357905525,0.008779146397970797,-0.9987109215240232,1.0,0.0,0.0,0.0,1.0,0.0,0.0,0.0,1.0,0.08403044193983078,-0.038253802806139,-0.06634259223937988,1.2184696791468346e-07,0.0,0.0,0.0,1.2184696791468346e-07,0.0,0.0,0.0,1.2184696791468346e-07,-1.0066522359848022,-0.6337627172470082,9.112566947937012,8.999999999999999e-08,0.0,0.0,0.0,8.999999999999999e-08,0.0,0.0,0.0,8.999999999999999e-08
1759811067526924544,170200,1759811067517591424,base_link,-0.05023304540160691,-0.0009007440071285396,0.009843986525598548,-0.998688625841161,1.0,0.0,0.0,0.0,1.0,0.0,0.0,0.0,1.0,0.09052462875843048,-0.014626051299274008,-0.3292314410209656,1.2184696791468346e-07,0.0,0.0,0.0,1.2184696791468346e-07,0.0,0.0,0.0,1.2184696791468346e-07,-0.7078619599342346,-0.009792996570466766,9.662703514099121,8.999999999999999e-08,0.0,0.0,0.0,8.999999999999999e-08,0.0,0.0,0.0,8.999999999999999e-08
1759811067532228448,170201,1759811067526591424,base_link,-0.050554480975953275,-0.0009807308230681193,0.010851886260888038,-0.9986619047392051,1.0,0.0,0.0,0.0,1.0,0.0,0.0,0.0,1.0,0.07956481724977493,0.01681388169527049,-0.39556199312210083,1.2184696791468346e-07,0.0,0.0,0.0,1.2184696791468346e-07,0.0,0.0,0.0,1.2184696791468346e-07,0.4061865508556366,1.7205017805099498,9.923931121826172,8.999999999999999e-08,0.0,0.0,0.0,8.999999999999999e-08,0.0,0.0,0.0,8.999999999999999e-08
1759811067539515872,170202,1759811067528591424,base_link,-0.05064485172169473,-0.0010225325942568332,0.011680661890006251,-0.9986479119854995,1.0,0.0,0.0,0.0,1.0,0.0,0.0,0.0,1.0,0.04881603643298149,0.018570715561509105,-0.23880748450756073,1.2184696791468346e-07,0.0,0.0,0.0,1.2184696791468346e-07,0.0,0.0,0.0,1.2184696791468346e-07,0.43840545415878296,1.9495843648910536,10.348689079284668,8.999999999999999e-08,0.0,0.0,0.0,8.999999999999999e-08,0.0,0.0,0.0,8.999999999999999e-08
1759811067546918528,170203,1759811067538591424,base_link,-0.050718276800156774,-0.0008035533744624182,0.011414799569599541,-0.9986474905170144,1.0,0.0,0.0,0.0,1.0,0.0,0.0,0.0,1.0,-0.00882017146795988,-0.04047115519642827,0.2205311805009842,1.2184696791468346e-07,0.0,0.0,0.0,1.2184696791468346e-07,0.0,0.0,0.0,1.2184696791468346e-07,0.13297109305858612,1.8981735706329357,9.537702560424805,8.999999999999999e-08,0.0,0.0,0.0,8.999999999999999e-08,0.0,0.0,0.0,8.999999999999999e-08
1759811067552857248,170204,1759811067549591424,base_link,-0.05085198504287955,-0.0003814711258720356,0.009223289887578595,-0.998663548466297,1.0,0.0,0.0,0.0,1.0,0.0,0.0,0.0,1.0,0.025958167389035225,-0.07708416879177088,0.43086060881614685,1.2184696791468346e-07,0.0,0.0,0.0,1.2184696791468346e-07,0.0,0.0,0.0,1.2184696791468346e-07,0.27344784140586853,2.1403629779815687,9.800562858581543,8.999999999999999e-08,0.0,0.0,0.0,8.999999999999999e-08,0.0,0.0,0.0,8.999999999999999e-08
1759811067562534336,170205,1759811067558590912,base_link,-0.05088767288685615,-8.907209597164482e-05,0.008423216262296281,-0.9986689011160579,1.0,0.0,0.0,0.0,1.0,0.0,0.0,0.0,1.0,0.027203943580389023,-0.08013296872377393,0.26270055770874023,1.2184696791468346e-07,0.0,0.0,0.0,1.2184696791468346e-07,0.0,0.0,0.0,1.2184696791468346e-07,-0.026274053379893303,1.203530788421632,9.568669319152832,8.999999999999999e-08,0.0,0.0,0.0,8.999999999999999e-08,0.0,0.0,0.0,8.999999999999999e-08
1759811067572631168,170206,1759811067565590912,base_link,-0.05110977097344037,0.000300570250155504,0.008829764763032362,-0.998653981131685,1.0,0.0,0.0,0.0,1.0,0.0,0.0,0.0,1.0,0.047375619411468506,-0.08726122975349428,-0.13893841207027435,1.2184696791468346e-07,0.0,0.0,0.0,1.2184696791468346e-07,0.0,0.0,0.0,1.2184696791468346e-07,-0.6633120775222778,-0.301197290420531,9.887534141540527,8.999999999999999e-08,0.0,0.0,0.0,8.999999999999999e-08,0.0,0.0,0.0,8.999999999999999e-08
1759811067578919360,170207,1759811067570590912,base_link,-0.05120102153464449,0.0004356061186063771,0.009948299975663008,-0.9986387661193726,1.0,0.0,0.0,0.0,1.0,0.0,0.0,0.0,1.0,0.056249286979436874,-0.06281869858503347,-0.42527157068252563,1.2184696791468346e-07,0.0,0.0,0.0,1.2184696791468346e-07,0.0,0.0,0.0,1.2184696791468346e-07,-0.4727001488208771,0.22376485168933988,9.712891578674316,8.999999999999999e-08,0.0,0.0,0.0,8.999999999999999e-08,0.0,0.0,0.0,8.999999999999999e-08
1759811067585078656,170208,1759811067580590912,base_link,-0.051429236182618854,0.00039401244748218884,0.011908381312510622,-0.998605638696443,1.0,0.0,0.0,0.0,1.0,0.0,0.0,0.0,1.0,0.039705462753772736,-0.017557475715875674,-0.3880625367164612,1.2184696791468346e-07,0.0,0.0,0.0,1.2184696791468346e-07,0.0,0.0,0.0,1.2184696791468346e-07,0.2651715576648712,2.3219907283782972,9.514554023742676,8.999999999999999e-08,0.0,0.0,0.0,8.999999999999999e-08,0.0,0.0,0.0,8.999999999999999e-08
1759811067597862976,170209,1759811067591590912,base_link,-0.0511393975737655,0.000605162890165706,0.01138466457291427,-0.9986264592396075,1.0,0.0,0.0,0.0,1.0,0.0,0.0,0.0,1.0,-0.05459968000650406,-0.04418841004371641,0.16221439838409424,1.2184696791468346e-07,0.0,0.0,0.0,1.2184696791468346e-07,0.0,0.0,0.0,1.2184696791468346e-07,0.15800446271896362,1.918017625808717,9.253467559814453,8.999999999999999e-08,0.0,0.0,0.0,8.999999999999999e-08,0.0,0.0,0.0,8.999999999999999e-08
1759811067603177792,170210,1759811067596590912,base_link,-0.05116305512667027,0.0009548210479461762,0.010236963741114099,-0.9986374595670687,1.0,0.0,0.0,0.0,1.0,0.0,0.0,0.0,1.0,-0.011176765896379948,-0.08328633755445476,0.3901624083518982,1.2184696791468346e-07,0.0,0.0,0.0,1.2184696791468346e-07,0.0,0.0,0.0,1.2184696791468346e-07,-0.18644165992736816,1.6625230312347425,10.0393648147583,8.999999999999999e-08,0.0,0.0,0.0,8.999999999999999e-08,0.0,0.0,0.0,8.999999999999999e-08
1759811067609855168,170211,1759811067606590912,base_link,-0.05085779603961799,0.0011957956543072127,0.009162261250934802,-0.9986632112915089,1.0,0.0,0.0,0.0,1.0,0.0,0.0,0.0,1.0,-0.02336164005100727,-0.10728234052658077,0.37236034870147705,1.2184696791468346e-07,0.0,0.0,0.0,1.2184696791468346e-07,0.0,0.0,0.0,1.2184696791468346e-07,-0.4306167960166931,0.7210114002227794,9.335474014282227,8.999999999999999e-08,0.0,0.0,0.0,8.999999999999999e-08,0.0,0.0,0.0,8.999999999999999e-08
1759811067619242496,170212,1759811067607590912,base_link,-0.05096190929215203,0.0014907129584061317,0.0085842593704564,-0.9986626212356298,1.0,0.0,0.0,0.0,1.0,0.0,0.0,0.0,1.0,-0.0205629114061594,-0.08994838595390317,0.20508891344070435,1.2184696791468346e-07,0.0,0.0,0.0,1.2184696791468346e-07,0.0,0.0,0.0,1.2184696791468346e-07,-0.24722613394260406,0.044517293572427,9.488773345947266,8.999999999999999e-08,0.0,0.0,0.0,8.999999999999999e-08,0.0,0.0,0.0,8.999999999999999e-08
1759811067619248288,170213,1759811067612590912,base_link,-0.050958795693718285,0.0017662269071218445,0.008450864594919446,-0.9986635063194486,1.0,0.0,0.0,0.0,1.0,0.0,0.0,0.0,1.0,0.026432251557707787,-0.10958606749773026,0.03024300560355188,1.2184696791468346e-07,0.0,0.0,0.0,1.2184696791468346e-07,0.0,0.0,0.0,1.2184696791468346e-07,-0.24722613394260406,0.044517293572427,9.488773345947266,8.999999999999999e-08,0.0,0.0,0.0,8.999999999999999e-08,0.0,0.0,0.0,8.999999999999999e-08
1759811067628812768,170214,1759811067623590912,base_link,-0.05104674562984839,0.0020115057603870587,0.01035893672070465,-0.9986405784338586,1.0,0.0,0.0,0.0,1.0,0.0,0.0,0.0,1.0,0.035556718707084656,-0.05474492162466054,-0.42341741919517517,1.2184696791468346e-07,0.0,0.0,0.0,1.2184696791468346e-07,0.0,0.0,0.0,1.2184696791468346e-07,-0.3939436972141266,0.5889140963554393,9.400101661682129,8.999999999999999e-08,0.0,0.0,0.0,8.999999999999999e-08,0.0,0.0,0.0,8.999999999999999e-08
1759811067638852128,170215,1759811067628590912,base_link,-0.051024323506440594,0.001885260144028736,0.011420531540997057,-0.998630378896519,1.0,0.0,0.0,0.0,1.0,0.0,0.0,0.0,1.0,-0.011620800010859966,0.006647840142250021,-0.3243204951286316,1.2184696791468346e-07,0.0,0.0,0.0,1.2184696791468346e-07,0.0,0.0,0.0,1.2184696791468346e-07,0.7943901419639587,2.3893606662750257,10.13232421875,8.999999999999999e-08,0.0,0.0,0.0,8.999999999999999e-08,0.0,0.0,0.0,8.999999999999999e-08
1759811067644874240,170216,1759811067639590912,base_link,-0.050927593854930064,0.001799019789441351,0.012240919947261586,-0.9986257848900312,1.0,0.0,0.0,0.0,1.0,0.0,0.0,0.0,1.0,-0.03377228602766991,0.011417165398597714,-0.022563936188817024,1.2184696791468346e-07,0.0,0.0,0.0,1.2184696791468346e-07,0.0,0.0,0.0,1.2184696791468346e-07,0.8409421443939209,2.733951568603517,9.173247337341309,8.999999999999999e-08,0.0,0.0,0.0,8.999999999999999e-08,0.0,0.0,0.0,8.999999999999999e-08
1759811067650875264,170217,1759811067644590912,base_link,-0.050683347599453366,0.0019280787079377728,0.011504361622685214,-0.9986466897268926,1.0,0.0,0.0,0.0,1.0,0.0,0.0,0.0,1.0,-0.04399876296520233,-0.010657059028744658,0.32602444291114807,1.2184696791468346e-07,0.0,0.0,0.0,1.2184696791468346e-07,0.0,0.0,0.0,1.2184696791468346e-07,-0.07839163392782211,2.1793501377105726,10.036177635192871,8.999999999999999e-08,0.0,0.0,0.0,8.999999999999999e-08,0.0,0.0,0.0,8.999999999999999e-08
1759811067660880256,170218,1759811067649590912,base_link,-0.05063489452873403,0.0020363381566940683,0.010407110568552601,-0.9986609353616893,1.0,0.0,0.0,0.0,1.0,0.0,0.0,0.0,1.0,-0.0694003775715828,-0.07394476979970926,0.4229131042957306,1.2184696791468346e-07,0.0,0.0,0.0,1.2184696791468346e-07,0.0,0.0,0.0,1.2184696791468346e-07,-0.29902565479278564,1.05871880054474,10.321263313293457,8.999999999999999e-08,0.0,0.0,0.0,8.999999999999999e-08,0.0,0.0,0.0,8.999999999999999e-08
1759811067665061632,170219,1759811067660590144,base_link,-0.05035889589126044,0.0024433502727637716,0.008719972222661517,-0.9986901852745559,1.0,0.0,0.0,0.0,1.0,0.0,0.0,0.0,1.0,-0.04056767374277115,-0.05182354524731632,0.3341992497444153,1.2184696791468346e-07,0.0,0.0,0.0,1.2184696791468346e-07,0.0,0.0,0.0,1.2184696791468346e-07,-0.5002448558807373,0.7760873436927807,9.012513160705566,8.999999999999999e-08,0.0,0.0,0.0,8.999999999999999e-08,0.0,0.0,0.0,8.999999999999999e-08
1759811067674985792,170220,1759811067665590144,base_link,-0.05053642105136636,0.0027019290909122045,0.008754490491591948,-0.9986802807651558,1.0,0.0,0.0,0.0,1.0,0.0,0.0,0.0,1.0,0.012651144526898861,-0.0737040489912033,0.058798801153898246,1.2184696791468346e-07,0.0,0.0,0.0,1.2184696791468346e-07,0.0,0.0,0.0,1.2184696791468346e-07,-0.6064156889915466,-0.9486769437789905,9.64573860168457,8.999999999999999e-08,0.0,0.0,0.0,8.999999999999999e-08,0.0,0.0,0.0,8.999999999999999e-08
1759811067676227552,170221,1759811067670590144,base_link,-0.05043968613149976,0.002728315652258056,0.009621872633946139,-0.9986770776046691,1.0,0.0,0.0,0.0,1.0,0.0,0.0,0.0,1.0,0.009345834143459797,-0.0550210885703564,-0.24677710235118866,1.2184696791468346e-07,0.0,0.0,0.0,1.2184696791468346e-07,0.0,0.0,0.0,1.2184696791468346e-07,-0.566292405128479,-0.7072236537933336,10.69211196899414,8.999999999999999e-08,0.0,0.0,0.0,8.999999999999999e-08,0.0,0.0,0.0,8.999999999999999e-08
1759811067682004160,170222,1759811067680590144,base_link,-0.05057100517474758,0.0027708576274737377,0.010951647851313352,-0.9986566363831413,1.0,0.0,0.0,0.0,1.0,0.0,0.0,0.0,1.0,0.0011385647812858224,-0.0002598812570796053,-0.5195706486701965,1.2184696791468346e-07,0.0,0.0,0.0,1.2184696791468346e-07,0.0,0.0,0.0,1.2184696791468346e-07,-0.566292405128479,-0.7072236537933336,10.69211196899414,8.999999999999999e-08,0.0,0.0,0.0,8.999999999999999e-08,0.0,0.0,0.0,8.999999999999999e-08
1759811067687863040,170223,1759811067681590144,base_link,-0.05065483525643575,0.0026371204087926084,0.012239739835503286,-0.9986377545950084,1.0,0.0,0.0,0.0,1.0,0.0,0.0,0.0,1.0,0.018859408795833588,0.031135383993387167,-0.4584805369377136,1.2184696791468346e-07,0.0,0.0,0.0,1.2184696791468346e-07,0.0,0.0,0.0,1.2184696791468346e-07,0.4493063688278198,2.54906725883484,9.96863842010498,8.999999999999999e-08,0.0,0.0,0.0,8.999999999999999e-08,0.0,0.0,0.0,8.999999999999999e-08
1759811067695873632,170224,1759811067686590144,base_link,-0.05053221953740543,0.002458602163568652,0.013057599430857204,-0.9986340878191879,1.0,0.0,0.0,0.0,1.0,0.0,0.0,0.0,1.0,-0.055826690047979355,0.03243299946188925,-0.11232544481754303,1.2184696791468346e-07,0.0,0.0,0.0,1.2184696791468346e-07,0.0,0.0,0.0,1.2184696791468346e-07,1.1197022199630737,2.3231973648071302,10.196240425109863,8.999999999999999e-08,0.0,0.0,0.0,8.999999999999999e-08,0.0,0.0,0.0,8.999999999999999e-08
1759811067700817024,170225,1759811067697590144,base_link,-0.05022278527817254,0.0023365685978833923,0.01261771277294896,-0.998655624858777,1.0,0.0,0.0,0.0,1.0,0.0,0.0,0.0,1.0,-0.059643153101205826,0.032707203179597875,0.15153472125530243,1.2184696791468346e-07,0.0,0.0,0.0,1.2184696791468346e-07,0.0,0.0,0.0,1.2184696791468346e-07,1.3944181203842163,2.367419242858888,9.810248374938965,8.999999999999999e-08,0.0,0.0,0.0,8.999999999999999e-08,0.0,0.0,0.0,8.999999999999999e-08
1759811067710061440,170226,1759811067702590144,base_link,-0.05014300919647552,0.002474660112851302,0.011525687928031709,-0.9986724835981813,1.0,0.0,0.0,0.0,1.0,0.0,0.0,0.0,1.0,-0.04640479013323784,-0.0014594357926398112,0.3293037712574005,1.2184696791468346e-07,0.0,0.0,0.0,1.2184696791468346e-07,0.0,0.0,0.0,1.2184696791468346e-07,-0.37943869829177856,1.1921943426132215,10.53122615814209,8.999999999999999e-08,0.0,0.0,0.0,8.999999999999999e-08,0.0,0.0,0.0,8.999999999999999e-08
1759811067713606720,170227,1759811067707590144,base_link,-0.05005155053520687,0.0025510776175576167,0.010672003511443571,-0.9986863499113414,1.0,0.0,0.0,0.0,1.0,0.0,0.0,0.0,1.0,-0.036903586238622665,-0.027227420359849885,0.36461949348449707,1.2184696791468346e-07,0.0,0.0,0.0,1.2184696791468346e-07,0.0,0.0,0.0,1.2184696791468346e-07,-0.7748920917510986,0.10166323184967156,9.452320098876953,8.999999999999999e-08,0.0,0.0,0.0,8.999999999999999e-08,0.0,0.0,0.0,8.999999999999999e-08
1759811067720453088,170228,1759811067713590144,base_link,-0.0500767306430141,0.002812954426602026,0.010358683839613565,-0.9986876986104938,1.0,0.0,0.0,0.0,1.0,0.0,0.0,0.0,1.0,0.028522275388240814,-0.045627996325492845,0.13169577717781067,1.2184696791468346e-07,0.0,0.0,0.0,1.2184696791468346e-07,0.0,0.0,0.0,1.2184696791468346e-07,-0.3211095333099365,-0.6487268209457385,9.614666938781738,8.999999999999999e-08,0.0,0.0,0.0,8.999999999999999e-08,0.0,0.0,0.0,8.999999999999999e-08
1759811067721878400,170229,1759811067718590144,base_link,-0.050158558749398,0.002853462816377059,0.010593905401152874,-0.9986809972615805,1.0,0.0,0.0,0.0,1.0,0.0,0.0,0.0,1.0,0.031136861070990562,-0.054096750915050514,-0.04002431407570838,1.2184696791468346e-07,0.0,0.0,0.0,1.2184696791468346e-07,0.0,0.0,0.0,1.2184696791468346e-07,-0.3211095333099365,-0.6487268209457385,9.614666938781738,8.999999999999999e-08,0.0,0.0,0.0,8.999999999999999e-08,0.0,0.0,0.0,8.999999999999999e-08
1759811067733095072,170230,1759811067723590144,base_link,-0.050245826433417844,0.0029932665470657266,0.011664013884844485,-0.9986643071095702,1.0,0.0,0.0,0.0,1.0,0.0,0.0,0.0,1.0,0.028194889426231384,-0.04098835587501531,-0.3990733325481415,1.2184696791468346e-07,0.0,0.0,0.0,1.2184696791468346e-07,0.0,0.0,0.0,1.2184696791468346e-07,-0.8415964841842651,-0.522503376007079,8.959193229675293,8.999999999999999e-08,0.0,0.0,0.0,8.999999999999999e-08,0.0,0.0,0.0,8.999999999999999e-08
1759811067737351872,170231,1759811067729590144,base_link,-0.050332464548888046,0.0029327067941116343,0.013210634637800226,-0.9986408734617982,1.0,0.0,0.0,0.0,1.0,0.0,0.0,0.0,1.0,0.03819148615002632,0.007715159095823694,-0.5822944045066833,1.2184696791468346e-07,0.0,0.0,0.0,1.2184696791468346e-07,0.0,0.0,0.0,1.2184696791468346e-07,-0.28392350673675537,0.8218550682067883,10.373322486877441,8.999999999999999e-08,0.0,0.0,0.0,8.999999999999999e-08,0.0,0.0,0.0,8.999999999999999e-08
1759811067740807744,170232,1759811067734590144,base_link,-0.05040486229791764,0.0026740515848002787,0.014484143812405396,-0.9986203057997248,1.0,0.0,0.0,0.0,1.0,0.0,0.0,0.0,1.0,0.010340574197471142,0.036730784922838156,-0.4417947828769684,1.2184696791468346e-07,0.0,0.0,0.0,1.2184696791468346e-07,0.0,0.0,0.0,1.2184696791468346e-07,-0.28392350673675537,0.8218550682067883,10.373322486877441,8.999999999999999e-08,0.0,0.0,0.0,8.999999999999999e-08,0.0,0.0,0.0,8.999999999999999e-08
1759811067747012704,170233,1759811067739590144,base_link,-0.05040578426022881,0.002688007460013448,0.015204602040850616,-0.9986095162065061,1.0,0.0,0.0,0.0,1.0,0.0,0.0,0.0,1.0,-0.04671946540474892,0.05536790564656255,-0.2054237425327301,1.2184696791468346e-07,0.0,0.0,0.0,1.2184696791468346e-07,0.0,0.0,0.0,1.2184696791468346e-07,1.3070985078811646,2.0608685016632093,9.914383888244629,8.999999999999999e-08,0.0,0.0,0.0,8.999999999999999e-08,0.0,0.0,0.0,8.999999999999999e-08
1759811067752898944,170234,1759811067750590144,base_link,-0.050189860686951436,0.002523803338215005,0.014620826042126228,-0.9986295359595487,1.0,0.0,0.0,0.0,1.0,0.0,0.0,0.0,1.0,-0.027045683935284615,0.018285065889358534,0.11928359419107437,1.2184696791468346e-07,0.0,0.0,0.0,1.2184696791468346e-07,0.0,0.0,0.0,1.2184696791468346e-07,0.9055744409561157,2.4753415584564222,9.13672924041748,8.999999999999999e-08,0.0,0.0,0.0,8.999999999999999e-08,0.0,0.0,0.0,8.999999999999999e-08
1759811067765020096,170235,1759811067760591680,base_link,-0.05006246393479317,0.0028213047709632474,0.013162123615164216,-0.9986554141245344,1.0,0.0,0.0,0.0,1.0,0.0,0.0,0.0,1.0,-0.016537237912416458,-0.05866273492574688,0.2927228808403015,1.2184696791468346e-07,0.0,0.0,0.0,1.2184696791468346e-07,0.0,0.0,0.0,1.2184696791468346e-07,-0.28758612275123596,0.3006137311458599,9.007305145263672,8.999999999999999e-08,0.0,0.0,0.0,8.999999999999999e-08,0.0,0.0,0.0,8.999999999999999e-08
1759811067774975872,170236,1759811067766591680,base_link,-0.05009763811405354,0.002909341634968409,0.012876873744442465,-0.9986570999984749,1.0,0.0,0.0,0.0,1.0,0.0,0.0,0.0,1.0,0.00314888684079051,-0.04897216707468031,0.149630606174469,1.2184696791468346e-07,0.0,0.0,0.0,1.2184696791468346e-07,0.0,0.0,0.0,1.2184696791468346e-07,0.10545472800731659,-0.2895162701606738,10.090315818786621,8.999999999999999e-08,0.0,0.0,0.0,8.999999999999999e-08,0.0,0.0,0.0,8.999999999999999e-08
1759811067780492672,170237,1759811067771591680,base_link,-0.050241674968839516,0.003011721598357435,0.013076144044201965,-0.9986469847548323,1.0,0.0,0.0,0.0,1.0,0.0,0.0,0.0,1.0,0.01151915080845356,-0.0502949580550194,-0.17583391070365906,1.2184696791468346e-07,0.0,0.0,0.0,1.2184696791468346e-07,0.0,0.0,0.0,1.2184696791468346e-07,-0.9222458600997925,-0.3709585964679707,9.109621047973633,8.999999999999999e-08,0.0,0.0,0.0,8.999999999999999e-08,0.0,0.0,0.0,8.999999999999999e-08
1759811067787866912,170238,1759811067781591680,base_link,-0.050361777682027375,0.0030709379205152406,0.015365055093131616,-0.9986081253605052,1.0,0.0,0.0,0.0,1.0,0.0,0.0,0.0,1.0,0.04321720823645592,-0.014519177377224026,-0.4678472578525543,1.2184696791468346e-07,0.0,0.0,0.0,1.2184696791468346e-07,0.0,0.0,0.0,1.2184696791468346e-07,0.03761114552617073,0.9627676010131847,9.216570854187012,8.999999999999999e-08,0.0,0.0,0.0,8.999999999999999e-08,0.0,0.0,0.0,8.999999999999999e-08
1759811067796778272,170239,1759811067792591680,base_link,-0.050287604497004264,0.0029691532813614315,0.016967267539273218,-0.9985862511461281,1.0,0.0,0.0,0.0,1.0,0.0,0.0,0.0,1.0,-0.01705298386514187,0.003545676823705404,-0.2511875331401825,1.2184696791468346e-07,0.0,0.0,0.0,1.2184696791468346e-07,0.0,0.0,0.0,1.2184696791468346e-07,1.2231827974319458,2.5141680240631117,9.750947952270508,8.999999999999999e-08,0.0,0.0,0.0,8.999999999999999e-08,0.0,0.0,0.0,8.999999999999999e-08
1759811067814257952,170240,1759811067803591680,base_link,-0.05010319096134485,0.003116114073762853,0.015981874221088526,-0.9986112863741435,1.0,0.0,0.0,0.0,1.0,0.0,0.0,0.0,1.0,-0.04417170584201813,-0.02369389869272705,0.30379989743232727,1.2184696791468346e-07,0.0,0.0,0.0,1.2184696791468346e-07,0.0,0.0,0.0,1.2184696791468346e-07,0.09137654304504395,1.8950743675231947,10.554791450500488,8.999999999999999e-08,0.0,0.0,0.0,8.999999999999999e-08,0.0,0.0,0.0,8.999999999999999e-08
1759811067818126272,170241,1759811067813591680,base_link,-0.04991476820672083,0.003510129155423012,0.014122692439575991,-0.9986475326638629,1.0,0.0,0.0,0.0,1.0,0.0,0.0,0.0,1.0,-0.043498363345861435,-0.06663273274898525,0.36997467279434204,1.2184696791468346e-07,0.0,0.0,0.0,1.2184696791468346e-07,0.0,0.0,0.0,1.2184696791468346e-07,-0.22422674298286438,0.6812517046928418,9.923482894897461,8.999999999999999e-08,0.0,0.0,0.0,8.999999999999999e-08,0.0,0.0,0.0,8.999999999999999e-08
1759811067834456672,170242,1759811067823591680,base_link,-0.04983885909837468,0.0037080428534960732,0.013410368552893341,-0.9986603874526587,1.0,0.0,0.0,0.0,1.0,0.0,0.0,0.0,1.0,0.006320762913674116,-0.07208085805177686,0.18491387367248535,1.2184696791468346e-07,0.0,0.0,0.0,1.2184696791468346e-07,0.0,0.0,0.0,1.2184696791468346e-07,-0.24551667273044586,0.25809866189956787,10.10252571105957,8.999999999999999e-08,0.0,0.0,0.0,8.999999999999999e-08,0.0,0.0,0.0,8.999999999999999e-08
1759811067834460768,170243,1759811067824591680,base_link,-0.04996836582713653,0.0037981738890366223,0.013374375144265033,-0.998654065425382,1.0,0.0,0.0,0.0,1.0,0.0,0.0,0.0,1.0,-0.013685970567166805,-0.05814930051565171,-0.03958970680832862,1.2184696791468346e-07,0.0,0.0,0.0,1.2184696791468346e-07,0.0,0.0,0.0,1.2184696791468346e-07,-0.3521555960178375,-0.24132497608661535,9.47846794128418,8.999999999999999e-08,0.0,0.0,0.0,8.999999999999999e-08,0.0,0.0,0.0,8.999999999999999e-08
1759811067837962848,170244,1759811067829591680,base_link,-0.04982900727253526,0.004013575895063672,0.013971300959724856,-0.998652000229805,1.0,0.0,0.0,0.0,1.0,0.0,0.0,0.0,1.0,0.015492403879761696,-0.027771390974521675,-0.30980411171913147,1.2184696791468346e-07,0.0,0.0,0.0,1.2184696791468346e-07,0.0,0.0,0.0,1.2184696791468346e-07,-0.3412325382232666,-0.42449790239333984,9.984973907470703,8.999999999999999e-08,0.0,0.0,0.0,8.999999999999999e-08,0.0,0.0,0.0,8.999999999999999e-08
1759811067844748992,170245,1759811067840591680,base_link,-0.04997219592199496,0.0038801653144585014,0.015950516965796448,-0.9986157539400857,1.0,0.0,0.0,0.0,1.0,0.0,0.0,0.0,1.0,0.00033428752794861794,-0.007352466695010711,-0.3964845836162567,1.2184696791468346e-07,0.0,0.0,0.0,1.2184696791468346e-07,0.0,0.0,0.0,1.2184696791468346e-07,0.10021036863327026,2.3178052902221693,9.748589515686035,8.999999999999999e-08,0.0,0.0,0.0,8.999999999999999e-08,0.0,0.0,0.0,8.999999999999999e-08
1759811067852838112,170246,1759811067849591680,base_link,-0.04967809257890791,0.0038074066830385386,0.01633236741330512,-0.998624520484576,1.0,0.0,0.0,0.0,1.0,0.0,0.0,0.0,1.0,-0.05310257151722908,0.015936177223920815,-0.06618966907262802,1.2184696791468346e-07,0.0,0.0,0.0,1.2184696791468346e-07,0.0,0.0,0.0,1.2184696791468346e-07,1.47633957862854,2.5468924045562757,10.421981811523438,8.999999999999999e-08,0.0,0.0,0.0,8.999999999999999e-08,0.0,0.0,0.0,8.999999999999999e-08
1759811067859825696,170247,1759811067856591680,base_link,-0.049315374166445124,0.0038889582007290884,0.014732936659165223,-0.9986670466547234,1.0,0.0,0.0,0.0,1.0,0.0,0.0,0.0,1.0,-0.09162743389606476,-0.006734067574143372,0.30769282579421997,1.2184696791468346e-07,0.0,0.0,0.0,1.2184696791468346e-07,0.0,0.0,0.0,1.2184696791468346e-07,-0.13179025053977966,2.0672147274017347,10.032672882080078,8.999999999999999e-08,0.0,0.0,0.0,8.999999999999999e-08,0.0,0.0,0.0,8.999999999999999e-08
1759811067869049632,170248,1759811067861590656,base_link,-0.0491550159445733,0.003985579850940312,0.0132568697306167,-0.9986952850432257,1.0,0.0,0.0,0.0,1.0,0.0,0.0,0.0,1.0,-0.08780385553836823,-0.026496497914194995,0.526016354560852,1.2184696791468346e-07,0.0,0.0,0.0,1.2184696791468346e-07,0.0,0.0,0.0,1.2184696791468346e-07,-0.3732660412788391,0.34547021985054144,10.445775032043457,8.999999999999999e-08,0.0,0.0,0.0,8.999999999999999e-08,0.0,0.0,0.0,8.999999999999999e-08
1759811067871843840,170249,1759811067866590656,base_link,-0.048967312320552,0.004106069788298861,0.01224762129617482,-0.9987168642296633,1.0,0.0,0.0,0.0,1.0,0.0,0.0,0.0,1.0,-0.058884069323539734,-0.030312301591038652,0.41376960277557373,1.2184696791468346e-07,0.0,0.0,0.0,1.2184696791468346e-07,0.0,0.0,0.0,1.2184696791468346e-07,-0.6130724549293518,0.43767765164375416,8.846731185913086,8.999999999999999e-08,0.0,0.0,0.0,8.999999999999999e-08,0.0,0.0,0.0,8.999999999999999e-08
1759811067881031616,170250,1759811067877590656,base_link,-0.048933939919065465,0.004356524801396818,0.01189169116050034,-0.9987217954109391,1.0,0.0,0.0,0.0,1.0,0.0,0.0,0.0,1.0,-0.001130379387177527,-0.034947078675031655,0.06956908106803894,1.2184696791468346e-07,0.0,0.0,0.0,1.2184696791468346e-07,0.0,0.0,0.0,1.2184696791468346e-07,-0.2905275225639343,-0.8608943819999684,9.380273818969727,8.999999999999999e-08,0.0,0.0,0.0,8.999999999999999e-08,0.0,0.0,0.0,8.999999999999999e-08
1759811067890035872,170251,1759811067882590656,base_link,-0.04886004595691374,0.004529758885488721,0.012901656091366861,-0.998712059488933,1.0,0.0,0.0,0.0,1.0,0.0,0.0,0.0,1.0,0.006183060817420483,-0.03879041969776157,-0.2951577603816986,1.2184696791468346e-07,0.0,0.0,0.0,1.2184696791468346e-07,0.0,0.0,0.0,1.2184696791468346e-07,-0.6161577701568604,-0.2935004234313954,9.170304298400879,8.999999999999999e-08,0.0,0.0,0.0,8.999999999999999e-08,0.0,0.0,0.0,8.999999999999999e-08
1759811067894789888,170252,1759811067888590656,base_link,-0.04892732813220532,0.004284242956200633,0.01412838226412497,-0.9986932619944973,1.0,0.0,0.0,0.0,1.0,0.0,0.0,0.0,1.0,-0.001197935314849019,0.010565076954662744,-0.45443472266197205,1.2184696791468346e-07,0.0,0.0,0.0,1.2184696791468346e-07,0.0,0.0,0.0,1.2184696791468346e-07,0.09294256567955017,1.2333705425262462,9.887274742126465,8.999999999999999e-08,0.0,0.0,0.0,8.999999999999999e-08,0.0,0.0,0.0,8.999999999999999e-08
1759811067899970688,170253,1759811067893590656,base_link,-0.04900483618661685,0.004121988126145821,0.01498666068720082,-0.9986776676605482,1.0,0.0,0.0,0.0,1.0,0.0,0.0,0.0,1.0,-0.030291037634015083,0.058874443173408474,-0.2910477817058563,1.2184696791468346e-07,0.0,0.0,0.0,1.2184696791468346e-07,0.0,0.0,0.0,1.2184696791468346e-07,0.6039125919342041,2.6056685447692884,9.619913101196289,8.999999999999999e-08,0.0,0.0,0.0,8.999999999999999e-08,0.0,0.0,0.0,8.999999999999999e-08
1759811067909966784,170254,1759811067903590656,base_link,-0.048478242924609616,0.0038996635002508545,0.01475291426535936,-0.9987076762166879,1.0,0.0,0.0,0.0,1.0,0.0,0.0,0.0,1.0,-0.08519145101308823,0.04002286121249201,0.16955025494098663,1.2184696791468346e-07,0.0,0.0,0.0,1.2184696791468346e-07,0.0,0.0,0.0,1.2184696791468346e-07,0.5389395952224731,2.225727319717408,8.752984046936035,8.999999999999999e-08,0.0,0.0,0.0,8.999999999999999e-08,0.0,0.0,0.0,8.999999999999999e-08
1759811067914876320,170255,1759811067908590656,base_link,-0.04836704900152575,0.0038879940915693984,0.013733466293577865,-0.9987276538228821,1.0,0.0,0.0,0.0,1.0,0.0,0.0,0.0,1.0,-0.07005025446414948,0.017332945019006778,0.4052029848098755,1.2184696791468346e-07,0.0,0.0,0.0,1.2184696791468346e-07,0.0,0.0,0.0,1.2184696791468346e-07,-0.084043487906456,2.387367725372316,10.350631713867188,8.999999999999999e-08,0.0,0.0,0.0,8.999999999999999e-08,0.0,0.0,0.0,8.999999999999999e-08
1759811067923006304,170256,1759811067919590656,base_link,-0.04804891800352044,0.004079073414738618,0.011532304983247949,-0.9987701378461811,1.0,0.0,0.0,0.0,1.0,0.0,0.0,0.0,1.0,-0.049821026623249054,-0.01092360634356732,0.4300665259361267,1.2184696791468346e-07,0.0,0.0,0.0,1.2184696791468346e-07,0.0,0.0,0.0,1.2184696791468346e-07,-0.24524225294589996,-0.16489151120185738,9.188522338867188,8.999999999999999e-08,0.0,0.0,0.0,8.999999999999999e-08,0.0,0.0,0.0,8.999999999999999e-08
1759811067932164768,170257,1759811067924590656,base_link,-0.04806752715422702,0.004175762236489657,0.011280856885031956,-0.9987717394264245,1.0,0.0,0.0,0.0,1.0,0.0,0.0,0.0,1.0,-0.0001478646881878376,-0.021414369344711283,0.17569155991077423,1.2184696791468346e-07,0.0,0.0,0.0,1.2184696791468346e-07,0.0,0.0,0.0,1.2184696791468346e-07,-0.17985346913337708,-0.9912300109863269,9.81245231628418,8.999999999999999e-08,0.0,0.0,0.0,8.999999999999999e-08,0.0,0.0,0.0,8.999999999999999e-08
1759811067938187712,170258,1759811067934590656,base_link,-0.048121792538773814,0.004173253181914242,0.011656385305263976,-0.9987648273432687,1.0,0.0,0.0,0.0,1.0,0.0,0.0,0.0,1.0,0.015610940754413605,-0.020072499290108712,-0.24140411615371704,1.2184696791468346e-07,0.0,0.0,0.0,1.2184696791468346e-07,0.0,0.0,0.0,1.2184696791468346e-07,-0.9256495833396912,-0.8444352149963368,9.445829391479492,8.999999999999999e-08,0.0,0.0,0.0,8.999999999999999e-08,0.0,0.0,0.0,8.999999999999999e-08
1759811067948284544,170259,1759811067940590656,base_link,-0.04826506416484151,0.003833635193702474,0.014283819841433135,-0.9987251250119714,1.0,0.0,0.0,0.0,1.0,0.0,0.0,0.0,1.0,0.04139569774270058,0.07074250280857079,-0.5242666602134705,1.2184696791468346e-07,0.0,0.0,0.0,1.2184696791468346e-07,0.0,0.0,0.0,1.2184696791468346e-07,0.5618916153907776,1.4888710975646986,10.124444007873535,8.999999999999999e-08,0.0,0.0,0.0,8.999999999999999e-08,0.0,0.0,0.0,8.999999999999999e-08
1759811067953966496,170260,1759811067945590656,base_link,-0.04832528410882948,0.0035364551306741273,0.01505986976306423,-0.9987118487546905,1.0,0.0,0.0,0.0,1.0,0.0,0.0,0.0,1.0,-0.01554853841662407,0.08654267340898511,-0.26540523767471313,1.2184696791468346e-07,0.0,0.0,0.0,1.2184696791468346e-07,0.0,0.0,0.0,1.2184696791468346e-07,1.5754752159118652,2.2649726867675795,10.337248802185059,8.999999999999999e-08,0.0,0.0,0.0,8.999999999999999e-08,0.0,0.0,0.0,8.999999999999999e-08
1759811067958708896,170261,1759811067955590656,base_link,-0.04821173523058507,0.0033061120668499643,0.01522268303886183,-0.998715684117905,1.0,0.0,0.0,0.0,1.0,0.0,0.0,0.0,1.0,-0.05923120304942131,0.09548992663621902,0.022938091307878484,1.2184696791468346e-07,0.0,0.0,0.0,1.2184696791468346e-07,0.0,0.0,0.0,1.2184696791468346e-07,0.9925916790962219,2.078089237213136,9.114030838012695,8.999999999999999e-08,0.0,0.0,0.0,8.999999999999999e-08,0.0,0.0,0.0,8.999999999999999e-08
1759811067969155424,170262,1759811067956589888,base_link,-0.048126253519270884,0.003175965232826355,0.01459802459708185,-0.998729550431065,1.0,0.0,0.0,0.0,1.0,0.0,0.0,0.0,1.0,-0.0476435124874115,0.059089038521051455,0.3846134543418884,1.2184696791468346e-07,0.0,0.0,0.0,1.2184696791468346e-07,0.0,0.0,0.0,1.2184696791468346e-07,0.3842886984348297,2.412277460098268,10.099122047424316,8.999999999999999e-08,0.0,0.0,0.0,8.999999999999999e-08,0.0,0.0,0.0,8.999999999999999e-08
1759811067973443328,170263,1759811067967589888,base_link,-0.04794970300503678,0.0032334192898808016,0.012320366756704594,-0.9987685362659376,1.0,0.0,0.0,0.0,1.0,0.0,0.0,0.0,1.0,-0.01975526288151741,0.004237439483404216,0.45945030450820923,1.2184696791468346e-07,0.0,0.0,0.0,1.2184696791468346e-07,0.0,0.0,0.0,1.2184696791468346e-07,-0.06518640369176865,0.058525800704957255,9.79939079284668,8.999999999999999e-08,0.0,0.0,0.0,8.999999999999999e-08,0.0,0.0,0.0,8.999999999999999e-08
1759811067979032768,170264,1759811067972589888,base_link,-0.04805028382483,0.0031317584570944926,0.011603659597776886,-0.9987726245102432,1.0,0.0,0.0,0.0,1.0,0.0,0.0,0.0,1.0,0.01635463535785675,-0.0006708727451041004,0.27507397532463074,1.2184696791468346e-07,0.0,0.0,0.0,1.2184696791468346e-07,0.0,0.0,0.0,1.2184696791468346e-07,-0.024413306266069412,-0.5419524312019337,9.411588668823242,8.999999999999999e-08,0.0,0.0,0.0,8.999999999999999e-08,0.0,0.0,0.0,8.999999999999999e-08
1759811067983359456,170265,1759811067977589888,base_link,-0.048072921950836414,0.0031911328299342153,0.01136776368666142,-0.9987740996499411,1.0,0.0,0.0,0.0,1.0,0.0,0.0,0.0,1.0,0.035274915397167206,-0.0013905529631301587,0.14134162664413452,1.2184696791468346e-07,0.0,0.0,0.0,1.2184696791468346e-07,0.0,0.0,0.0,1.2184696791468346e-07,-0.36478543281555176,-0.0834055691957462,9.59046459197998,8.999999999999999e-08,0.0,0.0,0.0,8.999999999999999e-08,0.0,0.0,0.0,8.999999999999999e-08
1759811067990655872,170266,1759811067982589888,base_link,-0.04832510235054528,0.003219202631042469,0.011768116600666382,-0.9987571987636882,1.0,0.0,0.0,0.0,1.0,0.0,0.0,0.0,1.0,0.05890090763568878,-0.01322191953659059,-0.11045943945646286,1.2184696791468346e-07,0.0,0.0,0.0,1.2184696791468346e-07,0.0,0.0,0.0,1.2184696791468346e-07,-0.4097507894039154,-1.2988271713256823,10.0971040725708,8.999999999999999e-08,0.0,0.0,0.0,8.999999999999999e-08,0.0,0.0,0.0,8.999999999999999e-08
1759811067997859072,170267,1759811067993589888,base_link,-0.04872881120736294,0.0027597124202206405,0.014043877832860619,-0.9987095728248709,1.0,0.0,0.0,0.0,1.0,0.0,0.0,0.0,1.0,0.07675014436244965,0.07461660355329508,-0.45770853757858276,1.2184696791468346e-07,0.0,0.0,0.0,1.2184696791468346e-07,0.0,0.0,0.0,1.2184696791468346e-07,0.4236214756965637,0.923972547054292,10.146036148071289,8.999999999999999e-08,0.0,0.0,0.0,8.999999999999999e-08,0.0,0.0,0.0,8.999999999999999e-08
1759811068010026272,170268,1759811067998589888,base_link,-0.04890373116539529,0.002367857364546665,0.014859292911000901,-0.9986902274214045,1.0,0.0,0.0,0.0,1.0,0.0,0.0,0.0,1.0,0.021696945652365685,0.09411086887121198,-0.265394389629364,1.2184696791468346e-07,0.0,0.0,0.0,1.2184696791468346e-07,0.0,0.0,0.0,1.2184696791468346e-07,1.2452337741851807,2.2108318805694593,10.1669340133667,8.999999999999999e-08,0.0,0.0,0.0,8.999999999999999e-08,0.0,0.0,0.0,8.999999999999999e-08
1759811068013239232,170269,1759811068004589888,base_link,-0.048772032800510866,0.002123916673721675,0.014990580344112334,-0.9986952428963772,1.0,0.0,0.0,0.0,1.0,0.0,0.0,0.0,1.0,0.0174219012260437,0.09672173857688904,0.013045238330960262,1.2184696791468346e-07,0.0,0.0,0.0,1.2184696791468346e-07,0.0,0.0,0.0,1.2184696791468346e-07,0.769774317741394,2.529921770095826,9.060867309570312,8.999999999999999e-08,0.0,0.0,0.0,8.999999999999999e-08,0.0,0.0,0.0,8.999999999999999e-08
1759811068019938784,170270,1759811068014589888,base_link,-0.048915469062705566,0.0018734116112411132,0.01332320887017282,-0.9987123123700241,1.0,0.0,0.0,0.0,1.0,0.0,0.0,0.0,1.0,0.027308037504553795,0.06110313907265668,0.37716907262802124,1.2184696791468346e-07,0.0,0.0,0.0,1.2184696791468346e-07,0.0,0.0,0.0,1.2184696791468346e-07,-0.4116377830505371,1.7313724756240856,9.598176956176758,8.999999999999999e-08,0.0,0.0,0.0,8.999999999999999e-08,0.0,0.0,0.0,8.999999999999999e-08
1759811068029201952,170271,1759811068025589888,base_link,-0.049256426530446575,0.0019112858229842142,0.011490368868979592,-0.9987182550756641,1.0,0.0,0.0,0.0,1.0,0.0,0.0,0.0,1.0,0.06570227444171906,0.0156829915940762,0.3665543496608734,1.2184696791468346e-07,0.0,0.0,0.0,1.2184696791468346e-07,0.0,0.0,0.0,1.2184696791468346e-07,-0.07520943880081177,-0.24201247096061582,10.128170013427734,8.999999999999999e-08,0.0,0.0,0.0,8.999999999999999e-08,0.0,0.0,0.0,8.999999999999999e-08
1759811068038519552,170272,1759811068034589888,base_link,-0.04941667411684105,0.0020418936381634127,0.011094525667765283,-0.9987145461529953,1.0,0.0,0.0,0.0,1.0,0.0,0.0,0.0,1.0,0.11687271296977997,-0.0003974552964791537,0.09711173921823502,1.2184696791468346e-07,0.0,0.0,0.0,1.2184696791468346e-07,0.0,0.0,0.0,1.2184696791468346e-07,-0.22253943979740143,0.20103919506073117,9.633853912353516,8.999999999999999e-08,0.0,0.0,0.0,8.999999999999999e-08,0.0,0.0,0.0,8.999999999999999e-08
1759811068052080000,170273,1759811068041589888,base_link,-0.05021784356018464,0.0018524277490387499,0.012305193891240705,-0.9986608089211437,1.0,0.0,0.0,0.0,1.0,0.0,0.0,0.0,1.0,0.14909763634204865,0.04033534601330753,-0.34349989891052246,1.2184696791468346e-07,0.0,0.0,0.0,1.2184696791468346e-07,0.0,0.0,0.0,1.2184696791468346e-07,-0.5853289365768433,0.15827775001525982,8.43907642364502,8.999999999999999e-08,0.0,0.0,0.0,8.999999999999999e-08,0.0,0.0,0.0,8.999999999999999e-08
1759811068052100896,170274,1759811068046589888,base_link,-0.05043400684366292,0.001657553892414536,0.013429587515814316,-0.9986357736931283,1.0,0.0,0.0,0.0,1.0,0.0,0.0,0.0,1.0,0.12940213084220886,0.04975727200508113,-0.4131186902523041,1.2184696791468346e-07,0.0,0.0,0.0,1.2184696791468346e-07,0.0,0.0,0.0,1.2184696791468346e-07,-0.5853289365768433,0.15827775001525982,8.43907642364502,8.999999999999999e-08,0.0,0.0,0.0,8.999999999999999e-08,0.0,0.0,0.0,8.999999999999999e-08
1759811068060277248,170275,1759811068055589888,base_link,-0.05071505783460175,0.0014029237071359697,0.01409601348446857,-0.9986127615138414,1.0,0.0,0.0,0.0,1.0,0.0,0.0,0.0,1.0,0.06334608793258667,0.07015899568796155,-0.2327263206243515,1.2184696791468346e-07,0.0,0.0,0.0,1.2184696791468346e-07,0.0,0.0,0.0,1.2184696791468346e-07,1.0264431238174438,2.514938592910768,9.851478576660156,8.999999999999999e-08,0.0,0.0,0.0,8.999999999999999e-08,0.0,0.0,0.0,8.999999999999999e-08
1759811068065035936,170276,1759811068062588864,base_link,-0.05092214637476003,0.001182785449007507,0.013667927944143414,-0.9986084203884448,1.0,0.0,0.0,0.0,1.0,0.0,0.0,0.0,1.0,0.043236151337623596,0.05997018888592721,0.08436152338981627,1.2184696791468346e-07,0.0,0.0,0.0,1.2184696791468346e-07,0.0,0.0,0.0,1.2184696791468346e-07,0.711336612701416,2.5262124538421644,9.457836151123047,8.999999999999999e-08,0.0,0.0,0.0,8.999999999999999e-08,0.0,0.0,0.0,8.999999999999999e-08
1759811068072476000,170277,1759811068067588864,base_link,-0.051263862485774234,0.0012234782312447738,0.012578642644379405,-0.9986051750811095,1.0,0.0,0.0,0.0,1.0,0.0,0.0,0.0,1.0,0.07214242964982986,0.015449406579136894,0.3718722462654114,1.2184696791468346e-07,0.0,0.0,0.0,1.2184696791468346e-07,0.0,0.0,0.0,1.2184696791468346e-07,0.329118549823761,1.7864807844161998,9.9254150390625,8.999999999999999e-08,0.0,0.0,0.0,8.999999999999999e-08,0.0,0.0,0.0,8.999999999999999e-08
1759811068081169952,170278,1759811068072588864,base_link,-0.05134483711847579,0.0013750541035581416,0.011498081742257084,-0.9986138573319027,1.0,0.0,0.0,0.0,1.0,0.0,0.0,0.0,1.0,0.10330451279878616,-0.029841301962733217,0.4272957444190979,1.2184696791468346e-07,0.0,0.0,0.0,1.2184696791468346e-07,0.0,0.0,0.0,1.2184696791468346e-07,-0.5782513618469238,0.6260550618171704,9.94413948059082,8.999999999999999e-08,0.0,0.0,0.0,8.999999999999999e-08,0.0,0.0,0.0,8.999999999999999e-08
1759811068089042336,170279,1759811068078588864,base_link,-0.05164859472404987,0.0014998193118625157,0.01054543652536533,-0.9986085046821418,1.0,0.0,0.0,0.0,1.0,0.0,0.0,0.0,1.0,0.12147222459316254,-0.05309919640421864,0.2614724040031433,1.2184696791468346e-07,0.0,0.0,0.0,1.2184696791468346e-07,0.0,0.0,0.0,1.2184696791468346e-07,-0.04317041113972664,0.07102760672569393,9.631913185119629,8.999999999999999e-08,0.0,0.0,0.0,8.999999999999999e-08,0.0,0.0,0.0,8.999999999999999e-08
1759811068092951872,170280,1759811068088588864,base_link,-0.052339745087711824,0.0018467932422284504,0.010482300546296014,-0.9985726798609075,1.0,0.0,0.0,0.0,1.0,0.0,0.0,0.0,1.0,0.13751286268234253,-0.06376725435256958,0.020083647221326835,1.2184696791468346e-07,0.0,0.0,0.0,1.2184696791468346e-07,0.0,0.0,0.0,1.2184696791468346e-07,-0.9664931297302246,-1.3726420402526844,9.470731735229492,8.999999999999999e-08,0.0,0.0,0.0,8.999999999999999e-08,0.0,0.0,0.0,8.999999999999999e-08
1759811068100461920,170281,1759811068094588864,base_link,-0.05286515560378272,0.0018820622518979737,0.011580563124792883,-0.9985328089422162,1.0,0.0,0.0,0.0,1.0,0.0,0.0,0.0,1.0,0.16795842349529266,-0.04362979158759121,-0.34239625930786133,1.2184696791468346e-07,0.0,0.0,0.0,1.2184696791468346e-07,0.0,0.0,0.0,1.2184696791468346e-07,-0.8305730223655701,0.4175463616848004,9.933952331542969,8.999999999999999e-08,0.0,0.0,0.0,8.999999999999999e-08,0.0,0.0,0.0,8.999999999999999e-08
1759811068109818528,170282,1759811068104588864,base_link,-0.05350803465500955,0.0018269526132919478,0.013762758353292954,-0.9984709373686022,1.0,0.0,0.0,0.0,1.0,0.0,0.0,0.0,1.0,0.11593983322381973,0.0009362772107123826,-0.4110129177570343,1.2184696791468346e-07,0.0,0.0,0.0,1.2184696791468346e-07,0.0,0.0,0.0,1.2184696791468346e-07,0.8490918278694153,2.380694389343263,9.59857177734375,8.999999999999999e-08,0.0,0.0,0.0,8.999999999999999e-08,0.0,0.0,0.0,8.999999999999999e-08
1759811068116787136,170283,1759811068109588864,base_link,-0.053825489986349666,0.0017723355659778918,0.01424264237043798,-0.9984472508397391,1.0,0.0,0.0,0.0,1.0,0.0,0.0,0.0,1.0,0.08280131965875626,0.03091499023139475,-0.15028907358646393,1.2184696791468346e-07,0.0,0.0,0.0,1.2184696791468346e-07,0.0,0.0,0.0,1.2184696791468346e-07,0.8982595801353455,2.346028327941896,9.62348747253418,8.999999999999999e-08,0.0,0.0,0.0,8.999999999999999e-08,0.0,0.0,0.0,8.999999999999999e-08
1759811068127810688,170284,1759811068119588864,base_link,-0.05380418212024938,0.0019185245442159596,0.013855523566865422,-0.9984535307201672,1.0,0.0,0.0,0.0,1.0,0.0,0.0,0.0,1.0,0.04890388250350952,-0.032639361917972544,0.1558271199464798,1.2184696791468346e-07,0.0,0.0,0.0,1.2184696791468346e-07,0.0,0.0,0.0,1.2184696791468346e-07,0.4549717307090759,2.233256578445436,10.469223022460938,8.999999999999999e-08,0.0,0.0,0.0,8.999999999999999e-08,0.0,0.0,0.0,8.999999999999999e-08
1759811068129382848,170285,1759811068120588864,base_link,-0.0539344369555723,0.0019183928353143627,0.013092707755666727,-0.9984568603211996,1.0,0.0,0.0,0.0,1.0,0.0,0.0,0.0,1.0,0.06758565455675125,-0.04397050663828845,0.38344940543174744,1.2184696791468346e-07,0.0,0.0,0.0,1.2184696791468346e-07,0.0,0.0,0.0,1.2184696791468346e-07,-0.7068502902984619,2.547719955444337,8.554614067077637,8.999999999999999e-08,0.0,0.0,0.0,8.999999999999999e-08,0.0,0.0,0.0,8.999999999999999e-08
1759811068134188320,170286,1759811068131588864,base_link,-0.054404074020173124,0.0024855366339451455,0.011139285620883836,-0.9984538257481068,1.0,0.0,0.0,0.0,1.0,0.0,0.0,0.0,1.0,0.07978744059801102,-0.0769686326384544,0.37625840306282043,1.2184696791468346e-07,0.0,0.0,0.0,1.2184696791468346e-07,0.0,0.0,0.0,1.2184696791468346e-07,-0.3508758246898651,-0.28156411647796514,9.57279109954834,8.999999999999999e-08,0.0,0.0,0.0,8.999999999999999e-08,0.0,0.0,0.0,8.999999999999999e-08
1759811068144764256,170287,1759811068136588864,base_link,-0.05482628534348707,0.002885799985897041,0.010809612971831625,-0.9984332580860334,1.0,0.0,0.0,0.0,1.0,0.0,0.0,0.0,1.0,0.11938504874706268,-0.11097801476716992,0.2240258902311325,1.2184696791468346e-07,0.0,0.0,0.0,1.2184696791468346e-07,0.0,0.0,0.0,1.2184696791468346e-07,-0.6662205457687378,-0.20737604796886328,9.434379577636719,8.999999999999999e-08,0.0,0.0,0.0,8.999999999999999e-08,0.0,0.0,0.0,8.999999999999999e-08
1759811068156265696,170288,1759811068146588864,base_link,-0.055705392212261395,0.003163529278337612,0.0122946993259615,-0.9983665817716892,1.0,0.0,0.0,0.0,1.0,0.0,0.0,0.0,1.0,0.15223896503448486,-0.07650773227214817,-0.2971981465816498,1.2184696791468346e-07,0.0,0.0,0.0,1.2184696791468346e-07,0.0,0.0,0.0,1.2184696791468346e-07,-0.46846356987953186,-0.9902467131614673,10.19052505493164,8.999999999999999e-08,0.0,0.0,0.0,8.999999999999999e-08,0.0,0.0,0.0,8.999999999999999e-08
1759811068164518208,170289,1759811068156588864,base_link,-0.056093319708489756,0.003254885206663006,0.013648582540676949,-0.9983269215872406,1.0,0.0,0.0,0.0,1.0,0.0,0.0,0.0,1.0,0.128886416554451,-0.007801627740264,-0.4972814917564392,1.2184696791468346e-07,0.0,0.0,0.0,1.2184696791468346e-07,0.0,0.0,0.0,1.2184696791468346e-07,-0.48072224855422974,0.7078726887702953,9.299471855163574,8.999999999999999e-08,0.0,0.0,0.0,8.999999999999999e-08,0.0,0.0,0.0,8.999999999999999e-08
1759811068167768224,170290,1759811068157589376,base_link,-0.05642969634063323,0.003113090037382199,0.014706637025694407,-0.9982934569895229,1.0,0.0,0.0,0.0,1.0,0.0,0.0,0.0,1.0,0.0804654136300087,0.026954075321555113,-0.19179783761501312,1.2184696791468346e-07,0.0,0.0,0.0,1.2184696791468346e-07,0.0,0.0,0.0,1.2184696791468346e-07,0.7748796939849854,2.4868357181549086,9.679547309875488,8.999999999999999e-08,0.0,0.0,0.0,8.999999999999999e-08,0.0,0.0,0.0,8.999999999999999e-08
1759811068177844096,170291,1759811068168589376,base_link,-0.05673028766421293,0.003019323836157588,0.015008829929517515,-0.9982722149778733,1.0,0.0,0.0,0.0,1.0,0.0,0.0,0.0,1.0,0.044768381863832474,-0.0011701717739924366,0.34447145462036133,1.2184696791468346e-07,0.0,0.0,0.0,1.2184696791468346e-07,0.0,0.0,0.0,1.2184696791468346e-07,0.9907904863357544,2.432846307754518,9.649248123168945,8.999999999999999e-08,0.0,0.0,0.0,8.999999999999999e-08,0.0,0.0,0.0,8.999999999999999e-08
1759811068183481376,170292,1759811068179589376,base_link,-0.05702738079936622,0.0033796003655847742,0.01291872556501381,-0.9982833838927287,1.0,0.0,0.0,0.0,1.0,0.0,0.0,0.0,1.0,0.046768322587013245,-0.03285852447152133,0.41693177819252014,1.2184696791468346e-07,0.0,0.0,0.0,1.2184696791468346e-07,0.0,0.0,0.0,1.2184696791468346e-07,-0.17342057824134827,1.0548231601715101,10.636077880859375,8.999999999999999e-08,0.0,0.0,0.0,8.999999999999999e-08,0.0,0.0,0.0,8.999999999999999e-08
1759811068189014144,170293,1759811068183589376,base_link,-0.057246341579914414,0.003524524938367514,0.011951666125931312,-0.9982824145152129,1.0,0.0,0.0,0.0,1.0,0.0,0.0,0.0,1.0,0.08137305080890656,-0.04924999177455897,0.40663018822669983,1.2184696791468346e-07,0.0,0.0,0.0,1.2184696791468346e-07,0.0,0.0,0.0,1.2184696791468346e-07,-0.1865532547235489,-0.14019539952278032,8.605408668518066,8.999999999999999e-08,0.0,0.0,0.0,8.999999999999999e-08,0.0,0.0,0.0,8.999999999999999e-08
1759811068199961056,170294,1759811068194589376,base_link,-0.05804992393033525,0.003834283201498331,0.01206040499508943,-0.9982335241709404,1.0,0.0,0.0,0.0,1.0,0.0,0.0,0.0,1.0,0.13466469943523407,-0.050447262823581696,-0.014454189687967293,1.2184696791468346e-07,0.0,0.0,0.0,1.2184696791468346e-07,0.0,0.0,0.0,1.2184696791468346e-07,-0.5649344325065613,-0.7762329578399646,9.799415588378906,8.999999999999999e-08,0.0,0.0,0.0,8.999999999999999e-08,0.0,0.0,0.0,8.999999999999999e-08
1759811068206000864,170295,1759811068200589376,base_link,-0.05854510988766778,0.003938783678203059,0.013247175955459208,-0.9981891856863069,1.0,0.0,0.0,0.0,1.0,0.0,0.0,0.0,1.0,0.15350544452667236,-0.02232516743242746,-0.43304380774497986,1.2184696791468346e-07,0.0,0.0,0.0,1.2184696791468346e-07,0.0,0.0,0.0,1.2184696791468346e-07,-0.5131396651268005,0.30933228135109064,9.416755676269531,8.999999999999999e-08,0.0,0.0,0.0,8.999999999999999e-08,0.0,0.0,0.0,8.999999999999999e-08
1759811068212309664,170296,1759811068205589376,base_link,-0.05896850395691806,0.003767770206192074,0.014755105901481939,-0.9981437513836121,1.0,0.0,0.0,0.0,1.0,0.0,0.0,0.0,1.0,0.15681174397468567,0.03816202282905572,-0.5435118675231934,1.2184696791468346e-07,0.0,0.0,0.0,1.2184696791468346e-07,0.0,0.0,0.0,1.2184696791468346e-07,0.2665709853172302,1.5443304777145397,9.480701446533203,8.999999999999999e-08,0.0,0.0,0.0,8.999999999999999e-08,0.0,0.0,0.0,8.999999999999999e-08
1759811068217870848,170297,1759811068210589376,base_link,-0.05921800803174648,0.0035465150565780726,0.015606345800856486,-0.9981168195474137,1.0,0.0,0.0,0.0,1.0,0.0,0.0,0.0,1.0,0.11529012769460678,0.05825274810194965,-0.3154621124267578,1.2184696791468346e-07,0.0,0.0,0.0,1.2184696791468346e-07,0.0,0.0,0.0,1.2184696791468346e-07,1.2422149181365967,3.1084032058715834,10.069469451904297,8.999999999999999e-08,0.0,0.0,0.0,8.999999999999999e-08,0.0,0.0,0.0,8.999999999999999e-08
1759811068228148384,170298,1759811068215589376,base_link,-0.059465138712168145,0.00332516244237689,0.015986636814970253,-0.9980968840880681,1.0,0.0,0.0,0.0,1.0,0.0,0.0,0.0,1.0,0.06675918400287628,0.06447350233793259,-0.049868073314428336,1.2184696791468346e-07,0.0,0.0,0.0,1.2184696791468346e-07,0.0,0.0,0.0,1.2184696791468346e-07,1.3843634128570557,2.3723387718200692,9.062124252319336,8.999999999999999e-08,0.0,0.0,0.0,8.999999999999999e-08,0.0,0.0,0.0,8.999999999999999e-08
1759811068233144064,170299,1759811068226589376,base_link,-0.059620760681938556,0.0031653415928235805,0.01455882802796673,-0.9981099074642579,1.0,0.0,0.0,0.0,1.0,0.0,0.0,0.0,1.0,0.034627366811037064,0.05164638534188274,0.2752757668495178,1.2184696791468346e-07,0.0,0.0,0.0,1.2184696791468346e-07,0.0,0.0,0.0,1.2184696791468346e-07,0.044640738517045975,2.1589899063110365,10.238730430603027,8.999999999999999e-08,0.0,0.0,0.0,8.999999999999999e-08,0.0,0.0,0.0,8.999999999999999e-08
1759811068237172096,170300,1759811068231589376,base_link,-0.05988587752996224,0.0032168213341016052,0.013512996129017395,-0.9981086430588025,1.0,0.0,0.0,0.0,1.0,0.0,0.0,0.0,1.0,0.05776376277208328,0.018120644614100505,0.40242066979408264,1.2184696791468346e-07,0.0,0.0,0.0,1.2184696791468346e-07,0.0,0.0,0.0,1.2184696791468346e-07,-0.20237398147583008,0.9441457390785228,9.329275131225586,8.999999999999999e-08,0.0,0.0,0.0,8.999999999999999e-08,0.0,0.0,0.0,8.999999999999999e-08
1759811068241788800,170301,1759811068236589376,base_link,-0.0601377681700876,0.00325455330023098,0.012709508609005726,-0.9981039226117694,1.0,0.0,0.0,0.0,1.0,0.0,0.0,0.0,1.0,0.09410034865140915,0.0047927317209542205,0.3306959569454193,1.2184696791468346e-07,0.0,0.0,0.0,1.2184696791468346e-07,0.0,0.0,0.0,1.2184696791468346e-07,-0.3476024568080902,0.5583964586257947,9.791037559509277,8.999999999999999e-08,0.0,0.0,0.0,8.999999999999999e-08,0.0,0.0,0.0,8.999999999999999e-08
1759811068249127360,170302,1759811068242589376,base_link,-0.06032324591367191,0.0032048516291245093,0.012534852068776537,-0.998095071773582,1.0,0.0,0.0,0.0,1.0,0.0,0.0,0.0,1.0,0.10265004634857178,0.013993266038596646,0.13099171221256256,1.2184696791468346e-07,0.0,0.0,0.0,1.2184696791468346e-07,0.0,0.0,0.0,1.2184696791468346e-07,-0.3281082510948181,-0.8446992635726916,9.781574249267578,8.999999999999999e-08,0.0,0.0,0.0,8.999999999999999e-08,0.0,0.0,0.0,8.999999999999999e-08
1759811068257220864,170303,1759811068252589376,base_link,-0.061167960954061344,0.0029635424821534166,0.014310372355994994,-0.9980205139985663,1.0,0.0,0.0,0.0,1.0,0.0,0.0,0.0,1.0,0.14462853968143463,0.04233641177415843,-0.4087178409099579,1.2184696791468346e-07,0.0,0.0,0.0,1.2184696791468346e-07,0.0,0.0,0.0,1.2184696791468346e-07,-0.653016209602356,0.6332629323005687,9.232658386230469,8.999999999999999e-08,0.0,0.0,0.0,8.999999999999999e-08,0.0,0.0,0.0,8.999999999999999e-08
1759811068263501856,170304,1759811068258587328,base_link,-0.061591697466455785,0.002749749958903877,0.01569059735102977,-0.9979743210525984,1.0,0.0,0.0,0.0,1.0,0.0,0.0,0.0,1.0,0.13652126491069794,0.06926236301660531,-0.5138823986053467,1.2184696791468346e-07,0.0,0.0,0.0,1.2184696791468346e-07,0.0,0.0,0.0,1.2184696791468346e-07,0.4347459673881531,2.356622934341432,9.7113037109375,8.999999999999999e-08,0.0,0.0,0.0,8.999999999999999e-08,0.0,0.0,0.0,8.999999999999999e-08
1759811068268852672,170305,1759811068263587328,base_link,-0.061916733962171795,0.0024560338399875225,0.016376958779029675,-0.997943933174822,1.0,0.0,0.0,0.0,1.0,0.0,0.0,0.0,1.0,0.11332405358552933,0.07268892973661419,-0.3091270625591278,1.2184696791468346e-07,0.0,0.0,0.0,1.2184696791468346e-07,0.0,0.0,0.0,1.2184696791468346e-07,1.352981686592102,3.1496090888977064,10.303984642028809,8.999999999999999e-08,0.0,0.0,0.0,8.999999999999999e-08,0.0,0.0,0.0,8.999999999999999e-08
1759811068276654976,170306,1759811068269587328,base_link,-0.06184024006630255,0.0022921642587991303,0.016531974887852734,-0.9979465462794297,1.0,0.0,0.0,0.0,1.0,0.0,0.0,0.0,1.0,0.059683945029973984,0.07344371825456619,0.018642574548721303,1.2184696791468346e-07,0.0,0.0,0.0,1.2184696791468346e-07,0.0,0.0,0.0,1.2184696791468346e-07,0.7585350871086121,2.6389946937561044,8.738982200622559,8.999999999999999e-08,0.0,0.0,0.0,8.999999999999999e-08,0.0,0.0,0.0,8.999999999999999e-08
1759811068283165632,170307,1759811068273587328,base_link,-0.06213847906889974,0.0021488834131083183,0.01598191636793703,-0.9979373161196058,1.0,0.0,0.0,0.0,1.0,0.0,0.0,0.0,1.0,0.028418518602848053,0.060558188706636464,0.28841641545295715,1.2184696791468346e-07,0.0,0.0,0.0,1.2184696791468346e-07,0.0,0.0,0.0,1.2184696791468346e-07,0.5360092520713806,1.891387939453126,9.904304504394531,8.999999999999999e-08,0.0,0.0,0.0,8.999999999999999e-08,0.0,0.0,0.0,8.999999999999999e-08
1759811068288861696,170308,1759811068284587328,base_link,-0.06214079977974587,0.002118245288418926,0.014098458001682211,-0.9979656388018051,1.0,0.0,0.0,0.0,1.0,0.0,0.0,0.0,1.0,0.012730814516544342,0.03248474001884465,0.3732718527317047,1.2184696791468346e-07,0.0,0.0,0.0,1.2184696791468346e-07,0.0,0.0,0.0,1.2184696791468346e-07,-0.07388608157634735,1.2394406795501722,10.594762802124023,8.999999999999999e-08,0.0,0.0,0.0,8.999999999999999e-08,0.0,0.0,0.0,8.999999999999999e-08
1759811068292799232,170309,1759811068289587328,base_link,-0.06235671018213308,0.0018924093032073987,0.013482481810695526,-0.9979611290890145,1.0,0.0,0.0,0.0,1.0,0.0,0.0,0.0,1.0,0.04580163583159447,0.050771005451679264,0.3021925389766693,1.2184696791468346e-07,0.0,0.0,0.0,1.2184696791468346e-07,0.0,0.0,0.0,1.2184696791468346e-07,-0.14384113252162933,0.4331434071064006,8.755949974060059,8.999999999999999e-08,0.0,0.0,0.0,8.999999999999999e-08,0.0,0.0,0.0,8.999999999999999e-08
1759811068302884768,170310,1759811068299587328,base_link,-0.06270265151471051,0.0020158205440033617,0.01333361914175504,-0.9979411514828203,1.0,0.0,0.0,0.0,1.0,0.0,0.0,0.0,1.0,0.10277070105075836,0.022540211677551263,-0.046034153550863266,1.2184696791468346e-07,0.0,0.0,0.0,1.2184696791468346e-07,0.0,0.0,0.0,1.2184696791468346e-07,-0.6569876670837402,-0.6729504466056812,10.079522132873535,8.999999999999999e-08,0.0,0.0,0.0,8.999999999999999e-08,0.0,0.0,0.0,8.999999999999999e-08
1759811068311342752,170311,1759811068305587328,base_link,-0.06331646504553301,0.0017173602704514991,0.015443111056573781,-0.9978725785602931,1.0,0.0,0.0,0.0,1.0,0.0,0.0,0.0,1.0,0.12358221411705017,0.013906341046094844,-0.41081327199935913,1.2184696791468346e-07,0.0,0.0,0.0,1.2184696791468346e-07,0.0,0.0,0.0,1.2184696791468346e-07,-0.4439457952976227,1.5964864492416393,9.607715606689453,8.999999999999999e-08,0.0,0.0,0.0,8.999999999999999e-08,0.0,0.0,0.0,8.999999999999999e-08
1759811068321020832,170312,1759811068316587328,base_link,-0.06351894113995737,0.0014090218292798927,0.01710993462148263,-0.9978329605226929,1.0,0.0,0.0,0.0,1.0,0.0,0.0,0.0,1.0,0.06836336106061935,0.030684538185596424,-0.33585625886917114,1.2184696791468346e-07,0.0,0.0,0.0,1.2184696791468346e-07,0.0,0.0,0.0,1.2184696791468346e-07,0.6546242833137512,3.1231265068054213,9.670141220092773,8.999999999999999e-08,0.0,0.0,0.0,8.999999999999999e-08,0.0,0.0,0.0,8.999999999999999e-08
1759811068329111424,170313,1759811068325587328,base_link,-0.06352669879426141,0.0012365384859270901,0.01711731031997201,-0.9978325812010562,1.0,0.0,0.0,0.0,1.0,0.0,0.0,0.0,1.0,-0.008530620485544205,0.028225982561707507,0.08492793142795563,1.2184696791468346e-07,0.0,0.0,0.0,1.2184696791468346e-07,0.0,0.0,0.0,1.2184696791468346e-07,0.6546242833137512,3.1231265068054213,9.670141220092773,8.999999999999999e-08,0.0,0.0,0.0,8.999999999999999e-08,0.0,0.0,0.0,8.999999999999999e-08
1759811068333615680,170314,1759811068326587328,base_link,-0.06349744361303879,0.0012440880401666018,0.016430569570335517,-0.9978459838988827,1.0,0.0,0.0,0.0,1.0,0.0,0.0,0.0,1.0,-0.009894752874970436,0.03241197019815447,0.19746026396751404,1.2184696791468346e-07,0.0,0.0,0.0,1.2184696791468346e-07,0.0,0.0,0.0,1.2184696791468346e-07,0.41060277819633484,2.141110658645631,9.970193862915039,8.999999999999999e-08,0.0,0.0,0.0,8.999999999999999e-08,0.0,0.0,0.0,8.999999999999999e-08
1759811068341888544,170315,1759811068337587328,base_link,-0.06332187037885453,0.001304790038734415,0.014401873164112138,-0.9978884679221817,1.0,0.0,0.0,0.0,1.0,0.0,0.0,0.0,1.0,-0.02065354213118553,0.004057761281728794,0.4039625823497772,1.2184696791468346e-07,0.0,0.0,0.0,1.2184696791468346e-07,0.0,0.0,0.0,1.2184696791468346e-07,-0.36917147040367126,0.9600457549095166,9.542655944824219,8.999999999999999e-08,0.0,0.0,0.0,8.999999999999999e-08,0.0,0.0,0.0,8.999999999999999e-08
1759811068349767744,170316,1759811068346587328,base_link,-0.06328082988511705,0.0012942217164703131,0.013838369799521497,-0.9978990046343094,1.0,0.0,0.0,0.0,1.0,0.0,0.0,0.0,1.0,0.009020761586725712,-0.014749643392860872,0.14565159380435944,1.2184696791468346e-07,0.0,0.0,0.0,1.2184696791468346e-07,0.0,0.0,0.0,1.2184696791468346e-07,-0.6536094546318054,0.21757924556732303,10.220252990722656,8.999999999999999e-08,0.0,0.0,0.0,8.999999999999999e-08,0.0,0.0,0.0,8.999999999999999e-08
1759811068362055424,170317,1759811068353587328,base_link,-0.06346684763519791,0.0014432977538313767,0.01487809040543673,-0.997872072798111,1.0,0.0,0.0,0.0,1.0,0.0,0.0,0.0,1.0,0.015542227774858475,-0.03248739615082745,-0.32505372166633606,1.2184696791468346e-07,0.0,0.0,0.0,1.2184696791468346e-07,0.0,0.0,0.0,1.2184696791468346e-07,-0.6260848641395569,-0.5080688595771777,9.943500518798828,8.999999999999999e-08,0.0,0.0,0.0,8.999999999999999e-08,0.0,0.0,0.0,8.999999999999999e-08
1759811068367925056,170318,1759811068362588096,base_link,-0.06345647951046422,0.0012872121687273438,0.01604378794155104,-0.9978548768839185,1.0,0.0,0.0,0.0,1.0,0.0,0.0,0.0,1.0,0.03563481569290161,-0.005606975406408366,-0.4591836929321289,1.2184696791468346e-07,0.0,0.0,0.0,1.2184696791468346e-07,0.0,0.0,0.0,1.2184696791468346e-07,-0.4978085160255432,1.9397250413894664,9.397136688232422,8.999999999999999e-08,0.0,0.0,0.0,8.999999999999999e-08,0.0,0.0,0.0,8.999999999999999e-08
1759811068373511328,170319,1759811068369588096,base_link,-0.06340245778738539,0.0011788262794255172,0.017567691543159424,-0.9978327497884503,1.0,0.0,0.0,0.0,1.0,0.0,0.0,0.0,1.0,-0.02030787616968155,0.014457931742072069,-0.29324039816856384,1.2184696791468346e-07,0.0,0.0,0.0,1.2184696791468346e-07,0.0,0.0,0.0,1.2184696791468346e-07,0.8719668388366699,2.5917174816131605,9.86099910736084,8.999999999999999e-08,0.0,0.0,0.0,8.999999999999999e-08,0.0,0.0,0.0,8.999999999999999e-08
1759811068380973600,170320,1759811068374588096,base_link,-0.06307812725138193,0.0011729625991264382,0.017385996479228984,-0.9978564784641619,1.0,0.0,0.0,0.0,1.0,0.0,0.0,0.0,1.0,-0.08620886504650116,0.012105992063879977,0.08185195922851562,1.2184696791468346e-07,0.0,0.0,0.0,1.2184696791468346e-07,0.0,0.0,0.0,1.2184696791468346e-07,0.1723552793264389,2.4705190658569345,9.04626178741455,8.999999999999999e-08,0.0,0.0,0.0,8.999999999999999e-08,0.0,0.0,0.0,8.999999999999999e-08
1759811068388338048,170321,1759811068383588096,base_link,-0.06300520003256793,0.0012337357205011127,0.016568726939754214,-0.9978748966369612,1.0,0.0,0.0,0.0,1.0,0.0,0.0,0.0,1.0,-0.12030323594808578,-0.03263901174068447,0.33383649587631226,1.2184696791468346e-07,0.0,0.0,0.0,1.2184696791468346e-07,0.0,0.0,0.0,1.2184696791468346e-07,0.17657926678657532,2.1041316986083998,10.243180274963379,8.999999999999999e-08,0.0,0.0,0.0,8.999999999999999e-08,0.0,0.0,0.0,8.999999999999999e-08
1759811068399221568,170322,1759811068385588096,base_link,-0.06260480497171443,0.0013604923673976302,0.015515730076558052,-0.997916874898078,1.0,0.0,0.0,0.0,1.0,0.0,0.0,0.0,1.0,-0.1017095074057579,-0.0249561052769422,0.41901829838752747,1.2184696791468346e-07,0.0,0.0,0.0,1.2184696791468346e-07,0.0,0.0,0.0,1.2184696791468346e-07,-0.3597222566604614,2.2183909416198744,9.520645141601562,8.999999999999999e-08,0.0,0.0,0.0,8.999999999999999e-08,0.0,0.0,0.0,8.999999999999999e-08
1759811068404521600,170323,1759811068390588096,base_link,-0.06232165190670611,0.0015804673064881145,0.014444104306320088,-0.9979503394957957,1.0,0.0,0.0,0.0,1.0,0.0,0.0,0.0,1.0,-0.08251674473285675,-0.023216631263494467,0.19583141803741455,1.2184696791468346e-07,0.0,0.0,0.0,1.2184696791468346e-07,0.0,0.0,0.0,1.2184696791468346e-07,-0.03662022948265076,1.051207780838014,10.268074989318848,8.999999999999999e-08,0.0,0.0,0.0,8.999999999999999e-08,0.0,0.0,0.0,8.999999999999999e-08
1759811068407999200,170324,1759811068400588096,base_link,-0.06193723313561628,0.0018980569809078573,0.014099343085500947,-0.9979787464716919,1.0,0.0,0.0,0.0,1.0,0.0,0.0,0.0,1.0,-0.040189292281866074,-0.061069596558809294,-0.1285269409418106,1.2184696791468346e-07,0.0,0.0,0.0,1.2184696791468346e-07,0.0,0.0,0.0,1.2184696791468346e-07,-0.8621290922164917,-0.5013874173164354,10.813408851623535,8.999999999999999e-08,0.0,0.0,0.0,8.999999999999999e-08,0.0,0.0,0.0,8.999999999999999e-08
1759811068416967328,170325,1759811068411588096,base_link,-0.06186923709807805,0.0018350553449181667,0.016518782924268827,-0.9979459140767021,1.0,0.0,0.0,0.0,1.0,0.0,0.0,0.0,1.0,-0.020226148888468742,-0.018276486545801225,-0.5144607424736023,1.2184696791468346e-07,0.0,0.0,0.0,1.2184696791468346e-07,0.0,0.0,0.0,1.2184696791468346e-07,-0.21010731160640717,2.0520513057708754,9.517690658569336,8.999999999999999e-08,0.0,0.0,0.0,8.999999999999999e-08,0.0,0.0,0.0,8.999999999999999e-08
1759811068428229568,170326,1759811068422588096,base_link,-0.061306618817306126,0.001700717533645759,0.017780996743473068,-0.9979591481871344,1.0,0.0,0.0,0.0,1.0,0.0,0.0,0.0,1.0,-0.10669111460447311,0.003145879833027698,-0.18465188145637512,1.2184696791468346e-07,0.0,0.0,0.0,1.2184696791468346e-07,0.0,0.0,0.0,1.2184696791468346e-07,1.2314876317977905,2.502872705459596,9.762348175048828,8.999999999999999e-08,0.0,0.0,0.0,8.999999999999999e-08,0.0,0.0,0.0,8.999999999999999e-08
1759811068432908768,170327,1759811068427588096,base_link,-0.06086327611782003,0.001515218716637184,0.017473788364677154,-0.9979920648758215,1.0,0.0,0.0,0.0,1.0,0.0,0.0,0.0,1.0,-0.148593008518219,0.037152949720621116,0.08152908086776733,1.2184696791468346e-07,0.0,0.0,0.0,1.2184696791468346e-07,0.0,0.0,0.0,1.2184696791468346e-07,0.21620453894138336,2.525094747543336,8.90949535369873,8.999999999999999e-08,0.0,0.0,0.0,8.999999999999999e-08,0.0,0.0,0.0,8.999999999999999e-08
1759811068443212800,170328,1759811068437588096,base_link,-0.060016685542671866,0.0017255920768012797,0.0152574541888833,-0.9980793088522389,1.0,0.0,0.0,0.0,1.0,0.0,0.0,0.0,1.0,-0.17045822739601135,-0.015377509407699054,0.43452006578445435,1.2184696791468346e-07,0.0,0.0,0.0,1.2184696791468346e-07,0.0,0.0,0.0,1.2184696791468346e-07,-0.17076550424098969,1.5303360223770153,9.499232292175293,8.999999999999999e-08,0.0,0.0,0.0,8.999999999999999e-08,0.0,0.0,0.0,8.999999999999999e-08
1759811068452860256,170329,1759811068448588096,base_link,-0.059369591806593944,0.00199773164345809,0.013741769222734531,-0.9981394945519125,1.0,0.0,0.0,0.0,1.0,0.0,0.0,0.0,1.0,-0.12406004220247269,-0.016622876748442615,0.29616573452949524,1.2184696791468346e-07,0.0,0.0,0.0,1.2184696791468346e-07,0.0,0.0,0.0,1.2184696791468346e-07,-0.020102927461266518,0.16438214480877048,10.252079963684082,8.999999999999999e-08,0.0,0.0,0.0,8.999999999999999e-08,0.0,0.0,0.0,8.999999999999999e-08
1759811068459900640,170330,1759811068453588096,base_link,-0.059146363657634024,0.0021130743969422485,0.013940491613463363,-0.9981497362361007,1.0,0.0,0.0,0.0,1.0,0.0,0.0,0.0,1.0,-0.0990670770406723,-0.029614144936203957,-0.0035645624157041277,1.2184696791468346e-07,0.0,0.0,0.0,1.2184696791468346e-07,0.0,0.0,0.0,1.2184696791468346e-07,-0.6704018115997314,-0.9362871646881092,9.494648933410645,8.999999999999999e-08,0.0,0.0,0.0,8.999999999999999e-08,0.0,0.0,0.0,8.999999999999999e-08
1759811068465911776,170331,1759811068459586816,base_link,-0.0588815813502204,0.0020866219811455987,0.015015067663097134,-0.9981499048234947,1.0,0.0,0.0,0.0,1.0,0.0,0.0,0.0,1.0,-0.08385340124368668,0.01777820661664004,-0.41480493545532227,1.2184696791468346e-07,0.0,0.0,0.0,1.2184696791468346e-07,0.0,0.0,0.0,1.2184696791468346e-07,-0.7524223923683167,-0.5371024012565601,9.712929725646973,8.999999999999999e-08,0.0,0.0,0.0,8.999999999999999e-08,0.0,0.0,0.0,8.999999999999999e-08
1759811068476472096,170332,1759811068464586816,base_link,-0.058697252108258005,0.0018129677621204258,0.01618852021933744,-0.9981429927403389,1.0,0.0,0.0,0.0,1.0,0.0,0.0,0.0,1.0,-0.09782440960407257,0.0508956834673881,-0.4652104377746582,1.2184696791468346e-07,0.0,0.0,0.0,1.2184696791468346e-07,0.0,0.0,0.0,1.2184696791468346e-07,0.32752346992492676,1.7446542978286754,9.444334983825684,8.999999999999999e-08,0.0,0.0,0.0,8.999999999999999e-08,0.0,0.0,0.0,8.999999999999999e-08
1759811068486566336,170333,1759811068474586816,base_link,-0.05788814061814815,0.0013856276941783142,0.01741731158767257,-0.9981701774576285,1.0,0.0,0.0,0.0,1.0,0.0,0.0,0.0,1.0,-0.15554732084274292,0.07384727895259856,-0.1671084761619568,1.2184696791468346e-07,0.0,0.0,0.0,1.2184696791468346e-07,0.0,0.0,0.0,1.2184696791468346e-07,1.8564784526824951,2.7605242729187025,10.108004570007324,8.999999999999999e-08,0.0,0.0,0.0,8.999999999999999e-08,0.0,0.0,0.0,8.999999999999999e-08
1759811068487664704,170334,1759811068480586816,base_link,-0.05736873075963399,0.001147226679754473,0.016916227705726535,-0.9982090789988041,1.0,0.0,0.0,0.0,1.0,0.0,0.0,0.0,1.0,-0.20202425122261047,0.08136681467294696,0.2076427936553955,1.2184696791468346e-07,0.0,0.0,0.0,1.2184696791468346e-07,0.0,0.0,0.0,1.2184696791468346e-07,0.42468011379241943,2.0872132778167733,8.896018981933594,8.999999999999999e-08,0.0,0.0,0.0,8.999999999999999e-08,0.0,0.0,0.0,8.999999999999999e-08
1759811068492660928,170335,1759811068485586816,base_link,-0.05707765408710563,0.001191486139046974,0.015835835390998265,-0.9982434708271889,1.0,0.0,0.0,0.0,1.0,0.0,0.0,0.0,1.0,-0.17845109105110168,0.01193145103752618,0.39307916164398193,1.2184696791468346e-07,0.0,0.0,0.0,1.2184696791468346e-07,0.0,0.0,0.0,1.2184696791468346e-07,-0.5088522434234619,1.393506765365602,10.468655586242676,8.999999999999999e-08,0.0,0.0,0.0,8.999999999999999e-08,0.0,0.0,0.0,8.999999999999999e-08
1759811068500417696,170336,1759811068496586816,base_link,-0.056085153756590775,0.0013234689951588388,0.013719768567811836,-0.998330841244152,1.0,0.0,0.0,0.0,1.0,0.0,0.0,0.0,1.0,-0.15851853787899017,-0.0072981328703462574,0.4142221510410309,1.2184696791468346e-07,0.0,0.0,0.0,1.2184696791468346e-07,0.0,0.0,0.0,1.2184696791468346e-07,0.3043353855609894,0.8568050861358655,10.07022762298584,8.999999999999999e-08,0.0,0.0,0.0,8.999999999999999e-08,0.0,0.0,0.0,8.999999999999999e-08
1759811068507887680,170337,1759811068501586816,base_link,-0.055734481440268005,0.0013043290575788314,0.01305334259915756,-0.9983595011011395,1.0,0.0,0.0,0.0,1.0,0.0,0.0,0.0,1.0,-0.12007436901330948,0.003855193965137031,0.21312163770198822,1.2184696791468346e-07,0.0,0.0,0.0,1.2184696791468346e-07,0.0,0.0,0.0,1.2184696791468346e-07,0.30597373843193054,-0.5676951408386218,9.548468589782715,8.999999999999999e-08,0.0,0.0,0.0,8.999999999999999e-08,0.0,0.0,0.0,8.999999999999999e-08
1759811068515858528,170338,1759811068506586816,base_link,-0.05535440906293086,0.001373189105511534,0.013147203630791334,-0.9983793522667881,1.0,0.0,0.0,0.0,1.0,0.0,0.0,0.0,1.0,-0.11994126439094543,-0.019980367273092273,-0.04134678840637207,1.2184696791468346e-07,0.0,0.0,0.0,1.2184696791468346e-07,0.0,0.0,0.0,1.2184696791468346e-07,-0.6490563750267029,-1.2123373746871937,9.94838809967041,8.999999999999999e-08,0.0,0.0,0.0,8.999999999999999e-08,0.0,0.0,0.0,8.999999999999999e-08
1759811068517883264,170339,1759811068512586816,base_link,-0.05524268040170651,0.0012675243221166904,0.014179337803974611,-0.9983715550998136,1.0,0.0,0.0,0.0,1.0,0.0,0.0,0.0,1.0,-0.10931584239006042,0.027727104723453477,-0.35594049096107483,1.2184696791468346e-07,0.0,0.0,0.0,1.2184696791468346e-07,0.0,0.0,0.0,1.2184696791468346e-07,-1.1705321073532104,-0.621177852153777,8.68292236328125,8.999999999999999e-08,0.0,0.0,0.0,8.999999999999999e-08,0.0,0.0,0.0,8.999999999999999e-08
1759811068524810112,170340,1759811068517586816,base_link,-0.054986114095574475,0.0010465246877717864,0.01539291415999732,-0.9983679304708416,1.0,0.0,0.0,0.0,1.0,0.0,0.0,0.0,1.0,-0.0752769410610199,0.052170477807521765,-0.46521222591400146,1.2184696791468346e-07,0.0,0.0,0.0,1.2184696791468346e-07,0.0,0.0,0.0,1.2184696791468346e-07,0.08853664249181747,2.399051427841188,10.28998851776123,8.999999999999999e-08,0.0,0.0,0.0,8.999999999999999e-08,0.0,0.0,0.0,8.999999999999999e-08
1759811068530362080,170341,1759811068522586816,base_link,-0.05462152278253099,0.0006954203662517857,0.016294140221705743,-0.9983739574701787,1.0,0.0,0.0,0.0,1.0,0.0,0.0,0.0,1.0,-0.15114496648311615,0.08275263756513593,-0.2611875534057617,1.2184696791468346e-07,0.0,0.0,0.0,1.2184696791468346e-07,0.0,0.0,0.0,1.2184696791468346e-07,1.4272129535675049,2.689271926879884,9.902898788452148,8.999999999999999e-08,0.0,0.0,0.0,8.999999999999999e-08,0.0,0.0,0.0,8.999999999999999e-08
1759811068538316128,170342,1759811068533586816,base_link,-0.053617194992652766,0.00030534074657133104,0.015680060638902007,-0.9984384421484003,1.0,0.0,0.0,0.0,1.0,0.0,0.0,0.0,1.0,-0.19069817662239075,0.0856265500187874,0.10322414338588713,1.2184696791468346e-07,0.0,0.0,0.0,1.2184696791468346e-07,0.0,0.0,0.0,1.2184696791468346e-07,0.09751944988965988,1.7804391384124767,9.496466636657715,8.999999999999999e-08,0.0,0.0,0.0,8.999999999999999e-08,0.0,0.0,0.0,8.999999999999999e-08
1759811068546332608,170343,1759811068538586816,base_link,-0.053273013291000676,0.00027067496367112233,0.014589047318349004,-0.9984734240326644,1.0,0.0,0.0,0.0,1.0,0.0,0.0,0.0,1.0,-0.18704929947853088,0.05177558586001401,0.38741010427474976,1.2184696791468346e-07,0.0,0.0,0.0,1.2184696791468346e-07,0.0,0.0,0.0,1.2184696791468346e-07,-0.30316975712776184,1.3474130630493177,10.593957901000977,8.999999999999999e-08,0.0,0.0,0.0,8.999999999999999e-08,0.0,0.0,0.0,8.999999999999999e-08
1759811068556234048,170344,1759811068549586816,base_link,-0.052321482331416445,0.0004614078924291391,0.012144403664171643,-0.9985564111773823,1.0,0.0,0.0,0.0,1.0,0.0,0.0,0.0,1.0,-0.16027578711509705,-0.014186636544763983,0.4749407470226288,1.2184696791468346e-07,0.0,0.0,0.0,1.2184696791468346e-07,0.0,0.0,0.0,1.2184696791468346e-07,-0.05463917925953865,-0.16318652033805736,9.160150527954102,8.999999999999999e-08,0.0,0.0,0.0,8.999999999999999e-08,0.0,0.0,0.0,8.999999999999999e-08
1759811068562184864,170345,1759811068554586816,base_link,-0.052122852136918696,0.0006128336165946868,0.011612636876509696,-0.9985729748888471,1.0,0.0,0.0,0.0,1.0,0.0,0.0,0.0,1.0,-0.10951174795627594,-0.0390978083014488,0.14419613778591156,1.2184696791468346e-07,0.0,0.0,0.0,1.2184696791468346e-07,0.0,0.0,0.0,1.2184696791468346e-07,-0.25902798771858215,-0.6446638107299792,10.315065383911133,8.999999999999999e-08,0.0,0.0,0.0,8.999999999999999e-08,0.0,0.0,0.0,8.999999999999999e-08
1759811068568283296,170346,1759811068564587072,base_link,-0.05157201126612754,0.000655172760101912,0.012908315293431607,-0.9985857032370974,1.0,0.0,0.0,0.0,1.0,0.0,0.0,0.0,1.0,-0.08714410662651062,-0.031489171087741887,-0.2673121690750122,1.2184696791468346e-07,0.0,0.0,0.0,1.2184696791468346e-07,0.0,0.0,0.0,1.2184696791468346e-07,-1.1614484786987305,-1.2286248207092274,9.48549747467041,8.999999999999999e-08,0.0,0.0,0.0,8.999999999999999e-08,0.0,0.0,0.0,8.999999999999999e-08
1759811068577007328,170347,1759811068574587072,base_link,-0.05143313740028414,0.0005944233463295224,0.014115991090662734,-0.998576515224122,1.0,0.0,0.0,0.0,1.0,0.0,0.0,0.0,1.0,-0.10100110620260239,0.04476482048630709,-0.4542585611343384,1.2184696791468346e-07,0.0,0.0,0.0,1.2184696791468346e-07,0.0,0.0,0.0,1.2184696791468346e-07,-0.8476846814155579,-0.08969454467296495,8.5883150100708,8.999999999999999e-08,0.0,0.0,0.0,8.999999999999999e-08,0.0,0.0,0.0,8.999999999999999e-08
1759811068583600448,170348,1759811068575587072,base_link,-0.05098886747013081,0.0002332933432199895,0.014937095993352002,-0.9985875576984319,1.0,0.0,0.0,0.0,1.0,0.0,0.0,0.0,1.0,-0.1292058229446411,0.06996282190084455,-0.24686145782470703,1.2184696791468346e-07,0.0,0.0,0.0,1.2184696791468346e-07,0.0,0.0,0.0,1.2184696791468346e-07,1.1512256860733032,2.9479656219482435,9.885098457336426,8.999999999999999e-08,0.0,0.0,0.0,8.999999999999999e-08,0.0,0.0,0.0,8.999999999999999e-08
1759811068591988384,170349,1759811068580587072,base_link,-0.05068170387236144,0.00017719852203002199,0.014938528986201372,-0.9986031520323809,1.0,0.0,0.0,0.0,1.0,0.0,0.0,0.0,1.0,-0.17460957169532776,0.066774420440197,0.13399037718772888,1.2184696791468346e-07,0.0,0.0,0.0,1.2184696791468346e-07,0.0,0.0,0.0,1.2184696791468346e-07,1.0791692733764648,2.43006730079651,9.691682815551758,8.999999999999999e-08,0.0,0.0,0.0,8.999999999999999e-08,0.0,0.0,0.0,8.999999999999999e-08
1759811068596012224,170350,1759811068591587072,base_link,-0.04980773891910545,4.573986734651275e-05,0.01313451742938957,-0.9986724835981814,1.0,0.0,0.0,0.0,1.0,0.0,0.0,0.0,1.0,-0.17095370590686798,0.018556466326117564,0.3992350399494171,1.2184696791468346e-07,0.0,0.0,0.0,1.2184696791468346e-07,0.0,0.0,0.0,1.2184696791468346e-07,-0.0709739476442337,1.8193057775497448,9.388341903686523,8.999999999999999e-08,0.0,0.0,0.0,8.999999999999999e-08,0.0,0.0,0.0,8.999999999999999e-08
1759811068603145632,170351,1759811068596587072,base_link,-0.049481216746979424,0.00014263547207305828,0.01180019035238317,-0.9987054002868683,1.0,0.0,0.0,0.0,1.0,0.0,0.0,0.0,1.0,-0.13041897118091583,-0.03526118397712701,0.4915364980697632,1.2184696791468346e-07,0.0,0.0,0.0,1.2184696791468346e-07,0.0,0.0,0.0,1.2184696791468346e-07,-0.35459697246551514,1.0404299497604381,9.688888549804688,8.999999999999999e-08,0.0,0.0,0.0,8.999999999999999e-08,0.0,0.0,0.0,8.999999999999999e-08
1759811068611866720,170352,1759811068607587072,base_link,-0.04893905022444741,0.0005119314270815741,0.010247711187484368,-0.9987491065687741,1.0,0.0,0.0,0.0,1.0,0.0,0.0,0.0,1.0,-0.0744592472910881,-0.043661620467901195,0.31048017740249634,1.2184696791468346e-07,0.0,0.0,0.0,1.2184696791468346e-07,0.0,0.0,0.0,1.2184696791468346e-07,-0.019396919757127762,-1.3060871362686144,10.515935897827148,8.999999999999999e-08,0.0,0.0,0.0,8.999999999999999e-08,0.0,0.0,0.0,8.999999999999999e-08
1759811068618419648,170353,1759811068612587072,base_link,-0.048867642926357834,0.0006882580361829639,0.010583832304358741,-0.9987489801282285,1.0,0.0,0.0,0.0,1.0,0.0,0.0,0.0,1.0,-0.043718595057725906,-0.06089971214532853,-0.050360366702079766,1.2184696791468346e-07,0.0,0.0,0.0,1.2184696791468346e-07,0.0,0.0,0.0,1.2184696791468346e-07,-1.169816255569458,-0.8173160552978505,9.045690536499023,8.999999999999999e-08,0.0,0.0,0.0,8.999999999999999e-08,0.0,0.0,0.0,8.999999999999999e-08
1759811068622771456,170354,1759811068617587072,base_link,-0.04860039502830631,0.0006441618959284414,0.011641507467739629,-0.9987502866805325,1.0,0.0,0.0,0.0,1.0,0.0,0.0,0.0,1.0,-0.050464238971471786,-0.008639201521873521,-0.38004404306411743,1.2184696791468346e-07,0.0,0.0,0.0,1.2184696791468346e-07,0.0,0.0,0.0,1.2184696791468346e-07,-1.045902132987976,-0.0808006972074497,9.483040809631348,8.999999999999999e-08,0.0,0.0,0.0,8.999999999999999e-08,0.0,0.0,0.0,8.999999999999999e-08
1759811068632845088,170355,1759811068623587072,base_link,-0.048668098672083,0.00046062290737562336,0.012906460832097101,-0.9987315313329451,1.0,0.0,0.0,0.0,1.0,0.0,0.0,0.0,1.0,-0.061053287237882614,0.05652900040149683,-0.4586435556411743,1.2184696791468346e-07,0.0,0.0,0.0,1.2184696791468346e-07,0.0,0.0,0.0,1.2184696791468346e-07,0.2625677287578583,1.2993640899658214,9.744084358215332,8.999999999999999e-08,0.0,0.0,0.0,8.999999999999999e-08,0.0,0.0,0.0,8.999999999999999e-08
1759811068638222080,170356,1759811068628587072,base_link,-0.04834157913413501,0.00015064600746815952,0.013711044170170055,-0.9987367575421604,1.0,0.0,0.0,0.0,1.0,0.0,0.0,0.0,1.0,-0.06267794221639633,0.08442749828100202,-0.23180769383907318,1.2184696791468346e-07,0.0,0.0,0.0,1.2184696791468346e-07,0.0,0.0,0.0,1.2184696791468346e-07,1.2053769826889038,3.159014225006105,9.880775451660156,8.999999999999999e-08,0.0,0.0,0.0,8.999999999999999e-08,0.0,0.0,0.0,8.999999999999999e-08
1759811068643415904,170357,1759811068633587072,base_link,-0.048115150458866295,4.543957105144015e-06,0.01361440144653459,-0.9987490222750771,1.0,0.0,0.0,0.0,1.0,0.0,0.0,0.0,1.0,-0.12416677176952362,0.09222315251827241,0.15770812332630157,1.2184696791468346e-07,0.0,0.0,0.0,1.2184696791468346e-07,0.0,0.0,0.0,1.2184696791468346e-07,1.593475341796875,2.067966699600221,10.066359519958496,8.999999999999999e-08,0.0,0.0,0.0,8.999999999999999e-08,0.0,0.0,0.0,8.999999999999999e-08
1759811068647746016,170358,1759811068644587072,base_link,-0.047484380724052255,-0.00012063745132827555,0.011630338552884261,-0.9988042767934748,1.0,0.0,0.0,0.0,1.0,0.0,0.0,0.0,1.0,-0.12081039696931839,0.036843273788690616,0.39505067467689514,1.2184696791468346e-07,0.0,0.0,0.0,1.2184696791468346e-07,0.0,0.0,0.0,1.2184696791468346e-07,1.593475341796875,2.067966699600221,10.066359519958496,8.999999999999999e-08,0.0,0.0,0.0,8.999999999999999e-08,0.0,0.0,0.0,8.999999999999999e-08
1759811068652195776,170359,1759811068649587072,base_link,-0.047378852917915076,-9.902402057628045e-05,0.010351476728518194,-0.9988233693158504,1.0,0.0,0.0,0.0,1.0,0.0,0.0,0.0,1.0,-0.07248910516500473,0.00757358130067593,0.49709996581077576,1.2184696791468346e-07,0.0,0.0,0.0,1.2184696791468346e-07,0.0,0.0,0.0,1.2184696791468346e-07,-0.8711849451065063,1.207868576049806,10.608267784118652,8.999999999999999e-08,0.0,0.0,0.0,8.999999999999999e-08,0.0,0.0,0.0,8.999999999999999e-08
1759811068663868224,170360,1759811068660585280,base_link,-0.04723403898060967,0.0003160355093809726,0.009098198041198283,-0.9988424196913772,1.0,0.0,0.0,0.0,1.0,0.0,0.0,0.0,1.0,-0.02252689003944397,-0.05141509324312207,0.24714265763759613,1.2184696791468346e-07,0.0,0.0,0.0,1.2184696791468346e-07,0.0,0.0,0.0,1.2184696791468346e-07,-0.3491097092628479,-1.3295333385467516,10.7830228805542,8.999999999999999e-08,0.0,0.0,0.0,8.999999999999999e-08,0.0,0.0,0.0,8.999999999999999e-08
1759811068672918656,170361,1759811068669585280,base_link,-0.047464205554505694,0.00038954224736200067,0.00966406162930551,-0.998826151007852,1.0,0.0,0.0,0.0,1.0,0.0,0.0,0.0,1.0,-0.009615836665034294,-0.03562061116099362,-0.31811216473579407,1.2184696791468346e-07,0.0,0.0,0.0,1.2184696791468346e-07,0.0,0.0,0.0,1.2184696791468346e-07,-1.1358038187026978,-1.5693205595016468,9.03572940826416,8.999999999999999e-08,0.0,0.0,0.0,8.999999999999999e-08,0.0,0.0,0.0,8.999999999999999e-08
1759811068679336672,170362,1759811068670585280,base_link,-0.04733171430203367,0.00039594066580156303,0.011070965579447693,-0.9988178480786954,1.0,0.0,0.0,0.0,1.0,0.0,0.0,0.0,1.0,0.03234453126788139,0.05804098770022386,-0.5026451945304871,1.2184696791468346e-07,0.0,0.0,0.0,1.2184696791468346e-07,0.0,0.0,0.0,1.2184696791468346e-07,-0.6263766884803772,0.5198483467102063,9.588387489318848,8.999999999999999e-08,0.0,0.0,0.0,8.999999999999999e-08,0.0,0.0,0.0,8.999999999999999e-08
1759811068687417312,170363,1759811068681585280,base_link,-0.047488592774725315,-0.00027551921707171277,0.012915480257678467,-0.9987882609910408,1.0,0.0,0.0,0.0,1.0,0.0,0.0,0.0,1.0,0.005338284187018871,0.10575792938470836,-0.316488653421402,1.2184696791468346e-07,0.0,0.0,0.0,1.2184696791468346e-07,0.0,0.0,0.0,1.2184696791468346e-07,1.3730953931808472,3.1404278278350843,9.965716361999512,8.999999999999999e-08,0.0,0.0,0.0,8.999999999999999e-08,0.0,0.0,0.0,8.999999999999999e-08
1759811068693562432,170364,1759811068686585280,base_link,-0.04722684504040447,-0.00041363443964191404,0.01263524586192953,-0.9988042346466264,1.0,0.0,0.0,0.0,1.0,0.0,0.0,0.0,1.0,-0.06636670231819153,0.08040546625852586,0.06552858650684355,1.2184696791468346e-07,0.0,0.0,0.0,1.2184696791468346e-07,0.0,0.0,0.0,1.2184696791468346e-07,0.9608625173568726,1.574054837226869,10.175026893615723,8.999999999999999e-08,0.0,0.0,0.0,8.999999999999999e-08,0.0,0.0,0.0,8.999999999999999e-08
1759811068696987264,170365,1759811068691585280,base_link,-0.046989679455477606,-0.0006699979140654905,0.01187302010660998,-0.9988245915744571,1.0,0.0,0.0,0.0,1.0,0.0,0.0,0.0,1.0,-0.08284923434257507,0.08174738287925723,0.23789791762828827,1.2184696791468346e-07,0.0,0.0,0.0,1.2184696791468346e-07,0.0,0.0,0.0,1.2184696791468346e-07,-0.3496304750442505,1.4315953254699718,9.099174499511719,8.999999999999999e-08,0.0,0.0,0.0,8.999999999999999e-08,0.0,0.0,0.0,8.999999999999999e-08
1759811068704084256,170366,1759811068697585280,base_link,-0.04696487866930698,-0.0005895422144362247,0.01088632023612144,-0.9988371091884649,1.0,0.0,0.0,0.0,1.0,0.0,0.0,0.0,1.0,-0.03917396441102028,0.014546447433531338,0.434673011302948,1.2184696791468346e-07,0.0,0.0,0.0,1.2184696791468346e-07,0.0,0.0,0.0,1.2184696791468346e-07,-0.5978589057922363,2.0793554782867445,10.449456214904785,8.999999999999999e-08,0.0,0.0,0.0,8.999999999999999e-08,0.0,0.0,0.0,8.999999999999999e-08
1759811068712266816,170367,1759811068702585280,base_link,-0.04685939037584027,-0.0004370759899480677,0.009764286835064426,-0.9988537150467781,1.0,0.0,0.0,0.0,1.0,0.0,0.0,0.0,1.0,-0.01771553047001362,-0.04310901090502734,0.37049806118011475,1.2184696791468346e-07,0.0,0.0,0.0,1.2184696791468346e-07,0.0,0.0,0.0,1.2184696791468346e-07,0.31702443957328796,0.39834693074226507,10.474601745605469,8.999999999999999e-08,0.0,0.0,0.0,8.999999999999999e-08,0.0,0.0,0.0,8.999999999999999e-08
1759811068715804128,170368,1759811068707585280,base_link,-0.04682988231352658,-0.00033864202525087344,0.009133348512856323,-0.9988611328921161,1.0,0.0,0.0,0.0,1.0,0.0,0.0,0.0,1.0,0.01486238557845354,-0.0546208471059799,0.17810523509979248,1.2184696791468346e-07,0.0,0.0,0.0,1.2184696791468346e-07,0.0,0.0,0.0,1.2184696791468346e-07,-0.05330997332930565,-0.4976221024990071,8.491242408752441,8.999999999999999e-08,0.0,0.0,0.0,8.999999999999999e-08,0.0,0.0,0.0,8.999999999999999e-08
1759811068723855744,170369,1759811068718585280,base_link,-0.04704899587640062,-0.00012620346950974247,0.01001885380007022,-0.9988424196913772,1.0,0.0,0.0,0.0,1.0,0.0,0.0,0.0,1.0,0.035308849066495895,-0.045410282909870175,-0.2472439557313919,1.2184696791468346e-07,0.0,0.0,0.0,1.2184696791468346e-07,0.0,0.0,0.0,1.2184696791468346e-07,-1.206265926361084,-0.8822112679481494,9.636222839355469,8.999999999999999e-08,0.0,0.0,0.0,8.999999999999999e-08,0.0,0.0,0.0,8.999999999999999e-08
1759811068732694080,170370,1759811068728585280,base_link,-0.04725670081421837,-0.0003783733325064873,0.012349195201086067,-0.9988063841359004,1.0,0.0,0.0,0.0,1.0,0.0,0.0,0.0,1.0,0.04631742835044861,0.03909194096922869,-0.4488781988620758,1.2184696791468346e-07,0.0,0.0,0.0,1.2184696791468346e-07,0.0,0.0,0.0,1.2184696791468346e-07,1.175929069519043,1.9467066526412977,10.327877044677734,8.999999999999999e-08,0.0,0.0,0.0,8.999999999999999e-08,0.0,0.0,0.0,8.999999999999999e-08
1759811068744038784,170371,1759811068739585280,base_link,-0.0469506830838929,-0.0006634019322735349,0.012305826093968348,-0.9988212619734248,1.0,0.0,0.0,0.0,1.0,0.0,0.0,0.0,1.0,-0.04348941892385483,0.04615229740738869,0.0007535845506936255,1.2184696791468346e-07,0.0,0.0,0.0,1.2184696791468346e-07,0.0,0.0,0.0,1.2184696791468346e-07,-0.060284800827503204,1.98946511745453,9.318097114562988,8.999999999999999e-08,0.0,0.0,0.0,8.999999999999999e-08,0.0,0.0,0.0,8.999999999999999e-08
1759811068752749440,170372,1759811068744585280,base_link,-0.04692786846795835,-0.0005909014503007032,0.011377836783455495,-0.9988333159720989,1.0,0.0,0.0,0.0,1.0,0.0,0.0,0.0,1.0,-0.041921909898519516,0.006010295357555188,0.30143818259239197,1.2184696791468346e-07,0.0,0.0,0.0,1.2184696791468346e-07,0.0,0.0,0.0,1.2184696791468346e-07,0.08186265081167221,1.1420921087265028,10.268547058105469,8.999999999999999e-08,0.0,0.0,0.0,8.999999999999999e-08,0.0,0.0,0.0,8.999999999999999e-08
1759811068755850688,170373,1759811068749585280,base_link,-0.04666186653611594,-0.0004757167474984597,0.01038481488569031,-0.9988567074730225,1.0,0.0,0.0,0.0,1.0,0.0,0.0,0.0,1.0,-0.02595439739525318,-0.025999557226896237,0.40998947620391846,1.2184696791468346e-07,0.0,0.0,0.0,1.2184696791468346e-07,0.0,0.0,0.0,1.2184696791468346e-07,-0.07276908308267593,1.3803397417068495,10.369585990905762,8.999999999999999e-08,0.0,0.0,0.0,8.999999999999999e-08,0.0,0.0,0.0,8.999999999999999e-08
1759811068762760384,170374,1759811068759583488,base_link,-0.04665328701826594,-0.00018649190212654526,0.009423065949520219,-0.9988666962761196,1.0,0.0,0.0,0.0,1.0,0.0,0.0,0.0,1.0,-0.034018248319625854,-0.06480104476213451,0.3103291690349579,1.2184696791468346e-07,0.0,0.0,0.0,1.2184696791468346e-07,0.0,0.0,0.0,1.2184696791468346e-07,0.2787564992904663,-0.08218310028314474,9.528955459594727,8.999999999999999e-08,0.0,0.0,0.0,8.999999999999999e-08,0.0,0.0,0.0,8.999999999999999e-08
1759811068766802368,170375,1759811068760583488,base_link,-0.04667255339639148,-9.251496665938032e-05,0.008970155915422185,-0.9988699837303033,1.0,0.0,0.0,0.0,1.0,0.0,0.0,0.0,1.0,-0.02327631041407585,-0.06395597010850904,0.1802651733160019,1.2184696791468346e-07,0.0,0.0,0.0,1.2184696791468346e-07,0.0,0.0,0.0,1.2184696791468346e-07,-0.45288458466529846,0.3437696993350994,9.062283515930176,8.999999999999999e-08,0.0,0.0,0.0,8.999999999999999e-08,0.0,0.0,0.0,8.999999999999999e-08
1759811068772172768,170376,1759811068765583488,base_link,-0.04665466732755467,0.00017972206458461218,0.00913827969413214,-0.9988692672338787,1.0,0.0,0.0,0.0,1.0,0.0,0.0,0.0,1.0,0.015108275227248669,-0.07916386425495149,-0.061705689877271645,1.2184696791468346e-07,0.0,0.0,0.0,1.2184696791468346e-07,0.0,0.0,0.0,1.2184696791468346e-07,-0.8412652611732483,-0.7132995724678027,9.792872428894043,8.999999999999999e-08,0.0,0.0,0.0,8.999999999999999e-08,0.0,0.0,0.0,8.999999999999999e-08
1759811068778904256,170377,1759811068771583488,base_link,-0.046713409497666725,0.00013945601918851673,0.010042203154145286,-0.9988578454379322,1.0,0.0,0.0,0.0,1.0,0.0,0.0,0.0,1.0,0.017722006887197495,-0.03392345830798154,-0.3753528594970703,1.2184696791468346e-07,0.0,0.0,0.0,1.2184696791468346e-07,0.0,0.0,0.0,1.2184696791468346e-07,-0.6003026962280273,-0.7532015442848194,9.428467750549316,8.999999999999999e-08,0.0,0.0,0.0,8.999999999999999e-08,0.0,0.0,0.0,8.999999999999999e-08
1759811068789746144,170378,1759811068776583488,base_link,-0.046834958374594116,0.0001961514329697635,0.011164489436293371,-0.9988402280552547,1.0,0.0,0.0,0.0,1.0,0.0,0.0,0.0,1.0,-0.01303947251290083,0.015863524749875027,-0.3399561643600464,1.2184696791468346e-07,0.0,0.0,0.0,1.2184696791468346e-07,0.0,0.0,0.0,1.2184696791468346e-07,-0.0453137531876564,1.6747807264328014,9.788337707519531,8.999999999999999e-08,0.0,0.0,0.0,8.999999999999999e-08,0.0,0.0,0.0,8.999999999999999e-08
1759811068793104000,170379,1759811068786583488,base_link,-0.04678944241238038,1.862363868639336e-06,0.0119457234202913,-0.9988334002657959,1.0,0.0,0.0,0.0,1.0,0.0,0.0,0.0,1.0,0.0035151538904756308,0.030301282182335833,-0.1650911271572113,1.2184696791468346e-07,0.0,0.0,0.0,1.2184696791468346e-07,0.0,0.0,0.0,1.2184696791468346e-07,0.6672157049179077,2.355531692504884,10.100171089172363,8.999999999999999e-08,0.0,0.0,0.0,8.999999999999999e-08,0.0,0.0,0.0,8.999999999999999e-08
1759811068802956416,170380,1759811068796583488,base_link,-0.04641041580372191,5.4893636007470035e-05,0.011410542737899928,-0.9988573396757501,1.0,0.0,0.0,0.0,1.0,0.0,0.0,0.0,1.0,-0.05372658371925354,-0.023159744217991794,0.274310827255249,1.2184696791468346e-07,0.0,0.0,0.0,1.2184696791468346e-07,0.0,0.0,0.0,1.2184696791468346e-07,-0.2438993752002716,1.8761547803878795,9.821834564208984,8.999999999999999e-08,0.0,0.0,0.0,8.999999999999999e-08,0.0,0.0,0.0,8.999999999999999e-08
1759811068809545792,170381,1759811068797583488,base_link,-0.046240429661143376,0.0002951859902582397,0.010387301549752441,-0.99887630575758,1.0,0.0,0.0,0.0,1.0,0.0,0.0,0.0,1.0,-0.039178695529699326,-0.07763351500034327,0.44012555480003357,1.2184696791468346e-07,0.0,0.0,0.0,1.2184696791468346e-07,0.0,0.0,0.0,1.2184696791468346e-07,-0.1043044701218605,1.032485604286195,9.90064811706543,8.999999999999999e-08,0.0,0.0,0.0,8.999999999999999e-08,0.0,0.0,0.0,8.999999999999999e-08
1759811068817844576,170382,1759811068808583488,base_link,-0.045996388871553176,0.00084917997215362,0.008270686817535369,-0.998906988663296,1.0,0.0,0.0,0.0,1.0,0.0,0.0,0.0,1.0,-0.03187362849712372,-0.09623802453279491,0.3834249973297119,1.2184696791468346e-07,0.0,0.0,0.0,1.2184696791468346e-07,0.0,0.0,0.0,1.2184696791468346e-07,-0.003571782261133194,0.54556041955948,9.92574691772461,8.999999999999999e-08,0.0,0.0,0.0,8.999999999999999e-08,0.0,0.0,0.0,8.999999999999999e-08
1759811068822942784,170383,1759811068813583488,base_link,-0.046065628241122474,0.0010252774077662305,0.007611215078885411,-0.9989088852714789,1.0,0.0,0.0,0.0,1.0,0.0,0.0,0.0,1.0,-0.03016076423227787,-0.09120254963636396,0.21009591221809387,1.2184696791468346e-07,0.0,0.0,0.0,1.2184696791468346e-07,0.0,0.0,0.0,1.2184696791468346e-07,-0.2969353199005127,-0.6530191302299487,9.88219928741455,8.999999999999999e-08,0.0,0.0,0.0,8.999999999999999e-08,0.0,0.0,0.0,8.999999999999999e-08
1759811068826098464,170384,1759811068818583488,base_link,-0.046040845894198074,0.0012365595593513458,0.00795125585267132,-0.9989071993975385,1.0,0.0,0.0,0.0,1.0,0.0,0.0,0.0,1.0,0.00488321203738451,-0.07188118994235992,-0.02254086546599864,1.2184696791468346e-07,0.0,0.0,0.0,1.2184696791468346e-07,0.0,0.0,0.0,1.2184696791468346e-07,-0.9226669669151306,-1.0903667211532582,9.379622459411621,8.999999999999999e-08,0.0,0.0,0.0,8.999999999999999e-08,0.0,0.0,0.0,8.999999999999999e-08
1759811068834150592,170385,1759811068829583488,base_link,-0.0461707135053503,0.0011790949655847709,0.009860845265002867,-0.9988841872182516,1.0,0.0,0.0,0.0,1.0,0.0,0.0,0.0,1.0,0.029833000153303146,-0.00695332000032072,-0.3791026473045349,1.2184696791468346e-07,0.0,0.0,0.0,1.2184696791468346e-07,0.0,0.0,0.0,1.2184696791468346e-07,0.37381798028945923,1.9052927494049083,9.159623146057129,8.999999999999999e-08,0.0,0.0,0.0,8.999999999999999e-08,0.0,0.0,0.0,8.999999999999999e-08
1759811068845996256,170386,1759811068834583488,base_link,-0.04592590090159673,0.0010471147436509373,0.01069767094218668,-0.9988870953507988,1.0,0.0,0.0,0.0,1.0,0.0,0.0,0.0,1.0,-0.0037639103829860687,0.06117998063564297,-0.2895664870738983,1.2184696791468346e-07,0.0,0.0,0.0,1.2184696791468346e-07,0.0,0.0,0.0,1.2184696791468346e-07,0.5975962281227112,2.372898340225221,9.56965160369873,8.999999999999999e-08,0.0,0.0,0.0,8.999999999999999e-08,0.0,0.0,0.0,8.999999999999999e-08
1759811068850254560,170387,1759811068839583488,base_link,-0.04588304019083919,0.0008343179396974669,0.01070433014425142,-0.9988892026932243,1.0,0.0,0.0,0.0,1.0,0.0,0.0,0.0,1.0,-0.0755443200469017,0.03672573342919351,0.096731998026371,1.2184696791468346e-07,0.0,0.0,0.0,1.2184696791468346e-07,0.0,0.0,0.0,1.2184696791468346e-07,1.084157943725586,1.6328482627868666,10.458836555480957,8.999999999999999e-08,0.0,0.0,0.0,8.999999999999999e-08,0.0,0.0,0.0,8.999999999999999e-08
1759811068861082656,170388,1759811068850583488,base_link,-0.04550965072316905,0.0010651667657037612,0.009288322474830924,-0.9989201806268798,1.0,0.0,0.0,0.0,1.0,0.0,0.0,0.0,1.0,-0.033415112644433975,-0.04880615696310992,0.3947852551937103,1.2184696791468346e-07,0.0,0.0,0.0,1.2184696791468346e-07,0.0,0.0,0.0,1.2184696791468346e-07,-0.26431143283843994,1.940835237503053,10.85106372833252,8.999999999999999e-08,0.0,0.0,0.0,8.999999999999999e-08,0.0,0.0,0.0,8.999999999999999e-08
1759811068861191712,170389,1759811068855583488,base_link,-0.04549392204614039,0.0011491628006079398,0.008034327291086302,-0.9989316867165233,1.0,0.0,0.0,0.0,1.0,0.0,0.0,0.0,1.0,-0.025480864569544792,-0.04459647834300989,0.4620775878429413,1.2184696791468346e-07,0.0,0.0,0.0,1.2184696791468346e-07,0.0,0.0,0.0,1.2184696791468346e-07,-0.27765166759490967,0.6179580688476574,9.238982200622559,8.999999999999999e-08,0.0,0.0,0.0,8.999999999999999e-08,0.0,0.0,0.0,8.999999999999999e-08
1759811068871405408,170390,1759811068866582720,base_link,-0.045471775194336934,0.001609078431181929,0.006507389116385105,-0.9989431928061668,1.0,0.0,0.0,0.0,1.0,0.0,0.0,0.0,1.0,0.005391357000917196,-0.05607724562287327,0.30988484621047974,1.2184696791468346e-07,0.0,0.0,0.0,1.2184696791468346e-07,0.0,0.0,0.0,1.2184696791468346e-07,-0.26449495553970337,0.24200874567031982,9.86970043182373,8.999999999999999e-08,0.0,0.0,0.0,8.999999999999999e-08,0.0,0.0,0.0,8.999999999999999e-08
1759811068875883264,170391,1759811068871582720,base_link,-0.04561813539414707,0.0018933905345242907,0.006853119714719982,-0.9989337097652519,1.0,0.0,0.0,0.0,1.0,0.0,0.0,0.0,1.0,0.04391612112522125,-0.06732330471277237,-0.029034169390797608,1.2184696791468346e-07,0.0,0.0,0.0,1.2184696791468346e-07,0.0,0.0,0.0,1.2184696791468346e-07,-1.0012542009353638,-0.7452920675277699,9.041332244873047,8.999999999999999e-08,0.0,0.0,0.0,8.999999999999999e-08,0.0,0.0,0.0,8.999999999999999e-08
1759811068885187520,170392,1759811068876582720,base_link,-0.045648191365491406,0.001887663831482875,0.007856636177764364,-0.9989249432207616,1.0,0.0,0.0,0.0,1.0,0.0,0.0,0.0,1.0,0.050879549235105515,-0.03145341947674756,-0.39729952812194824,1.2184696791468346e-07,0.0,0.0,0.0,1.2184696791468346e-07,0.0,0.0,0.0,1.2184696791468346e-07,-0.4015439748764038,-1.0074542760848986,10.511431694030762,8.999999999999999e-08,0.0,0.0,0.0,8.999999999999999e-08,0.0,0.0,0.0,8.999999999999999e-08
1759811068888038592,170393,1759811068882582720,base_link,-0.045931627604638155,0.001566279623608132,0.00919500935222779,-0.9989010459576558,1.0,0.0,0.0,0.0,1.0,0.0,0.0,0.0,1.0,0.03062262386083603,0.06105868518352502,-0.5018606781959534,1.2184696791468346e-07,0.0,0.0,0.0,1.2184696791468346e-07,0.0,0.0,0.0,1.2184696791468346e-07,0.2841099798679352,1.8403779268264782,8.809832572937012,8.999999999999999e-08,0.0,0.0,0.0,8.999999999999999e-08,0.0,0.0,0.0,8.999999999999999e-08
1759811068897192096,170394,1759811068892582720,base_link,-0.04572348012491104,0.0011038654751708576,0.010254328242700615,-0.9989009616639589,1.0,0.0,0.0,0.0,1.0,0.0,0.0,0.0,1.0,-0.02508273534476757,0.10177935659885404,-0.2098158597946167,1.2184696791468346e-07,0.0,0.0,0.0,1.2184696791468346e-07,0.0,0.0,0.0,1.2184696791468346e-07,1.5387322902679443,2.350225925445558,9.988704681396484,8.999999999999999e-08,0.0,0.0,0.0,8.999999999999999e-08,0.0,0.0,0.0,8.999999999999999e-08
1759811068905999872,170395,1759811068898582720,base_link,-0.04578337606500108,0.0009549553910258047,0.009782957888954742,-0.9989030690063844,1.0,0.0,0.0,0.0,1.0,0.0,0.0,0.0,1.0,-0.0322742760181427,0.08724671602249147,0.14421498775482178,1.2184696791468346e-07,0.0,0.0,0.0,1.2184696791468346e-07,0.0,0.0,0.0,1.2184696791468346e-07,-0.2533571720123291,1.617669463157655,8.951748847961426,8.999999999999999e-08,0.0,0.0,0.0,8.999999999999999e-08,0.0,0.0,0.0,8.999999999999999e-08
1759811068913008992,170396,1759811068908582720,base_link,-0.04558873928439974,0.0010065352310690448,0.007598486730635096,-0.9989309702200987,1.0,0.0,0.0,0.0,1.0,0.0,0.0,0.0,1.0,-0.024840140715241432,0.0020288545638323346,0.4231792986392975,1.2184696791468346e-07,0.0,0.0,0.0,1.2184696791468346e-07,0.0,0.0,0.0,1.2184696791468346e-07,-0.7139824032783508,0.9955227971076978,9.570514678955078,8.999999999999999e-08,0.0,0.0,0.0,8.999999999999999e-08,0.0,0.0,0.0,8.999999999999999e-08
1759811068923549568,170397,1759811068919582720,base_link,-0.04599642311586759,0.0013587748833208085,0.006224668056573999,-0.9989213607386381,1.0,0.0,0.0,0.0,1.0,0.0,0.0,0.0,1.0,0.05595337226986885,-0.05030068382620808,0.2809794545173645,1.2184696791468346e-07,0.0,0.0,0.0,1.2184696791468346e-07,0.0,0.0,0.0,1.2184696791468346e-07,0.10061810910701752,-0.8341076374053943,9.838362693786621,8.999999999999999e-08,0.0,0.0,0.0,8.999999999999999e-08,0.0,0.0,0.0,8.999999999999999e-08
1759811068937085376,170398,1759811068929582720,base_link,-0.04646050996735514,0.0015095842098268827,0.007496702091481321,-0.9988908885671648,1.0,0.0,0.0,0.0,1.0,0.0,0.0,0.0,1.0,0.07582177221775055,-0.009041020646691367,-0.3689202070236206,1.2184696791468346e-07,0.0,0.0,0.0,1.2184696791468346e-07,0.0,0.0,0.0,1.2184696791468346e-07,-0.8774014115333557,-0.5632396936416615,9.257429122924805,8.999999999999999e-08,0.0,0.0,0.0,8.999999999999999e-08,0.0,0.0,0.0,8.999999999999999e-08
1759811068946091392,170399,1759811068935582720,base_link,-0.04661971968760504,0.0013169678437760333,0.00870728602125974,-0.9988739033872149,1.0,0.0,0.0,0.0,1.0,0.0,0.0,0.0,1.0,0.08576275408267975,0.04821700602769846,-0.4678718149662018,1.2184696791468346e-07,0.0,0.0,0.0,1.2184696791468346e-07,0.0,0.0,0.0,1.2184696791468346e-07,0.09027169644832611,1.8137606382370006,9.681614875793457,8.999999999999999e-08,0.0,0.0,0.0,8.999999999999999e-08,0.0,0.0,0.0,8.999999999999999e-08
1759811068950005632,170400,1759811068940582720,base_link,-0.046703138837520225,0.001040784813840208,0.00971501716915519,-0.9988610907452675,1.0,0.0,0.0,0.0,1.0,0.0,0.0,0.0,1.0,0.024199629202485085,0.08169725537300106,-0.3127245306968689,1.2184696791468346e-07,0.0,0.0,0.0,1.2184696791468346e-07,0.0,0.0,0.0,1.2184696791468346e-07,1.3350238800048828,2.159122705459596,9.886375427246094,8.999999999999999e-08,0.0,0.0,0.0,8.999999999999999e-08,0.0,0.0,0.0,8.999999999999999e-08
1759811068957965504,170401,1759811068951582720,base_link,-0.046715411472970994,0.0007552267442887428,0.009480722838283141,-0.9988629873534506,1.0,0.0,0.0,0.0,1.0,0.0,0.0,0.0,1.0,0.006947624497115612,0.034673277288675336,0.20507654547691345,1.2184696791468346e-07,0.0,0.0,0.0,1.2184696791468346e-07,0.0,0.0,0.0,1.2184696791468346e-07,-0.09628106653690338,1.9298774003982557,10.466973304748535,8.999999999999999e-08,0.0,0.0,0.0,8.999999999999999e-08,0.0,0.0,0.0,8.999999999999999e-08
1759811068960675552,170402,1759811068956582720,base_link,-0.04675807725455418,0.0007416686299583949,0.008713818782778923,-0.9988679606815749,1.0,0.0,0.0,0.0,1.0,0.0,0.0,0.0,1.0,-0.0006746107246726751,0.021744208410382306,0.28043073415756226,1.2184696791468346e-07,0.0,0.0,0.0,1.2184696791468346e-07,0.0,0.0,0.0,1.2184696791468346e-07,-0.4810909032821655,1.1813484430313121,9.722134590148926,8.999999999999999e-08,0.0,0.0,0.0,8.999999999999999e-08,0.0,0.0,0.0,8.999999999999999e-08
1759811068970809696,170403,1759811068967580672,base_link,-0.046989516136439625,0.0011709448187539782,0.006660845791813266,-0.998872512541214,1.0,0.0,0.0,0.0,1.0,0.0,0.0,0.0,1.0,0.04676399007439613,-0.062196005135774564,0.4082929491996765,1.2184696791468346e-07,0.0,0.0,0.0,1.2184696791468346e-07,0.0,0.0,0.0,1.2184696791468346e-07,0.028846949338912964,-0.5572000145912158,9.700249671936035,8.999999999999999e-08,0.0,0.0,0.0,8.999999999999999e-08,0.0,0.0,0.0,8.999999999999999e-08
1759811068976732224,170404,1759811068972580672,base_link,-0.04720041633221011,0.0013646122218395674,0.006457276513505658,-0.9988636617030268,1.0,0.0,0.0,0.0,1.0,0.0,0.0,0.0,1.0,0.0732417106628418,-0.07189436256885526,0.21973253786563873,1.2184696791468346e-07,0.0,0.0,0.0,1.2184696791468346e-07,0.0,0.0,0.0,1.2184696791468346e-07,-0.2835479974746704,-0.9184508919715869,9.8892240524292,8.999999999999999e-08,0.0,0.0,0.0,8.999999999999999e-08,0.0,0.0,0.0,8.999999999999999e-08
1759811068983009600,170405,1759811068977580672,base_link,-0.0474728509268065,0.0016683619248795483,0.006870147041518346,-0.9988475616068956,1.0,0.0,0.0,0.0,1.0,0.0,0.0,0.0,1.0,0.1016460582613945,-0.10154009610414506,-0.09538988023996352,1.2184696791468346e-07,0.0,0.0,0.0,1.2184696791468346e-07,0.0,0.0,0.0,1.2184696791468346e-07,-1.2359485626220703,-0.5933840870857227,9.690325736999512,8.999999999999999e-08,0.0,0.0,0.0,8.999999999999999e-08,0.0,0.0,0.0,8.999999999999999e-08
1759811068990265184,170406,1759811068982580672,base_link,-0.04762741132283004,0.001718872288641823,0.008155415186858087,-0.9988304921332487,1.0,0.0,0.0,0.0,1.0,0.0,0.0,0.0,1.0,0.08248846977949142,-0.05129116773605352,-0.47720012068748474,1.2184696791468346e-07,0.0,0.0,0.0,1.2184696791468346e-07,0.0,0.0,0.0,1.2184696791468346e-07,-0.9756702780723572,-0.23386061191558724,9.375499725341797,8.999999999999999e-08,0.0,0.0,0.0,8.999999999999999e-08,0.0,0.0,0.0,8.999999999999999e-08
1759811068995999232,170407,1759811068992580672,base_link,-0.04795894106739476,0.0016216158015249038,0.00952581996618977,-0.998802633066383,1.0,0.0,0.0,0.0,1.0,0.0,0.0,0.0,1.0,0.07191815972328186,0.006629580631852092,-0.4734055995941162,1.2184696791468346e-07,0.0,0.0,0.0,1.2184696791468346e-07,0.0,0.0,0.0,1.2184696791468346e-07,0.48992040753364563,2.4559957981109632,9.687939643859863,8.999999999999999e-08,0.0,0.0,0.0,8.999999999999999e-08,0.0,0.0,0.0,8.999999999999999e-08
1759811069002312096,170408,1759811068993580672,base_link,-0.048082663141198495,0.001586381036169795,0.010354174126822928,-0.9987884717252833,1.0,0.0,0.0,0.0,1.0,0.0,0.0,0.0,1.0,0.03498329222202301,0.024014191702008213,-0.27170905470848083,1.2184696791468346e-07,0.0,0.0,0.0,1.2184696791468346e-07,0.0,0.0,0.0,1.2184696791468346e-07,1.4971623420715332,2.366045475006105,9.985252380371094,8.999999999999999e-08,0.0,0.0,0.0,8.999999999999999e-08,0.0,0.0,0.0,8.999999999999999e-08
1759811069006726112,170409,1759811068998580672,base_link,-0.04795744222009459,0.001530244068131319,0.010567479327136557,-0.9987923070884979,1.0,0.0,0.0,0.0,1.0,0.0,0.0,0.0,1.0,0.0004968977300450206,0.01779248751699925,0.04841390624642372,1.2184696791468346e-07,0.0,0.0,0.0,1.2184696791468346e-07,0.0,0.0,0.0,1.2184696791468346e-07,0.8454773426055908,2.0606570243835463,9.58539867401123,8.999999999999999e-08,0.0,0.0,0.0,8.999999999999999e-08,0.0,0.0,0.0,8.999999999999999e-08
1759811069014639104,170410,1759811069009580672,base_link,-0.048101273608994084,0.001602662890585162,0.009167192432210616,-0.9987991348779566,1.0,0.0,0.0,0.0,1.0,0.0,0.0,0.0,1.0,0.009662656113505363,-0.009786531329154934,0.285305380821228,1.2184696791468346e-07,0.0,0.0,0.0,1.2184696791468346e-07,0.0,0.0,0.0,1.2184696791468346e-07,0.2373364269733429,1.4559071063995375,10.207647323608398,8.999999999999999e-08,0.0,0.0,0.0,8.999999999999999e-08,0.0,0.0,0.0,8.999999999999999e-08
1759811069023519904,170411,1759811069014580672,base_link,-0.04797978795233947,0.0018076994060565656,0.008129115553387252,-0.9988136333938443,1.0,0.0,0.0,0.0,1.0,0.0,0.0,0.0,1.0,-0.00018059439025819302,-0.05339147895574565,0.3903841972351074,1.2184696791468346e-07,0.0,0.0,0.0,1.2184696791468346e-07,0.0,0.0,0.0,1.2184696791468346e-07,-0.34173059463500977,1.035805702209474,10.251741409301758,8.999999999999999e-08,0.0,0.0,0.0,8.999999999999999e-08,0.0,0.0,0.0,8.999999999999999e-08
1759811069027855616,170412,1759811069025580672,base_link,-0.04837265189819967,0.0023620437336301934,0.007397783438026224,-0.9987992191716536,1.0,0.0,0.0,0.0,1.0,0.0,0.0,0.0,1.0,0.060290370136499405,-0.09358562529087065,0.15694992244243622,1.2184696791468346e-07,0.0,0.0,0.0,1.2184696791468346e-07,0.0,0.0,0.0,1.2184696791468346e-07,-0.5116673707962036,-0.4465077221393574,9.200453758239746,8.999999999999999e-08,0.0,0.0,0.0,8.999999999999999e-08,0.0,0.0,0.0,8.999999999999999e-08
1759811069034093440,170413,1759811069030580672,base_link,-0.04842145004624118,0.0024898777593417697,0.008034917346965454,-0.9987915905920731,1.0,0.0,0.0,0.0,1.0,0.0,0.0,0.0,1.0,0.05358681455254555,-0.08858580887317659,-0.09259178489446639,1.2184696791468346e-07,0.0,0.0,0.0,1.2184696791468346e-07,0.0,0.0,0.0,1.2184696791468346e-07,-0.9766970872879028,-0.7241005301475514,9.118958473205566,8.999999999999999e-08,0.0,0.0,0.0,8.999999999999999e-08,0.0,0.0,0.0,8.999999999999999e-08
1759811069045838304,170414,1759811069040580672,base_link,-0.048874386422119574,0.0025395530886679193,0.010143397737419933,-0.998750244533684,1.0,0.0,0.0,0.0,1.0,0.0,0.0,0.0,1.0,0.06962758302688599,-0.020985778421163608,-0.41052886843681335,1.2184696791468346e-07,0.0,0.0,0.0,1.2184696791468346e-07,0.0,0.0,0.0,1.2184696791468346e-07,0.6134018898010254,2.3183875083923353,9.866753578186035,8.999999999999999e-08,0.0,0.0,0.0,8.999999999999999e-08,0.0,0.0,0.0,8.999999999999999e-08
1759811069059600768,170415,1759811069050580672,base_link,-0.0486946538208229,0.0025100581972443896,0.010812183929590765,-0.9987520989950184,1.0,0.0,0.0,0.0,1.0,0.0,0.0,0.0,1.0,-0.012111138552427292,0.0099879167973995,-0.16597869992256165,1.2184696791468346e-07,0.0,0.0,0.0,1.2184696791468346e-07,0.0,0.0,0.0,1.2184696791468346e-07,0.5285584926605225,2.1109268665313734,9.088847160339355,8.999999999999999e-08,0.0,0.0,0.0,8.999999999999999e-08,0.0,0.0,0.0,8.999999999999999e-08
1759811069061392512,170416,1759811069056580672,base_link,-0.04854798542218302,0.0025495524284771306,0.01017260550343798,-0.9987657967207845,1.0,0.0,0.0,0.0,1.0,0.0,0.0,0.0,1.0,-0.05389153212308884,-0.00939962081611155,0.11691485345363617,1.2184696791468346e-07,0.0,0.0,0.0,1.2184696791468346e-07,0.0,0.0,0.0,1.2184696791468346e-07,0.1328270137310028,2.1544356346130384,9.463993072509766,8.999999999999999e-08,0.0,0.0,0.0,8.999999999999999e-08,0.0,0.0,0.0,8.999999999999999e-08
1759811069068932064,170417,1759811069062577856,base_link,-0.04852698312073443,0.0027836017807922214,0.009124371234123524,-0.9987763755797606,1.0,0.0,0.0,0.0,1.0,0.0,0.0,0.0,1.0,-0.03562277555465698,-0.05912812054157252,0.39992988109588623,1.2184696791468346e-07,0.0,0.0,0.0,1.2184696791468346e-07,0.0,0.0,0.0,1.2184696791468346e-07,0.8560798168182373,1.8046054840087904,10.954484939575195,8.999999999999999e-08,0.0,0.0,0.0,8.999999999999999e-08,0.0,0.0,0.0,8.999999999999999e-08
1759811069079903424,170418,1759811069072577856,base_link,-0.048325368402526506,0.0032585651533736126,0.0073808825517734005,-0.998799092731108,1.0,0.0,0.0,0.0,1.0,0.0,0.0,0.0,1.0,-0.0189522597938776,-0.06867712736129758,0.2724302411079407,1.2184696791468346e-07,0.0,0.0,0.0,1.2184696791468346e-07,0.0,0.0,0.0,1.2184696791468346e-07,-0.5748414397239685,-0.0859702751040446,10.315936088562012,8.999999999999999e-08,0.0,0.0,0.0,8.999999999999999e-08,0.0,0.0,0.0,8.999999999999999e-08
1759811069087963328,170419,1759811069081577856,base_link,-0.04834509049345157,0.00323145155889095,0.007234337959500998,-0.9987993034653506,1.0,0.0,0.0,0.0,1.0,0.0,0.0,0.0,1.0,-0.03069280833005905,-0.07747300714254379,-0.02197122573852538,1.2184696791468346e-07,0.0,0.0,0.0,1.2184696791468346e-07,0.0,0.0,0.0,1.2184696791468346e-07,-0.6008471846580505,-0.5511941313743579,9.5339937210083,8.999999999999999e-08,0.0,0.0,0.0,8.999999999999999e-08,0.0,0.0,0.0,8.999999999999999e-08
1759811069091368000,170420,1759811069083577856,base_link,-0.048294435249897544,0.003551635898672146,0.007841884780785556,-0.9987960581580153,1.0,0.0,0.0,0.0,1.0,0.0,0.0,0.0,1.0,0.0051527684554457664,-0.03754782676696781,-0.27139392495155334,1.2184696791468346e-07,0.0,0.0,0.0,1.2184696791468346e-07,0.0,0.0,0.0,1.2184696791468346e-07,-0.9493869543075562,-0.34150835871696356,9.3693208694458,8.999999999999999e-08,0.0,0.0,0.0,8.999999999999999e-08,0.0,0.0,0.0,8.999999999999999e-08
1759811069099914240,170421,1759811069093577856,base_link,-0.04829756465339948,0.003391293481868515,0.00989624861775202,-0.9987782300410951,1.0,0.0,0.0,0.0,1.0,0.0,0.0,0.0,1.0,-0.0033178271260112524,-0.015353778377175381,-0.4132242202758789,1.2184696791468346e-07,0.0,0.0,0.0,1.2184696791468346e-07,0.0,0.0,0.0,1.2184696791468346e-07,0.7369971871376038,2.5443024635314955,9.384346961975098,8.999999999999999e-08,0.0,0.0,0.0,8.999999999999999e-08,0.0,0.0,0.0,8.999999999999999e-08
1759811069112163872,170422,1759811069104577856,base_link,-0.04773548111076804,0.003229151921469073,0.009943537381781267,-0.9988052883178391,1.0,0.0,0.0,0.0,1.0,0.0,0.0,0.0,1.0,-0.0842326283454895,0.022321920841932293,-0.017902579158544544,1.2184696791468346e-07,0.0,0.0,0.0,1.2184696791468346e-07,0.0,0.0,0.0,1.2184696791468346e-07,0.5841630101203918,2.096386194229127,9.027400970458984,8.999999999999999e-08,0.0,0.0,0.0,8.999999999999999e-08,0.0,0.0,0.0,8.999999999999999e-08
1759811069119933504,170423,1759811069115577856,base_link,-0.047234987284701165,0.0034697314011253185,0.007763575936252303,-0.9988476459005926,1.0,0.0,0.0,0.0,1.0,0.0,0.0,0.0,1.0,-0.0945577397942543,-0.025961462408304162,0.4387272298336029,1.2184696791468346e-07,0.0,0.0,0.0,1.2184696791468346e-07,0.0,0.0,0.0,1.2184696791468346e-07,-0.07260392606258392,0.978292763233186,10.309049606323242,8.999999999999999e-08,0.0,0.0,0.0,8.999999999999999e-08,0.0,0.0,0.0,8.999999999999999e-08
1759811069127869696,170424,1759811069120577856,base_link,-0.046967437773265,0.003652360281168104,0.006574149724426366,-0.9988681714158174,1.0,0.0,0.0,0.0,1.0,0.0,0.0,0.0,1.0,-0.11089044064283371,-0.052979163825511884,0.3964255154132843,1.2184696791468346e-07,0.0,0.0,0.0,1.2184696791468346e-07,0.0,0.0,0.0,1.2184696791468346e-07,0.014705121517181396,1.5887018442153942,9.803086280822754,8.999999999999999e-08,0.0,0.0,0.0,8.999999999999999e-08,0.0,0.0,0.0,8.999999999999999e-08
1759811069135241248,170425,1759811069130577856,base_link,-0.04635139441073847,0.003956922628130936,0.005633389918814689,-0.9989015095729895,1.0,0.0,0.0,0.0,1.0,0.0,0.0,0.0,1.0,-0.1006464958190918,-0.04581620916724203,0.19070442020893097,1.2184696791468346e-07,0.0,0.0,0.0,1.2184696791468346e-07,0.0,0.0,0.0,1.2184696791468346e-07,-0.2156340777873993,-1.3288941383361805,9.530210494995117,8.999999999999999e-08,0.0,0.0,0.0,8.999999999999999e-08,0.0,0.0,0.0,8.999999999999999e-08
1759811069143127968,170426,1759811069140577856,base_link,-0.046270791197139415,0.003931626616490303,0.0063085402851106994,-0.9989012988387469,1.0,0.0,0.0,0.0,1.0,0.0,0.0,0.0,1.0,-0.059965889900922775,-0.001898986520245709,-0.3086240887641907,1.2184696791468346e-07,0.0,0.0,0.0,1.2184696791468346e-07,0.0,0.0,0.0,1.2184696791468346e-07,-0.8786108493804932,-0.19938422739505657,9.12165355682373,8.999999999999999e-08,0.0,0.0,0.0,8.999999999999999e-08,0.0,0.0,0.0,8.999999999999999e-08
1759811069150823328,170427,1759811069141577856,base_link,-0.04602823213269217,0.003820705330832742,0.007439255936960967,-0.9989051763488099,1.0,0.0,0.0,0.0,1.0,0.0,0.0,0.0,1.0,-0.057682380080223083,0.050886020064353894,-0.41421815752983093,1.2184696791468346e-07,0.0,0.0,0.0,1.2184696791468346e-07,0.0,0.0,0.0,1.2184696791468346e-07,-0.024720728397369385,0.7662536501884473,10.08232593536377,8.999999999999999e-08,0.0,0.0,0.0,8.999999999999999e-08,0.0,0.0,0.0,8.999999999999999e-08
1759811069157285248,170428,1759811069152577856,base_link,-0.045615415605329106,0.0033731044825580318,0.008710826356534617,-0.9989154601798467,1.0,0.0,0.0,0.0,1.0,0.0,0.0,0.0,1.0,-0.09555228054523468,0.07837091386318204,-0.2097785621881485,1.2184696791468346e-07,0.0,0.0,0.0,1.2184696791468346e-07,0.0,0.0,0.0,1.2184696791468346e-07,1.1538537740707397,2.3851082324981703,9.980107307434082,8.999999999999999e-08,0.0,0.0,0.0,8.999999999999999e-08,0.0,0.0,0.0,8.999999999999999e-08
1759811069167576096,170429,1759811069162575552,base_link,-0.04480482107298728,0.0032052915368558435,0.007292458463597545,-0.9989640554961797,1.0,0.0,0.0,0.0,1.0,0.0,0.0,0.0,1.0,-0.15153460204601288,0.03809659928083424,0.3437223732471466,1.2184696791468346e-07,0.0,0.0,0.0,1.2184696791468346e-07,0.0,0.0,0.0,1.2184696791468346e-07,-0.2554831802845001,1.8383535146713268,9.37488842010498,8.999999999999999e-08,0.0,0.0,0.0,8.999999999999999e-08,0.0,0.0,0.0,8.999999999999999e-08
1759811069183964704,170430,1759811069173575552,base_link,-0.04408026801479141,0.003392324762568016,0.004842504306507767,-0.9990105434700872,1.0,0.0,0.0,0.0,1.0,0.0,0.0,0.0,1.0,-0.1337561011314392,-0.009058188647031725,0.4843239188194275,1.2184696791468346e-07,0.0,0.0,0.0,1.2184696791468346e-07,0.0,0.0,0.0,1.2184696791468346e-07,0.16771133244037628,0.8972462415695203,9.97168254852295,8.999999999999999e-08,0.0,0.0,0.0,8.999999999999999e-08,0.0,0.0,0.0,8.999999999999999e-08
1759811069189348064,170431,1759811069183575552,base_link,-0.04362948507945413,0.0035729200571701487,0.004310231756663668,-0.9990320805096763,1.0,0.0,0.0,0.0,1.0,0.0,0.0,0.0,1.0,-0.0757545754313469,-0.03110731206834316,0.02876074053347111,1.2184696791468346e-07,0.0,0.0,0.0,1.2184696791468346e-07,0.0,0.0,0.0,1.2184696791468346e-07,-0.5298147201538086,-1.5350337028503405,10.609892845153809,8.999999999999999e-08,0.0,0.0,0.0,8.999999999999999e-08,0.0,0.0,0.0,8.999999999999999e-08
1759811069198787008,170432,1759811069194575552,base_link,-0.043325867085315745,0.003400415640393091,0.0067000845077768755,-0.9990327970061009,1.0,0.0,0.0,0.0,1.0,0.0,0.0,0.0,1.0,-0.06076459214091301,0.02955934591591352,-0.5132564902305603,1.2184696791468346e-07,0.0,0.0,0.0,1.2184696791468346e-07,0.0,0.0,0.0,1.2184696791468346e-07,-0.056459277868270874,1.4731352329254161,9.504023551940918,8.999999999999999e-08,0.0,0.0,0.0,8.999999999999999e-08,0.0,0.0,0.0,8.999999999999999e-08
1759811069206855456,170433,1759811069199575552,base_link,-0.043127759775157336,0.003000743661409361,0.007644763970300104,-0.9990358315791937,1.0,0.0,0.0,0.0,1.0,0.0,0.0,0.0,1.0,-0.07459187507629395,0.09206292778253551,-0.3825703561306,1.2184696791468346e-07,0.0,0.0,0.0,1.2184696791468346e-07,0.0,0.0,0.0,1.2184696791468346e-07,1.3181450366973877,2.4218280315399183,10.10069751739502,8.999999999999999e-08,0.0,0.0,0.0,8.999999999999999e-08,0.0,0.0,0.0,8.999999999999999e-08
1759811069210282144,170434,1759811069204575552,base_link,-0.042820137830410415,0.0027373706392428165,0.00803731971733052,-0.9990467054661095,1.0,0.0,0.0,0.0,1.0,0.0,0.0,0.0,1.0,-0.12067157030105591,0.1090448051691055,-0.21857132017612457,1.2184696791468346e-07,0.0,0.0,0.0,1.2184696791468346e-07,0.0,0.0,0.0,1.2184696791468346e-07,1.2667570114135742,1.6928969621658336,9.461051940917969,8.999999999999999e-08,0.0,0.0,0.0,8.999999999999999e-08,0.0,0.0,0.0,8.999999999999999e-08
1759811069223907040,170435,1759811069215575552,base_link,-0.04204932728888484,0.002369868559474045,0.006835628772587945,-0.9990893580768027,1.0,0.0,0.0,0.0,1.0,0.0,0.0,0.0,1.0,-0.11155550926923752,0.02917316742241387,0.364336758852005,1.2184696791468346e-07,0.0,0.0,0.0,1.2184696791468346e-07,0.0,0.0,0.0,1.2184696791468346e-07,-0.44644665718078613,1.8498826026916515,9.784133911132812,8.999999999999999e-08,0.0,0.0,0.0,8.999999999999999e-08,0.0,0.0,0.0,8.999999999999999e-08
1759811069231697856,170436,1759811069226575552,base_link,-0.04159807415276885,0.002598839216543574,0.004695369658356223,-0.9991199988356699,1.0,0.0,0.0,0.0,1.0,0.0,0.0,0.0,1.0,-0.08049319684505463,-0.019431428983807512,0.4171680510044098,1.2184696791468346e-07,0.0,0.0,0.0,1.2184696791468346e-07,0.0,0.0,0.0,1.2184696791468346e-07,-0.20313246548175812,0.48725861310958973,9.26715087890625,8.999999999999999e-08,0.0,0.0,0.0,8.999999999999999e-08,0.0,0.0,0.0,8.999999999999999e-08
1759811069239015168,170437,1759811069235575552,base_link,-0.041468085369427164,0.00285352471956081,0.0040702054543941355,-0.9991274588278564,1.0,0.0,0.0,0.0,1.0,0.0,0.0,0.0,1.0,-0.03769925609230995,-0.05090402811765669,0.15387292206287384,1.2184696791468346e-07,0.0,0.0,0.0,1.2184696791468346e-07,0.0,0.0,0.0,1.2184696791468346e-07,-0.4820900857448578,-1.0667091608047474,9.771692276000977,8.999999999999999e-08,0.0,0.0,0.0,8.999999999999999e-08,0.0,0.0,0.0,8.999999999999999e-08
1759811069247007936,170438,1759811069242575552,base_link,-0.04139244626432928,0.002999765064270501,0.0051626517677964955,-0.9991251828980369,1.0,0.0,0.0,0.0,1.0,0.0,0.0,0.0,1.0,-0.008116375654935837,-0.039143227040767704,-0.2699550986289978,1.2184696791468346e-07,0.0,0.0,0.0,1.2184696791468346e-07,0.0,0.0,0.0,1.2184696791468346e-07,-0.9951709508895874,-0.02355358004569896,9.082228660583496,8.999999999999999e-08,0.0,0.0,0.0,8.999999999999999e-08,0.0,0.0,0.0,8.999999999999999e-08
1759811069257486208,170439,1759811069252575552,base_link,-0.041312475253457895,0.0026676716056069426,0.0074904222110531785,-0.9991146461859091,1.0,0.0,0.0,0.0,1.0,0.0,0.0,0.0,1.0,-0.013605767861008644,0.05001321807503695,-0.4546298384666443,1.2184696791468346e-07,0.0,0.0,0.0,1.2184696791468346e-07,0.0,0.0,0.0,1.2184696791468346e-07,1.3034783601760864,2.419216871261598,9.722662925720215,8.999999999999999e-08,0.0,0.0,0.0,8.999999999999999e-08,0.0,0.0,0.0,8.999999999999999e-08
1759811069262459232,170440,1759811069257575552,base_link,-0.04099885660242128,0.002418640365735244,0.007807324365006575,-0.9991258151007645,1.0,0.0,0.0,0.0,1.0,0.0,0.0,0.0,1.0,-0.06591779738664627,0.08130387216806409,-0.26617905497550964,1.2184696791468346e-07,0.0,0.0,0.0,1.2184696791468346e-07,0.0,0.0,0.0,1.2184696791468346e-07,1.038040041923523,2.546099662780763,9.809504508972168,8.999999999999999e-08,0.0,0.0,0.0,8.999999999999999e-08,0.0,0.0,0.0,8.999999999999999e-08
1759811069270934048,170441,1759811069263575296,base_link,-0.04078775752620939,0.002352299909090081,0.007271300745645025,-0.9991386277427118,1.0,0.0,0.0,0.0,1.0,0.0,0.0,0.0,1.0,-0.11340120434761047,0.037666112184524564,0.25218966603279114,1.2184696791468346e-07,0.0,0.0,0.0,1.2184696791468346e-07,0.0,0.0,0.0,1.2184696791468346e-07,0.044201452285051346,1.655816674232484,9.720223426818848,8.999999999999999e-08,0.0,0.0,0.0,8.999999999999999e-08,0.0,0.0,0.0,8.999999999999999e-08
1759811069277547744,170442,1759811069273575296,base_link,-0.04030114318419277,0.002546702247846581,0.004956680119123758,-0.9991720923404295,1.0,0.0,0.0,0.0,1.0,0.0,0.0,0.0,1.0,-0.07890051603317261,-0.023453146219253485,0.45912811160087585,1.2184696791468346e-07,0.0,0.0,0.0,1.2184696791468346e-07,0.0,0.0,0.0,1.2184696791468346e-07,-0.1791239231824875,0.28802615404129156,10.395182609558105,8.999999999999999e-08,0.0,0.0,0.0,8.999999999999999e-08,0.0,0.0,0.0,8.999999999999999e-08
1759811069286787776,170443,1759811069279575296,base_link,-0.040349940015145275,0.002755383148625162,0.003912576240963419,-0.9991741575360065,1.0,0.0,0.0,0.0,1.0,0.0,0.0,0.0,1.0,-0.034586917608976364,-0.06345504522323603,0.4536260664463043,1.2184696791468346e-07,0.0,0.0,0.0,1.2184696791468346e-07,0.0,0.0,0.0,1.2184696791468346e-07,-0.011596601456403732,-0.33320686221122625,9.482156753540039,8.999999999999999e-08,0.0,0.0,0.0,8.999999999999999e-08,0.0,0.0,0.0,8.999999999999999e-08
1759811069292432832,170444,1759811069284575296,base_link,-0.04016305035213584,0.003123030108185689,0.0035120968864129033,-0.9991820811435266,1.0,0.0,0.0,0.0,1.0,0.0,0.0,0.0,1.0,-0.004180958494544029,-0.10945168137550351,0.1733258217573166,1.2184696791468346e-07,0.0,0.0,0.0,1.2184696791468346e-07,0.0,0.0,0.0,1.2184696791468346e-07,-0.7271442413330078,-0.5289251804351794,10.309905052185059,8.999999999999999e-08,0.0,0.0,0.0,8.999999999999999e-08,0.0,0.0,0.0,8.999999999999999e-08
1759811069300053344,170445,1759811069294575296,base_link,-0.0402856199730506,0.0035410991865444234,0.004931644891108309,-0.9991698164106099,1.0,0.0,0.0,0.0,1.0,0.0,0.0,0.0,1.0,0.010767767205834389,-0.09959721565246585,-0.2831351161003113,1.2184696791468346e-07,0.0,0.0,0.0,1.2184696791468346e-07,0.0,0.0,0.0,1.2184696791468346e-07,-0.896503746509552,0.4495185017585765,8.579704284667969,8.999999999999999e-08,0.0,0.0,0.0,8.999999999999999e-08,0.0,0.0,0.0,8.999999999999999e-08
1759811069309857536,170446,1759811069305575296,base_link,-0.04023287450922823,0.003378234544275215,0.0070617044680003835,-0.9991597433138157,1.0,0.0,0.0,0.0,1.0,0.0,0.0,0.0,1.0,0.006361915729939938,0.02458914555609221,-0.4252634048461914,1.2184696791468346e-07,0.0,0.0,0.0,1.2184696791468346e-07,0.0,0.0,0.0,1.2184696791468346e-07,1.4942363500595093,2.1792438030242933,10.014298439025879,8.999999999999999e-08,0.0,0.0,0.0,8.999999999999999e-08,0.0,0.0,0.0,8.999999999999999e-08
1759811069316731328,170447,1759811069310575296,base_link,-0.0401052999500528,0.0033856932193726272,0.007211747248699132,-0.9991637051175758,1.0,0.0,0.0,0.0,1.0,0.0,0.0,0.0,1.0,-0.05841755121946335,0.027802087366580956,-0.049248792231082916,1.2184696791468346e-07,0.0,0.0,0.0,1.2184696791468346e-07,0.0,0.0,0.0,1.2184696791468346e-07,0.8945600390434265,2.553888082504274,9.85412883758545,8.999999999999999e-08,0.0,0.0,0.0,8.999999999999999e-08,0.0,0.0,0.0,8.999999999999999e-08
1759811069323142464,170448,1759811069315575296,base_link,-0.03969621078460492,0.003448798905394582,0.006635515535858224,-0.999183851311164,1.0,0.0,0.0,0.0,1.0,0.0,0.0,0.0,1.0,-0.10081598907709122,-0.00942588504403827,0.21950142085552216,1.2184696791468346e-07,0.0,0.0,0.0,1.2184696791468346e-07,0.0,0.0,0.0,1.2184696791468346e-07,-0.3261708915233612,1.5387084484100353,9.662928581237793,8.999999999999999e-08,0.0,0.0,0.0,8.999999999999999e-08,0.0,0.0,0.0,8.999999999999999e-08
1759811069329877216,170449,1759811069325575296,base_link,-0.03964812123045399,0.003549132112452797,0.005489922046483614,-0.9991924071214118,1.0,0.0,0.0,0.0,1.0,0.0,0.0,0.0,1.0,-0.06926311552524567,-0.07014326751232142,0.4327631890773773,1.2184696791468346e-07,0.0,0.0,0.0,1.2184696791468346e-07,0.0,0.0,0.0,1.2184696791468346e-07,-0.5631856918334961,1.4403122663497936,9.916171073913574,8.999999999999999e-08,0.0,0.0,0.0,8.999999999999999e-08,0.0,0.0,0.0,8.999999999999999e-08
1759811069335056928,170450,1759811069326575296,base_link,-0.03951153383114231,0.003909632547012698,0.004455638384026268,-0.9992015951343871,1.0,0.0,0.0,0.0,1.0,0.0,0.0,0.0,1.0,-0.03318716585636139,-0.08732549101114268,0.41827628016471863,1.2184696791468346e-07,0.0,0.0,0.0,1.2184696791468346e-07,0.0,0.0,0.0,1.2184696791468346e-07,0.0684165209531784,0.09445131570100906,10.005416870117188,8.999999999999999e-08,0.0,0.0,0.0,8.999999999999999e-08,0.0,0.0,0.0,8.999999999999999e-08
1759811069338875808,170451,1759811069331575296,base_link,-0.03923545880250579,0.004231265684711455,0.0036849411121560797,-0.9992143234826374,1.0,0.0,0.0,0.0,1.0,0.0,0.0,0.0,1.0,-0.008968236856162548,-0.1352712661027908,0.22089709341526034,1.2184696791468346e-07,0.0,0.0,0.0,1.2184696791468346e-07,0.0,0.0,0.0,1.2184696791468346e-07,0.2366376519203186,-0.37267968058586004,9.674978256225586,8.999999999999999e-08,0.0,0.0,0.0,8.999999999999999e-08,0.0,0.0,0.0,8.999999999999999e-08
1759811069349234496,170452,1759811069342575296,base_link,-0.03948542649266784,0.004954900731863188,0.004213841914119269,-0.999199024176628,1.0,0.0,0.0,0.0,1.0,0.0,0.0,0.0,1.0,0.025691892951726913,-0.1382643282413483,-0.17970477044582364,1.2184696791468346e-07,0.0,0.0,0.0,1.2184696791468346e-07,0.0,0.0,0.0,1.2184696791468346e-07,-0.8390711545944214,-1.5007810592651354,10.130722999572754,8.999999999999999e-08,0.0,0.0,0.0,8.999999999999999e-08,0.0,0.0,0.0,8.999999999999999e-08
1759811069358609120,170453,1759811069353575296,base_link,-0.039757976991097635,0.004929199056805637,0.006816367662818445,-0.999173946801764,1.0,0.0,0.0,0.0,1.0,0.0,0.0,0.0,1.0,0.05482422932982445,-0.011177698150277198,-0.4957970976829529,1.2184696791468346e-07,0.0,0.0,0.0,1.2184696791468346e-07,0.0,0.0,0.0,1.2184696791468346e-07,0.947522759437561,1.7912484407424938,9.514921188354492,8.999999999999999e-08,0.0,0.0,0.0,8.999999999999999e-08,0.0,0.0,0.0,8.999999999999999e-08
1759811069364177120,170454,1759811069358574272,base_link,-0.039552364907726255,0.004845457220081538,0.0076622970592805945,-0.9991764334658261,1.0,0.0,0.0,0.0,1.0,0.0,0.0,0.0,1.0,0.0012372706551104784,0.025984201580285984,-0.33122438192367554,1.2184696791468346e-07,0.0,0.0,0.0,1.2184696791468346e-07,0.0,0.0,0.0,1.2184696791468346e-07,1.1864429712295532,1.9106625318527233,9.628575325012207,8.999999999999999e-08,0.0,0.0,0.0,8.999999999999999e-08,0.0,0.0,0.0,8.999999999999999e-08
1759811069373975296,170455,1759811069363574272,base_link,-0.03942232607500196,0.004665874766932683,0.007711903899977924,-0.999182038996678,1.0,0.0,0.0,0.0,1.0,0.0,0.0,0.0,1.0,-0.05305742472410202,0.014908816665410992,-0.032490458339452744,1.2184696791468346e-07,0.0,0.0,0.0,1.2184696791468346e-07,0.0,0.0,0.0,1.2184696791468346e-07,0.541440486907959,2.524880170822145,10.210137367248535,8.999999999999999e-08,0.0,0.0,0.0,8.999999999999999e-08,0.0,0.0,0.0,8.999999999999999e-08
1759811069375912448,170456,1759811069368574272,base_link,-0.03939988156108089,0.004785017322227901,0.007324742949556866,-0.9991852421571649,1.0,0.0,0.0,0.0,1.0,0.0,0.0,0.0,1.0,-0.08055993169546127,0.0021034022793174033,0.19858895242214203,1.2184696791468346e-07,0.0,0.0,0.0,1.2184696791468346e-07,0.0,0.0,0.0,1.2184696791468346e-07,0.06325820833444595,1.0957880020141613,9.405963897705078,8.999999999999999e-08,0.0,0.0,0.0,8.999999999999999e-08,0.0,0.0,0.0,8.999999999999999e-08
1759811069383452992,170457,1759811069378574272,base_link,-0.03920232479413115,0.004902321221256832,0.006424907733849286,-0.9991986448549913,1.0,0.0,0.0,0.0,1.0,0.0,0.0,0.0,1.0,0.011308826506137848,-0.0658122599124908,0.3796606659889221,1.2184696791468346e-07,0.0,0.0,0.0,1.2184696791468346e-07,0.0,0.0,0.0,1.2184696791468346e-07,-0.07203368097543716,2.2980544567108168,10.55747127532959,8.999999999999999e-08,0.0,0.0,0.0,8.999999999999999e-08,0.0,0.0,0.0,8.999999999999999e-08
1759811069391805696,170458,1759811069384574272,base_link,-0.039358067936091035,0.005497774531196775,0.004940411435598554,-0.9991978862117181,1.0,0.0,0.0,0.0,1.0,0.0,0.0,0.0,1.0,0.017216915264725685,-0.09866159409284589,0.25171926617622375,1.2184696791468346e-07,0.0,0.0,0.0,1.2184696791468346e-07,0.0,0.0,0.0,1.2184696791468346e-07,-0.19993363320827484,-0.4953198134899127,9.815686225891113,8.999999999999999e-08,0.0,0.0,0.0,8.999999999999999e-08,0.0,0.0,0.0,8.999999999999999e-08
1759811069399948384,170459,1759811069390574272,base_link,-0.03939664283919063,0.005766213077718723,0.004821810203888884,-0.9991954416945045,1.0,0.0,0.0,0.0,1.0,0.0,0.0,0.0,1.0,0.061822496354579926,-0.08474234491586687,-0.13665473461151123,1.2184696791468346e-07,0.0,0.0,0.0,1.2184696791468346e-07,0.0,0.0,0.0,1.2184696791468346e-07,-0.6948082447052002,-0.6311712265014636,9.88170337677002,8.999999999999999e-08,0.0,0.0,0.0,8.999999999999999e-08,0.0,0.0,0.0,8.999999999999999e-08
1759811069404986336,170460,1759811069399574272,base_link,-0.039555195332021564,0.005864324355607004,0.005596680013761716,-0.9991845256607402,1.0,0.0,0.0,0.0,1.0,0.0,0.0,0.0,1.0,0.03146478906273842,-0.06409008800983433,-0.33025845885276794,1.2184696791468346e-07,0.0,0.0,0.0,1.2184696791468346e-07,0.0,0.0,0.0,1.2184696791468346e-07,-0.5773584842681885,-1.0431991815567005,9.070110321044922,8.999999999999999e-08,0.0,0.0,0.0,8.999999999999999e-08,0.0,0.0,0.0,8.999999999999999e-08
1759811069416764608,170461,1759811069400574272,base_link,-0.039774344456299036,0.0059949466587653774,0.0067890565049834135,-0.9991677090681843,1.0,0.0,0.0,0.0,1.0,0.0,0.0,0.0,1.0,0.020639244467020035,0.013407114893197956,-0.4647561013698578,1.2184696791468346e-07,0.0,0.0,0.0,1.2184696791468346e-07,0.0,0.0,0.0,1.2184696791468346e-07,-0.05821089446544647,0.9711415767669689,9.492664337158203,8.999999999999999e-08,0.0,0.0,0.0,8.999999999999999e-08,0.0,0.0,0.0,8.999999999999999e-08
1759811069418831200,170462,1759811069411574272,base_link,-0.03996048996401445,0.005752245348704409,0.008729455263576427,-0.9991465934970803,1.0,0.0,0.0,0.0,1.0,0.0,0.0,0.0,1.0,-0.03070744313299656,0.05087099969387052,-0.25115829706192017,1.2184696791468346e-07,0.0,0.0,0.0,1.2184696791468346e-07,0.0,0.0,0.0,1.2184696791468346e-07,1.2006441354751587,1.4055032730102552,10.143402099609375,8.999999999999999e-08,0.0,0.0,0.0,8.999999999999999e-08,0.0,0.0,0.0,8.999999999999999e-08
1759811069427133056,170463,1759811069422574272,base_link,-0.03974182289431682,0.005694260504776528,0.008500260701374182,-0.9991576359713902,1.0,0.0,0.0,0.0,1.0,0.0,0.0,0.0,1.0,-0.032030992209911346,-0.006825993303209529,0.10979099571704865,1.2184696791468346e-07,0.0,0.0,0.0,1.2184696791468346e-07,0.0,0.0,0.0,1.2184696791468346e-07,-0.03937191888689995,1.9502934217453016,9.992757797241211,8.999999999999999e-08,0.0,0.0,0.0,8.999999999999999e-08,0.0,0.0,0.0,8.999999999999999e-08
1759811069434243264,170464,1759811069427574272,base_link,-0.03972280808019332,0.005693708644478838,0.007526204885438921,-0.9991661917816379,1.0,0.0,0.0,0.0,1.0,0.0,0.0,0.0,1.0,0.006449002772569656,-0.02734462730586524,0.38265347480773926,1.2184696791468346e-07,0.0,0.0,0.0,1.2184696791468346e-07,0.0,0.0,0.0,1.2184696791468346e-07,0.2213422656059265,2.380492448806764,10.193222999572754,8.999999999999999e-08,0.0,0.0,0.0,8.999999999999999e-08,0.0,0.0,0.0,8.999999999999999e-08
1759811069437161440,170465,1759811069432574272,base_link,-0.03967037608355676,0.006045588731429246,0.006350434252530505,-0.9991744104170975,1.0,0.0,0.0,0.0,1.0,0.0,0.0,0.0,1.0,0.0036082605365663767,-0.06435604393482203,0.43470466136932373,1.2184696791468346e-07,0.0,0.0,0.0,1.2184696791468346e-07,0.0,0.0,0.0,1.2184696791468346e-07,0.22906243801116943,-0.27347770333289984,9.551058769226074,8.999999999999999e-08,0.0,0.0,0.0,8.999999999999999e-08,0.0,0.0,0.0,8.999999999999999e-08
1759811069443971040,170466,1759811069437574272,base_link,-0.039749209129518355,0.006093443843735335,0.0057946859080658854,-0.9991743261234005,1.0,0.0,0.0,0.0,1.0,0.0,0.0,0.0,1.0,0.004899455234408379,-0.07817573845386502,0.23419073224067688,1.2184696791468346e-07,0.0,0.0,0.0,1.2184696791468346e-07,0.0,0.0,0.0,1.2184696791468346e-07,-0.051867593079805374,-1.3532731533050526,9.456623077392578,8.999999999999999e-08,0.0,0.0,0.0,8.999999999999999e-08,0.0,0.0,0.0,8.999999999999999e-08
1759811069451761984,170467,1759811069442574272,base_link,-0.0398614409187468,0.006341077652161093,0.005813736283592798,-0.999168172683518,1.0,0.0,0.0,0.0,1.0,0.0,0.0,0.0,1.0,0.033936403691768646,-0.07004115730524063,-0.001332795247435561,1.2184696791468346e-07,0.0,0.0,0.0,1.2184696791468346e-07,0.0,0.0,0.0,1.2184696791468346e-07,-0.8848758935928345,-0.31009903550147894,9.584480285644531,8.999999999999999e-08,0.0,0.0,0.0,8.999999999999999e-08,0.0,0.0,0.0,8.999999999999999e-08
1759811069456320000,170468,1759811069448574272,base_link,-0.039840704669279435,0.006570767439833339,0.006553329181261961,-0.9991629464743026,1.0,0.0,0.0,0.0,1.0,0.0,0.0,0.0,1.0,0.045306164771318436,-0.05721803754568104,-0.3446905016899109,1.2184696791468346e-07,0.0,0.0,0.0,1.2184696791468346e-07,0.0,0.0,0.0,1.2184696791468346e-07,-0.4317825436592102,-0.5526082515716539,10.884242057800293,8.999999999999999e-08,0.0,0.0,0.0,8.999999999999999e-08,0.0,0.0,0.0,8.999999999999999e-08
1759811069468977120,170469,1759811069458572992,base_link,-0.040226249551477924,0.006514152368482063,0.008925901724485713,-0.9991295240234335,1.0,0.0,0.0,0.0,1.0,0.0,0.0,0.0,1.0,0.05364653840661049,-0.015696937218308504,-0.4613998830318451,1.2184696791468346e-07,0.0,0.0,0.0,1.2184696791468346e-07,0.0,0.0,0.0,1.2184696791468346e-07,0.9774401187896729,1.248190999031068,9.90278434753418,8.999999999999999e-08,0.0,0.0,0.0,8.999999999999999e-08,0.0,0.0,0.0,8.999999999999999e-08
1759811069468984352,170470,1759811069464572992,base_link,-0.040186264046042225,0.0062166785946031556,0.00957150714997559,-0.9991270795062198,1.0,0.0,0.0,0.0,1.0,0.0,0.0,0.0,1.0,0.003876866539940238,0.05164737999439235,-0.3179853558540344,1.2184696791468346e-07,0.0,0.0,0.0,1.2184696791468346e-07,0.0,0.0,0.0,1.2184696791468346e-07,1.1597652435302734,1.9169071912765514,9.932397842407227,8.999999999999999e-08,0.0,0.0,0.0,8.999999999999999e-08,0.0,0.0,0.0,8.999999999999999e-08
1759811069478787712,170471,1759811069474572992,base_link,-0.04007034309048006,0.006171840933232645,0.008894586616042128,-0.9991382484210752,1.0,0.0,0.0,0.0,1.0,0.0,0.0,0.0,1.0,-0.03387751802802086,0.029814921319484728,0.14346584677696228,1.2184696791468346e-07,0.0,0.0,0.0,1.2184696791468346e-07,0.0,0.0,0.0,1.2184696791468346e-07,0.5175821781158447,1.9071433544158949,10.558050155639648,8.999999999999999e-08,0.0,0.0,0.0,8.999999999999999e-08,0.0,0.0,0.0,8.999999999999999e-08
1759811069484794624,170472,1759811069480572992,base_link,-0.039875320402797045,0.006163568297123366,0.007665837394555547,-0.9991562872722379,1.0,0.0,0.0,0.0,1.0,0.0,0.0,0.0,1.0,-0.05123218894004822,-0.010364282876253074,0.44335415959358215,1.2184696791468346e-07,0.0,0.0,0.0,1.2184696791468346e-07,0.0,0.0,0.0,1.2184696791468346e-07,-0.17205795645713806,1.7347500324249279,9.545121192932129,8.999999999999999e-08,0.0,0.0,0.0,8.999999999999999e-08,0.0,0.0,0.0,8.999999999999999e-08
1759811069492766080,170473,1759811069485572992,base_link,-0.0398740546802527,0.006479476048869727,0.006649423995866795,-0.9991615977751502,1.0,0.0,0.0,0.0,1.0,0.0,0.0,0.0,1.0,-0.03287304937839508,-0.04391404241323467,0.3649561107158661,1.2184696791468346e-07,0.0,0.0,0.0,1.2184696791468346e-07,0.0,0.0,0.0,1.2184696791468346e-07,-0.1276249885559082,-0.2149360626935946,10.33896255493164,8.999999999999999e-08,0.0,0.0,0.0,8.999999999999999e-08,0.0,0.0,0.0,8.999999999999999e-08
1759811069499878336,170474,1759811069495572992,base_link,-0.039787589103443585,0.006799846098202176,0.006140374359552245,-0.9991661496347894,1.0,0.0,0.0,0.0,1.0,0.0,0.0,0.0,1.0,-0.005830087698996067,-0.0744066685438156,0.10088392347097398,1.2184696791468346e-07,0.0,0.0,0.0,1.2184696791468346e-07,0.0,0.0,0.0,1.2184696791468346e-07,-0.576574444770813,-0.7490129470825183,9.709249496459961,8.999999999999999e-08,0.0,0.0,0.0,8.999999999999999e-08,0.0,0.0,0.0,8.999999999999999e-08
1759811069507187040,170475,1759811069501572992,base_link,-0.03985113996555294,0.006899308709420835,0.007042738386170473,-0.999157045915511,1.0,0.0,0.0,0.0,1.0,0.0,0.0,0.0,1.0,0.016940506175160408,-0.061222091317176854,-0.258689820766449,1.2184696791468346e-07,0.0,0.0,0.0,1.2184696791468346e-07,0.0,0.0,0.0,1.2184696791468346e-07,-0.6567785739898682,-1.1721069812774647,9.426721572875977,8.999999999999999e-08,0.0,0.0,0.0,8.999999999999999e-08,0.0,0.0,0.0,8.999999999999999e-08
1759811069519577696,170476,1759811069511572992,base_link,-0.04005518603008433,0.006594020646410205,0.009622336249279754,-0.9991294397297364,1.0,0.0,0.0,0.0,1.0,0.0,0.0,0.0,1.0,0.019204379990696907,0.06553774327039713,-0.45094820857048035,1.2184696791468346e-07,0.0,0.0,0.0,1.2184696791468346e-07,0.0,0.0,0.0,1.2184696791468346e-07,1.1813400983810425,2.0101773738861097,9.927886962890625,8.999999999999999e-08,0.0,0.0,0.0,8.999999999999999e-08,0.0,0.0,0.0,8.999999999999999e-08
1759811069523879488,170477,1759811069517572992,base_link,-0.03995355417325638,0.006350048345448832,0.010156252526215753,-0.9991297769045245,1.0,0.0,0.0,0.0,1.0,0.0,0.0,0.0,1.0,-0.056675247848033905,0.08029910922050473,-0.1739259660243988,1.2184696791468346e-07,0.0,0.0,0.0,1.2184696791468346e-07,0.0,0.0,0.0,1.2184696791468346e-07,1.5415256023406982,2.2084429264068617,9.920822143554688,8.999999999999999e-08,0.0,0.0,0.0,8.999999999999999e-08,0.0,0.0,0.0,8.999999999999999e-08
1759811069531844480,170478,1759811069522572992,base_link,-0.039742847589571244,0.006123686841719933,0.01009623541393624,-0.9991402293229552,1.0,0.0,0.0,0.0,1.0,0.0,0.0,0.0,1.0,-0.07296843826770782,0.07557763159275056,0.07618749141693114,1.2184696791468346e-07,0.0,0.0,0.0,1.2184696791468346e-07,0.0,0.0,0.0,1.2184696791468346e-07,0.2348945438861847,1.8783609867095958,9.30772876739502,8.999999999999999e-08,0.0,0.0,0.0,8.999999999999999e-08,0.0,0.0,0.0,8.999999999999999e-08
1759811069539829504,170479,1759811069532572992,base_link,-0.0395265881585948,0.006194750379576348,0.008579496776574679,-0.9991625250058175,1.0,0.0,0.0,0.0,1.0,0.0,0.0,0.0,1.0,-0.030435845255851746,-0.013674142770469147,0.33792200684547424,1.2184696791468346e-07,0.0,0.0,0.0,1.2184696791468346e-07,0.0,0.0,0.0,1.2184696791468346e-07,-0.49723875522613525,1.584255099296571,9.630420684814453,8.999999999999999e-08,0.0,0.0,0.0,8.999999999999999e-08,0.0,0.0,0.0,8.999999999999999e-08
1759811069545048256,170480,1759811069542572992,base_link,-0.039405787388228475,0.006356001587800996,0.007888162020450496,-0.9991720080467325,1.0,0.0,0.0,0.0,1.0,0.0,0.0,0.0,1.0,-0.010791512206196785,-0.045909456908702816,0.3007166385650635,1.2184696791468346e-07,0.0,0.0,0.0,1.2184696791468346e-07,0.0,0.0,0.0,1.2184696791468346e-07,0.6076844930648804,0.05328104272484896,9.530521392822266,8.999999999999999e-08,0.0,0.0,0.0,8.999999999999999e-08,0.0,0.0,0.0,8.999999999999999e-08
1759811069552814752,170481,1759811069548572992,base_link,-0.03945366620813685,0.006587124368322612,0.0073829898941989245,-0.9991724295152176,1.0,0.0,0.0,0.0,1.0,0.0,0.0,0.0,1.0,-0.002308893483132124,-0.046174306422471986,0.0874321386218071,1.2184696791468346e-07,0.0,0.0,0.0,1.2184696791468346e-07,0.0,0.0,0.0,1.2184696791468346e-07,-0.8271001577377319,-0.6337615251541125,10.069307327270508,8.999999999999999e-08,0.0,0.0,0.0,8.999999999999999e-08,0.0,0.0,0.0,8.999999999999999e-08
1759811069559925376,170482,1759811069553572992,base_link,-0.039432358342036566,0.006608495454695667,0.008297618653733805,-0.9991659810473954,1.0,0.0,0.0,0.0,1.0,0.0,0.0,0.0,1.0,0.0016160765662789345,-0.02914646640419963,-0.2673646807670593,1.2184696791468346e-07,0.0,0.0,0.0,1.2184696791468346e-07,0.0,0.0,0.0,1.2184696791468346e-07,-1.1905142068862915,-1.3348597288131703,9.16414737701416,8.999999999999999e-08,0.0,0.0,0.0,8.999999999999999e-08,0.0,0.0,0.0,8.999999999999999e-08
1759811069570083392,170483,1759811069564572224,base_link,-0.039587565428766944,0.006210775401633598,0.01088868045963804,-0.9991375319246505,1.0,0.0,0.0,0.0,1.0,0.0,0.0,0.0,1.0,0.016115909442305565,0.07050647586584086,-0.4953206777572632,1.2184696791468346e-07,0.0,0.0,0.0,1.2184696791468346e-07,0.0,0.0,0.0,1.2184696791468346e-07,1.199466586112976,2.1644263267517103,9.798563957214355,8.999999999999999e-08,0.0,0.0,0.0,8.999999999999999e-08,0.0,0.0,0.0,8.999999999999999e-08
1759811069576445728,170484,1759811069570572224,base_link,-0.03951780844321437,0.006002226209756617,0.011385760390975547,-0.9991360146381041,1.0,0.0,0.0,0.0,1.0,0.0,0.0,0.0,1.0,-0.04790209233760834,0.08022829145193097,-0.1923067271709442,1.2184696791468346e-07,0.0,0.0,0.0,1.2184696791468346e-07,0.0,0.0,0.0,1.2184696791468346e-07,1.4902642965316772,2.518713951110841,9.927411079406738,8.999999999999999e-08,0.0,0.0,0.0,8.999999999999999e-08,0.0,0.0,0.0,8.999999999999999e-08
1759811069584528608,170485,1759811069575572224,base_link,-0.0394219836318578,0.005808222948971954,0.011096042954311653,-0.9991441911267153,1.0,0.0,0.0,0.0,1.0,0.0,0.0,0.0,1.0,-0.06518115103244781,0.07403801381587984,0.14706747233867645,1.2184696791468346e-07,0.0,0.0,0.0,1.2184696791468346e-07,0.0,0.0,0.0,1.2184696791468346e-07,0.28948521614074707,1.539490818977357,9.177620887756348,8.999999999999999e-08,0.0,0.0,0.0,8.999999999999999e-08,0.0,0.0,0.0,8.999999999999999e-08
1759811069590852192,170486,1759811069585572224,base_link,-0.03902719278476724,0.0056764416074795345,0.009404394895629924,-0.9991777821649784,1.0,0.0,0.0,0.0,1.0,0.0,0.0,0.0,1.0,-0.05697421729564667,0.027448965236544654,0.36706650257110596,1.2184696791468346e-07,0.0,0.0,0.0,1.2184696791468346e-07,0.0,0.0,0.0,1.2184696791468346e-07,-0.060176998376846313,1.5889849662780773,9.888408660888672,8.999999999999999e-08,0.0,0.0,0.0,8.999999999999999e-08,0.0,0.0,0.0,8.999999999999999e-08
1759811069598953312,170487,1759811069595572224,base_link,-0.03899901629944869,0.005839029661055387,0.00843560743575849,-0.9991866330031657,1.0,0.0,0.0,0.0,1.0,0.0,0.0,0.0,1.0,-0.01707077957689762,-0.01345578394830223,0.31125789880752563,1.2184696791468346e-07,0.0,0.0,0.0,1.2184696791468346e-07,0.0,0.0,0.0,1.2184696791468346e-07,0.1418311595916748,0.36832821369171254,9.096856117248535,8.999999999999999e-08,0.0,0.0,0.0,8.999999999999999e-08,0.0,0.0,0.0,8.999999999999999e-08
1759811069602792512,170488,1759811069596572224,base_link,-0.038988894470360996,0.005823152152967921,0.007969041822742924,-0.9991909319817138,1.0,0.0,0.0,0.0,1.0,0.0,0.0,0.0,1.0,0.0007531921146437526,-0.03417045995593069,0.18518300354480743,1.2184696791468346e-07,0.0,0.0,0.0,1.2184696791468346e-07,0.0,0.0,0.0,1.2184696791468346e-07,-0.29407209157943726,-0.5243579745292651,9.798946380615234,8.999999999999999e-08,0.0,0.0,0.0,8.999999999999999e-08,0.0,0.0,0.0,8.999999999999999e-08
1759811069614631616,170489,1759811069606572224,base_link,-0.03903529156512642,0.006042627915321355,0.00920196358223208,-0.9991772342559477,1.0,0.0,0.0,0.0,1.0,0.0,0.0,0.0,1.0,0.007011589128524065,-0.04154537990689281,-0.3052477240562439,1.2184696791468346e-07,0.0,0.0,0.0,1.2184696791468346e-07,0.0,0.0,0.0,1.2184696791468346e-07,-0.6998036503791809,-0.4572983086109149,9.895873069763184,8.999999999999999e-08,0.0,0.0,0.0,8.999999999999999e-08,0.0,0.0,0.0,8.999999999999999e-08
1759811069617233280,170490,1759811069612572224,base_link,-0.03919718419570184,0.005854087939774921,0.010322859018379295,-0.9991610920129681,1.0,0.0,0.0,0.0,1.0,0.0,0.0,0.0,1.0,0.029690532013773918,0.021757973358035036,-0.431441992521286,1.2184696791468346e-07,0.0,0.0,0.0,1.2184696791468346e-07,0.0,0.0,0.0,1.2184696791468346e-07,0.2060854732990265,1.4391770362854015,9.188953399658203,8.999999999999999e-08,0.0,0.0,0.0,8.999999999999999e-08,0.0,0.0,0.0,8.999999999999999e-08
1759811069624299200,170491,1759811069617572224,base_link,-0.03916156879162112,0.005804029337545121,0.011255315894834306,-0.999152662643266,1.0,0.0,0.0,0.0,1.0,0.0,0.0,0.0,1.0,-0.005261974409222603,0.05651174858212467,-0.3522750735282898,1.2184696791468346e-07,0.0,0.0,0.0,1.2184696791468346e-07,0.0,0.0,0.0,1.2184696791468346e-07,0.820805549621582,2.1530270576477064,9.86892318725586,8.999999999999999e-08,0.0,0.0,0.0,8.999999999999999e-08,0.0,0.0,0.0,8.999999999999999e-08
1759811069631176704,170492,1759811069628572224,base_link,-0.0389061259624197,0.005418750507327863,0.011331095928456925,-0.9991639579986669,1.0,0.0,0.0,0.0,1.0,0.0,0.0,0.0,1.0,-0.03517908602952957,0.0522911362349987,-0.023757193237543113,1.2184696791468346e-07,0.0,0.0,0.0,1.2184696791468346e-07,0.0,0.0,0.0,1.2184696791468346e-07,0.9286935925483704,2.1192181110382093,9.677038192749023,8.999999999999999e-08,0.0,0.0,0.0,8.999999999999999e-08,0.0,0.0,0.0,8.999999999999999e-08
1759811069646838080,170493,1759811069638572224,base_link,-0.03837333579659234,0.005602080078727139,0.009767068527066177,-0.9992000778478407,1.0,0.0,0.0,0.0,1.0,0.0,0.0,0.0,1.0,-0.08101612329483032,-0.020850682631134945,0.330337256193161,1.2184696791468346e-07,0.0,0.0,0.0,1.2184696791468346e-07,0.0,0.0,0.0,1.2184696791468346e-07,-0.04911133646965027,1.181005597114564,9.533829689025879,8.999999999999999e-08,0.0,0.0,0.0,8.999999999999999e-08,0.0,0.0,0.0,8.999999999999999e-08
1759811069655167872,170494,1759811069649572224,base_link,-0.03821897823227726,0.005998602897873695,0.008717611999144888,-0.9992133962519701,1.0,0.0,0.0,0.0,1.0,0.0,0.0,0.0,1.0,-0.06274577230215073,-0.06160480529069898,0.21572688221931458,1.2184696791468346e-07,0.0,0.0,0.0,1.2184696791468346e-07,0.0,0.0,0.0,1.2184696791468346e-07,-0.3469744622707367,-0.15723106265067932,9.944549560546875,8.999999999999999e-08,0.0,0.0,0.0,8.999999999999999e-08,0.0,0.0,0.0,8.999999999999999e-08
1759811069661407040,170495,1759811069654572224,base_link,-0.038084621981758625,0.006279588034361728,0.00897344336960602,-0.9992144920700314,1.0,0.0,0.0,0.0,1.0,0.0,0.0,0.0,1.0,-0.05745689570903778,-0.085367850959301,-0.03285242617130278,1.2184696791468346e-07,0.0,0.0,0.0,1.2184696791468346e-07,0.0,0.0,0.0,1.2184696791468346e-07,-0.8322168588638306,-1.2133665084838856,9.624917984008789,8.999999999999999e-08,0.0,0.0,0.0,8.999999999999999e-08,0.0,0.0,0.0,8.999999999999999e-08
1759811069666967616,170496,1759811069659570944,base_link,-0.03812918042025775,0.006414469803397733,0.00988765066065581,-0.999203323155176,1.0,0.0,0.0,0.0,1.0,0.0,0.0,0.0,1.0,-0.01883803866803646,-0.05430917069315915,-0.3821883797645569,1.2184696791468346e-07,0.0,0.0,0.0,1.2184696791468346e-07,0.0,0.0,0.0,1.2184696791468346e-07,-0.5879576802253723,-0.13128128647804146,9.361381530761719,8.999999999999999e-08,0.0,0.0,0.0,8.999999999999999e-08,0.0,0.0,0.0,8.999999999999999e-08
1759811069673281600,170497,1759811069670570944,base_link,-0.0379677724784402,0.006350139224590935,0.01190450380244764,-0.9991878552617726,1.0,0.0,0.0,0.0,1.0,0.0,0.0,0.0,1.0,-0.016321886330842972,-0.008297380059957553,-0.3923734426498413,1.2184696791468346e-07,0.0,0.0,0.0,1.2184696791468346e-07,0.0,0.0,0.0,1.2184696791468346e-07,0.3118670880794525,1.4714041948318493,9.334765434265137,8.999999999999999e-08,0.0,0.0,0.0,8.999999999999999e-08,0.0,0.0,0.0,8.999999999999999e-08
1759811069679955360,170498,1759811069675570944,base_link,-0.03756161910440891,0.006239482673825581,0.012206317384634128,-0.9992002885820832,1.0,0.0,0.0,0.0,1.0,0.0,0.0,0.0,1.0,-0.0948815569281578,0.015790656208991977,-0.23482546210289001,1.2184696791468346e-07,0.0,0.0,0.0,1.2184696791468346e-07,0.0,0.0,0.0,1.2184696791468346e-07,0.5647423267364502,1.9513529539108287,9.218789100646973,8.999999999999999e-08,0.0,0.0,0.0,8.999999999999999e-08,0.0,0.0,0.0,8.999999999999999e-08
1759811069690833888,170499,1759811069686570944,base_link,-0.037085965577183154,0.006481408218456144,0.01101735478814183,-0.99923038143192,1.0,0.0,0.0,0.0,1.0,0.0,0.0,0.0,1.0,-0.1131918802857399,-0.030666023492813083,0.23397260904312134,1.2184696791468346e-07,0.0,0.0,0.0,1.2184696791468346e-07,0.0,0.0,0.0,1.2184696791468346e-07,0.07652450352907181,1.9587637186050426,9.823758125305176,8.999999999999999e-08,0.0,0.0,0.0,8.999999999999999e-08,0.0,0.0,0.0,8.999999999999999e-08
1759811069701829984,170500,1759811069696570944,base_link,-0.03662477237026368,0.007061584612899906,0.008875072625181562,-0.9992648154071534,1.0,0.0,0.0,0.0,1.0,0.0,0.0,0.0,1.0,-0.08209947496652603,-0.08928035944700236,0.42861971259117126,1.2184696791468346e-07,0.0,0.0,0.0,1.2184696791468346e-07,0.0,0.0,0.0,1.2184696791468346e-07,0.014204606413841248,-0.08970080316066627,9.446816444396973,8.999999999999999e-08,0.0,0.0,0.0,8.999999999999999e-08,0.0,0.0,0.0,8.999999999999999e-08
1759811069720778016,170501,1759811069707570944,base_link,-0.036161236061984806,0.007640893045682143,0.008832588601882586,-0.9992777123427977,1.0,0.0,0.0,0.0,1.0,0.0,0.0,0.0,1.0,-0.0823335200548172,-0.10284421592950821,0.019277825951576247,1.2184696791468346e-07,0.0,0.0,0.0,1.2184696791468346e-07,0.0,0.0,0.0,1.2184696791468346e-07,-0.45468905568122864,-0.6709783673286426,9.706549644470215,8.999999999999999e-08,0.0,0.0,0.0,8.999999999999999e-08,0.0,0.0,0.0,8.999999999999999e-08
1759811069726965376,170502,1759811069718570944,base_link,-0.0358447303518252,0.007865031303152097,0.01082651385808449,-0.9992678078333976,1.0,0.0,0.0,0.0,1.0,0.0,0.0,0.0,1.0,-0.055263444781303406,-0.050282102078199435,-0.4041389524936676,1.2184696791468346e-07,0.0,0.0,0.0,1.2184696791468346e-07,0.0,0.0,0.0,1.2184696791468346e-07,0.21560177206993103,0.5222533941268933,9.871946334838867,8.999999999999999e-08,0.0,0.0,0.0,8.999999999999999e-08,0.0,0.0,0.0,8.999999999999999e-08
1759811069728773056,170503,1759811069723570944,base_link,-0.035740852858225015,0.007764343799148584,0.01167244325454667,-0.999262792358425,1.0,0.0,0.0,0.0,1.0,0.0,0.0,0.0,1.0,-0.04802569001913071,0.01616798341274257,-0.373561829328537,1.2184696791468346e-07,0.0,0.0,0.0,1.2184696791468346e-07,0.0,0.0,0.0,1.2184696791468346e-07,1.2139718532562256,2.1478343009948744,9.694539070129395,8.999999999999999e-08,0.0,0.0,0.0,8.999999999999999e-08,0.0,0.0,0.0,8.999999999999999e-08
1759811069736273088,170504,1759811069728570944,base_link,-0.03538021412931844,0.007690229883131194,0.011937546931680199,-0.9992730761894616,1.0,0.0,0.0,0.0,1.0,0.0,0.0,0.0,1.0,-0.11644575744867325,0.04214820265769958,-0.03048741072416306,1.2184696791468346e-07,0.0,0.0,0.0,1.2184696791468346e-07,0.0,0.0,0.0,1.2184696791468346e-07,1.5236448049545288,1.9004961252212538,10.0625581741333,8.999999999999999e-08,0.0,0.0,0.0,8.999999999999999e-08,0.0,0.0,0.0,8.999999999999999e-08
1759811069740999392,170505,1759811069734570944,base_link,-0.03512482003241062,0.007600504511007564,0.011436125874946051,-0.9992886283765621,1.0,0.0,0.0,0.0,1.0,0.0,0.0,0.0,1.0,-0.11780772358179092,0.00967701990157368,0.18014661967754364,1.2184696791468346e-07,0.0,0.0,0.0,1.2184696791468346e-07,0.0,0.0,0.0,1.2184696791468346e-07,0.37745413184165955,1.8764723539352428,9.33027458190918,8.999999999999999e-08,0.0,0.0,0.0,8.999999999999999e-08,0.0,0.0,0.0,8.999999999999999e-08
1759811069746260640,170506,1759811069739570944,base_link,-0.03495697679366106,0.007774266747794869,0.010372465859076635,-0.9993047706195417,1.0,0.0,0.0,0.0,1.0,0.0,0.0,0.0,1.0,-0.09125946462154388,-0.04017885774374003,0.42062848806381226,1.2184696791468346e-07,0.0,0.0,0.0,1.2184696791468346e-07,0.0,0.0,0.0,1.2184696791468346e-07,-0.5427916049957275,1.310655713081361,9.663515090942383,8.999999999999999e-08,0.0,0.0,0.0,8.999999999999999e-08,0.0,0.0,0.0,8.999999999999999e-08
1759811069757169824,170507,1759811069748570944,base_link,-0.03463158731808877,0.008022706614698397,0.009333166721646488,-0.9993243689040993,1.0,0.0,0.0,0.0,1.0,0.0,0.0,0.0,1.0,-0.07215440273284912,-0.08382374793291088,0.38287392258644104,1.2184696791468346e-07,0.0,0.0,0.0,1.2184696791468346e-07,0.0,0.0,0.0,1.2184696791468346e-07,-0.05233967304229736,-0.18480294942855705,10.574238777160645,8.999999999999999e-08,0.0,0.0,0.0,8.999999999999999e-08,0.0,0.0,0.0,8.999999999999999e-08
1759811069762270976,170508,1759811069755570944,base_link,-0.034327073703419524,0.008576774353578674,0.008295722045550845,-0.9993394153290177,1.0,0.0,0.0,0.0,1.0,0.0,0.0,0.0,1.0,-0.045694220811128616,-0.10329701751470564,0.16459918022155762,1.2184696791468346e-07,0.0,0.0,0.0,1.2184696791468346e-07,0.0,0.0,0.0,1.2184696791468346e-07,0.06530649214982986,-0.4087313115596759,9.863865852355957,8.999999999999999e-08,0.0,0.0,0.0,8.999999999999999e-08,0.0,0.0,0.0,8.999999999999999e-08
1759811069766963328,170509,1759811069760572736,base_link,-0.03421275169392274,0.008728485886060686,0.008781843796275475,-0.9993378980424713,1.0,0.0,0.0,0.0,1.0,0.0,0.0,0.0,1.0,-0.042988818138837814,-0.0814633369445801,-0.20138560235500336,1.2184696791468346e-07,0.0,0.0,0.0,1.2184696791468346e-07,0.0,0.0,0.0,1.2184696791468346e-07,-0.5090165734291077,-2.0456538200378405,9.15005111694336,8.999999999999999e-08,0.0,0.0,0.0,8.999999999999999e-08,0.0,0.0,0.0,8.999999999999999e-08
1759811069773221824,170510,1759811069765572736,base_link,-0.034243285768579865,0.008761638333681552,0.010118783977889543,-0.9993239474356143,1.0,0.0,0.0,0.0,1.0,0.0,0.0,0.0,1.0,-0.018076904118061066,-0.015584005974233213,-0.5153300762176514,1.2184696791468346e-07,0.0,0.0,0.0,1.2184696791468346e-07,0.0,0.0,0.0,1.2184696791468346e-07,-0.43981847167015076,0.08611371368169904,9.782319068908691,8.999999999999999e-08,0.0,0.0,0.0,8.999999999999999e-08,0.0,0.0,0.0,8.999999999999999e-08
1759811069780873760,170511,1759811069776572736,base_link,-0.034154348015687785,0.008387690420268643,0.01254656889266257,-0.9993026632771163,1.0,0.0,0.0,0.0,1.0,0.0,0.0,0.0,1.0,-0.01836264505982399,0.07062822580337519,-0.4440663754940033,1.2184696791468346e-07,0.0,0.0,0.0,1.2184696791468346e-07,0.0,0.0,0.0,1.2184696791468346e-07,1.4556878805160522,2.194896459579469,9.88377857208252,8.999999999999999e-08,0.0,0.0,0.0,8.999999999999999e-08,0.0,0.0,0.0,8.999999999999999e-08
1759811069788990112,170512,1759811069781572736,base_link,-0.033987071125215096,0.008158997668981484,0.012963906986617469,-0.9993049392069359,1.0,0.0,0.0,0.0,1.0,0.0,0.0,0.0,1.0,-0.07318941503763199,0.10636739432811736,-0.10580006986856462,1.2184696791468346e-07,0.0,0.0,0.0,1.2184696791468346e-07,0.0,0.0,0.0,1.2184696791468346e-07,1.3244143724441528,1.4197919368743908,9.39956283569336,8.999999999999999e-08,0.0,0.0,0.0,8.999999999999999e-08,0.0,0.0,0.0,8.999999999999999e-08
1759811069795891872,170513,1759811069792572736,base_link,-0.03363214066010371,0.00787548240449378,0.012080382601283567,-0.9993302694628908,1.0,0.0,0.0,0.0,1.0,0.0,0.0,0.0,1.0,-0.06300609558820724,0.049014344811439535,0.18314042687416077,1.2184696791468346e-07,0.0,0.0,0.0,1.2184696791468346e-07,0.0,0.0,0.0,1.2184696791468346e-07,-0.5687212347984314,1.3143018484115612,9.805253028869629,8.999999999999999e-08,0.0,0.0,0.0,8.999999999999999e-08,0.0,0.0,0.0,8.999999999999999e-08
1759811069803386016,170514,1759811069797572736,base_link,-0.03354204650305561,0.008011993412642535,0.011145860529251553,-0.9993430399579897,1.0,0.0,0.0,0.0,1.0,0.0,0.0,0.0,1.0,-0.03449771925806999,-0.02040705457329746,0.3284240663051605,1.2184696791468346e-07,0.0,0.0,0.0,1.2184696791468346e-07,0.0,0.0,0.0,1.2184696791468346e-07,-0.009750120341777802,0.3411888778209699,10.386669158935547,8.999999999999999e-08,0.0,0.0,0.0,8.999999999999999e-08,0.0,0.0,0.0,8.999999999999999e-08
1759811069809929696,170515,1759811069802572736,base_link,-0.0334671054551362,0.00795937175518767,0.010603852057401449,-0.9993518907961769,1.0,0.0,0.0,0.0,1.0,0.0,0.0,0.0,1.0,-0.005619901232421398,-0.03969157487154005,0.17884130775928497,1.2184696791468346e-07,0.0,0.0,0.0,1.2184696791468346e-07,0.0,0.0,0.0,1.2184696791468346e-07,0.30691564083099365,-0.44530400633811845,8.680168151855469,8.999999999999999e-08,0.0,0.0,0.0,8.999999999999999e-08,0.0,0.0,0.0,8.999999999999999e-08
1759811069818858016,170516,1759811069812572736,base_link,-0.033601352387266505,0.008178976592264665,0.01063971902548422,-0.9993452737409607,1.0,0.0,0.0,0.0,1.0,0.0,0.0,0.0,1.0,0.010705510154366493,-0.02025204710662366,-0.07874159514904022,1.2184696791468346e-07,0.0,0.0,0.0,1.2184696791468346e-07,0.0,0.0,0.0,1.2184696791468346e-07,-0.19616493582725525,-1.5401740074157704,9.94522476196289,8.999999999999999e-08,0.0,0.0,0.0,8.999999999999999e-08,0.0,0.0,0.0,8.999999999999999e-08
1759811069819524544,170517,1759811069813572736,base_link,-0.03357431123267972,0.008114819869207972,0.011322076502875589,-0.9993392045947751,1.0,0.0,0.0,0.0,1.0,0.0,0.0,0.0,1.0,0.030336394906044006,-0.04199398681521419,-0.2828749120235443,1.2184696791468346e-07,0.0,0.0,0.0,1.2184696791468346e-07,0.0,0.0,0.0,1.2184696791468346e-07,-0.8001503944396973,-0.992744982242583,10.2171049118042,8.999999999999999e-08,0.0,0.0,0.0,8.999999999999999e-08,0.0,0.0,0.0,8.999999999999999e-08
1759811069827746208,170518,1759811069823572736,base_link,-0.03383074714699917,0.007852525542945502,0.014282260408038256,-0.9992947396695961,1.0,0.0,0.0,0.0,1.0,0.0,0.0,0.0,1.0,0.03639030456542969,0.05372690036892884,-0.5750514268875122,1.2184696791468346e-07,0.0,0.0,0.0,1.2184696791468346e-07,0.0,0.0,0.0,1.2184696791468346e-07,1.0971835851669312,1.682046175003053,10.38049602508545,8.999999999999999e-08,0.0,0.0,0.0,8.999999999999999e-08,0.0,0.0,0.0,8.999999999999999e-08
1759811069834867776,170519,1759811069829572736,base_link,-0.03390236517933131,0.0074508239297881714,0.015122963595285034,-0.9992829806988616,1.0,0.0,0.0,0.0,1.0,0.0,0.0,0.0,1.0,0.004912782926112413,0.11829414218664165,-0.3328864276409149,1.2184696791468346e-07,0.0,0.0,0.0,1.2184696791468346e-07,0.0,0.0,0.0,1.2184696791468346e-07,1.458067774772644,2.614215135574342,9.640405654907227,8.999999999999999e-08,0.0,0.0,0.0,8.999999999999999e-08,0.0,0.0,0.0,8.999999999999999e-08
1759811069840782016,170520,1759811069834572736,base_link,-0.03393290057107745,0.007224461108970255,0.01519777425139189,-0.999282517083528,1.0,0.0,0.0,0.0,1.0,0.0,0.0,0.0,1.0,-0.0225998442620039,0.1260957270860672,-0.03172373026609422,1.2184696791468346e-07,0.0,0.0,0.0,1.2184696791468346e-07,0.0,0.0,0.0,1.2184696791468346e-07,0.7517766952514648,1.8181620836257946,9.891511917114258,8.999999999999999e-08,0.0,0.0,0.0,8.999999999999999e-08,0.0,0.0,0.0,8.999999999999999e-08
1759811069849484704,170521,1759811069845572736,base_link,-0.03374146958514097,0.006828517808990726,0.013695028367735966,-0.9993134950171835,1.0,0.0,0.0,0.0,1.0,0.0,0.0,0.0,1.0,-0.021559463813900948,0.07333712279796605,0.3014272153377533,1.2184696791468346e-07,0.0,0.0,0.0,1.2184696791468346e-07,0.0,0.0,0.0,1.2184696791468346e-07,0.01050075888633728,0.6180984377861035,9.68377685546875,8.999999999999999e-08,0.0,0.0,0.0,8.999999999999999e-08,0.0,0.0,0.0,8.999999999999999e-08
1759811069856043552,170522,1759811069850572736,base_link,-0.033836439605726173,0.006724802317339509,0.01277348752504526,-0.9993231466454925,1.0,0.0,0.0,0.0,1.0,0.0,0.0,0.0,1.0,0.012257597409188747,0.03353454172611241,0.3589460253715515,1.2184696791468346e-07,0.0,0.0,0.0,1.2184696791468346e-07,0.0,0.0,0.0,1.2184696791468346e-07,0.00790053978562355,0.6047888398170482,9.470405578613281,8.999999999999999e-08,0.0,0.0,0.0,8.999999999999999e-08,0.0,0.0,0.0,8.999999999999999e-08
1759811069860977056,170523,1759811069855572736,base_link,-0.0338342558721377,0.00672058499831039,0.012245513953749291,-0.9993298479944057,1.0,0.0,0.0,0.0,1.0,0.0,0.0,0.0,1.0,0.024266421794891357,0.009883717633783843,0.2141473889350891,1.2184696791468346e-07,0.0,0.0,0.0,1.2184696791468346e-07,0.0,0.0,0.0,1.2184696791468346e-07,-0.4097140431404114,-0.15784846246242407,9.550168991088867,8.999999999999999e-08,0.0,0.0,0.0,8.999999999999999e-08,0.0,0.0,0.0,8.999999999999999e-08
1759811069869141600,170524,1759811069860571712,base_link,-0.034017538028332406,0.006833953435359616,0.012214620313790767,-0.9993232309391895,1.0,0.0,0.0,0.0,1.0,0.0,0.0,0.0,1.0,0.04495268315076828,-0.01377587579190732,-0.07575207948684692,1.2184696791468346e-07,0.0,0.0,0.0,1.2184696791468346e-07,0.0,0.0,0.0,1.2184696791468346e-07,-0.2136669009923935,-1.1189986467361437,10.7771635055542,8.999999999999999e-08,0.0,0.0,0.0,8.999999999999999e-08,0.0,0.0,0.0,8.999999999999999e-08
1759811069877092928,170525,1759811069870571712,base_link,-0.0341202538494205,0.00671010623809937,0.012967068000255775,-0.9993111347936668,1.0,0.0,0.0,0.0,1.0,0.0,0.0,0.0,1.0,0.06103852018713951,0.017825525254011113,-0.34210512042045593,1.2184696791468346e-07,0.0,0.0,0.0,1.2184696791468346e-07,0.0,0.0,0.0,1.2184696791468346e-07,-0.726559579372406,-1.0940377712249745,8.92920207977295,8.999999999999999e-08,0.0,0.0,0.0,8.999999999999999e-08,0.0,0.0,0.0,8.999999999999999e-08
1759811069882282176,170526,1759811069871571712,base_link,-0.03431640923365725,0.00665266930320213,0.014183847516765288,-0.999288291201774,1.0,0.0,0.0,0.0,1.0,0.0,0.0,0.0,1.0,0.06824878603219986,0.0586931630969047,-0.44081979990005493,1.2184696791468346e-07,0.0,0.0,0.0,1.2184696791468346e-07,0.0,0.0,0.0,1.2184696791468346e-07,0.22269807755947113,0.209788888692857,9.615326881408691,8.999999999999999e-08,0.0,0.0,0.0,8.999999999999999e-08,0.0,0.0,0.0,8.999999999999999e-08
1759811069886909408,170527,1759811069881571712,base_link,-0.03458406674639273,0.006072326955542359,0.015628852217961266,-0.9992611907781815,1.0,0.0,0.0,0.0,1.0,0.0,0.0,0.0,1.0,0.03313412144780159,0.09794185310602185,-0.23547294735908508,1.2184696791468346e-07,0.0,0.0,0.0,1.2184696791468346e-07,0.0,0.0,0.0,1.2184696791468346e-07,0.6377255320549011,2.212793827056886,9.65713882446289,8.999999999999999e-08,0.0,0.0,0.0,8.999999999999999e-08,0.0,0.0,0.0,8.999999999999999e-08
1759811069896960384,170528,1759811069892571712,base_link,-0.03469694259214999,0.005623480141058547,0.01443689719522468,-0.9992778387833433,1.0,0.0,0.0,0.0,1.0,0.0,0.0,0.0,1.0,0.025591794401407242,0.08693360537290577,0.28592923283576965,1.2184696791468346e-07,0.0,0.0,0.0,1.2184696791468346e-07,0.0,0.0,0.0,1.2184696791468346e-07,0.14281430840492249,1.6805194616317762,10.011021614074707,8.999999999999999e-08,0.0,0.0,0.0,8.999999999999999e-08,0.0,0.0,0.0,8.999999999999999e-08
1759811069903818400,170529,1759811069897571712,base_link,-0.034741117757745466,0.005651202230666587,0.013305001431616144,-0.9992918315370489,1.0,0.0,0.0,0.0,1.0,0.0,0.0,0.0,1.0,0.02026244066655636,0.02796006388962274,0.4317537844181061,1.2184696791468346e-07,0.0,0.0,0.0,1.2184696791468346e-07,0.0,0.0,0.0,1.2184696791468346e-07,0.13335281610488892,0.9146255850791943,10.344385147094727,8.999999999999999e-08,0.0,0.0,0.0,8.999999999999999e-08,0.0,0.0,0.0,8.999999999999999e-08
1759811069912802560,170530,1759811069908571712,base_link,-0.035062174010455235,0.005778817619601512,0.01169440176262084,-0.99930000802566,1.0,0.0,0.0,0.0,1.0,0.0,0.0,0.0,1.0,0.06199999526143074,-0.027241043746471367,0.31683602929115295,1.2184696791468346e-07,0.0,0.0,0.0,1.2184696791468346e-07,0.0,0.0,0.0,1.2184696791468346e-07,-0.6043527126312256,-0.971222400665282,9.715271949768066,8.999999999999999e-08,0.0,0.0,0.0,8.999999999999999e-08,0.0,0.0,0.0,8.999999999999999e-08
1759811069919642720,170531,1759811069913571712,base_link,-0.035200175963370064,0.005856167623331127,0.011907875550328502,-0.9992922108586855,1.0,0.0,0.0,0.0,1.0,0.0,0.0,0.0,1.0,0.0657314881682396,-0.04340159520506859,-0.00637091882526874,1.2184696791468346e-07,0.0,0.0,0.0,1.2184696791468346e-07,0.0,0.0,0.0,1.2184696791468346e-07,-0.36869922280311584,-1.2649819850921618,10.501372337341309,8.999999999999999e-08,0.0,0.0,0.0,8.999999999999999e-08,0.0,0.0,0.0,8.999999999999999e-08
1759811069927875008,170532,1759811069924571712,base_link,-0.035549832804061515,0.005889612464713537,0.014023942373514968,-0.9992522134994487,1.0,0.0,0.0,0.0,1.0,0.0,0.0,0.0,1.0,0.061182901263237,-0.013243298977613501,-0.4228193461894989,1.2184696791468346e-07,0.0,0.0,0.0,1.2184696791468346e-07,0.0,0.0,0.0,1.2184696791468346e-07,-0.9068505167961121,-0.0870632305741299,9.060483932495117,8.999999999999999e-08,0.0,0.0,0.0,8.999999999999999e-08,0.0,0.0,0.0,8.999999999999999e-08
1759811069935966784,170533,1759811069929571712,base_link,-0.035758915416989966,0.005579132436801974,0.014787769709077869,-0.9992354812005898,1.0,0.0,0.0,0.0,1.0,0.0,0.0,0.0,1.0,0.045238785445690155,0.07642406225204464,-0.32221636176109314,1.2184696791468346e-07,0.0,0.0,0.0,1.2184696791468346e-07,0.0,0.0,0.0,1.2184696791468346e-07,1.0141661167144775,2.442696809768678,9.606792449951172,8.999999999999999e-08,0.0,0.0,0.0,8.999999999999999e-08,0.0,0.0,0.0,8.999999999999999e-08
1759811069943144864,170534,1759811069938571712,base_link,-0.035828145566936156,0.00544839686398823,0.015039007073051322,-0.9992299599634349,1.0,0.0,0.0,0.0,1.0,0.0,0.0,0.0,1.0,-0.012838363647460938,0.09124830365180969,-0.01767401583492757,1.2184696791468346e-07,0.0,0.0,0.0,1.2184696791468346e-07,0.0,0.0,0.0,1.2184696791468346e-07,1.1715805530548096,1.8738408088684093,9.568324089050293,8.999999999999999e-08,0.0,0.0,0.0,8.999999999999999e-08,0.0,0.0,0.0,8.999999999999999e-08
1759811069948424480,170535,1759811069940571712,base_link,-0.03570756343334649,0.005202122291426945,0.014547364085171752,-0.9992428990459278,1.0,0.0,0.0,0.0,1.0,0.0,0.0,0.0,1.0,0.020762724801898003,0.048845794051885646,0.3137739598751068,1.2184696791468346e-07,0.0,0.0,0.0,1.2184696791468346e-07,0.0,0.0,0.0,1.2184696791468346e-07,0.27099958062171936,1.7125424146652233,9.398508071899414,8.999999999999999e-08,0.0,0.0,0.0,8.999999999999999e-08,0.0,0.0,0.0,8.999999999999999e-08
1759811069958925216,170536,1759811069950571712,base_link,-0.03582052093862274,0.005408614190260993,0.012425354556345237,-0.9992664169873968,1.0,0.0,0.0,0.0,1.0,0.0,0.0,0.0,1.0,0.03607264533638954,-0.03512989729642863,0.41151243448257446,1.2184696791468346e-07,0.0,0.0,0.0,1.2184696791468346e-07,0.0,0.0,0.0,1.2184696791468346e-07,-0.29871484637260437,0.5374642014503492,10.585641860961914,8.999999999999999e-08,0.0,0.0,0.0,8.999999999999999e-08,0.0,0.0,0.0,8.999999999999999e-08
1759811069963158592,170537,1759811069956570432,base_link,-0.035861575920339395,0.005533723158798533,0.011487545030129375,-0.9992754785598267,1.0,0.0,0.0,0.0,1.0,0.0,0.0,0.0,1.0,0.0409257709980011,-0.06919353455305095,0.3401232659816742,1.2184696791468346e-07,0.0,0.0,0.0,1.2184696791468346e-07,0.0,0.0,0.0,1.2184696791468346e-07,0.12648405134677887,0.17823797464370839,8.955985069274902,8.999999999999999e-08,0.0,0.0,0.0,8.999999999999999e-08,0.0,0.0,0.0,8.999999999999999e-08
1759811069970790976,170538,1759811069965570432,base_link,-0.03624400852119315,0.005841690180867637,0.0112014522224374,-0.9992631716800615,1.0,0.0,0.0,0.0,1.0,0.0,0.0,0.0,1.0,0.06566860526800156,-0.07130103558301924,0.06495010107755662,1.2184696791468346e-07,0.0,0.0,0.0,1.2184696791468346e-07,0.0,0.0,0.0,1.2184696791468346e-07,-0.3812189996242523,-0.8513219952583301,9.540558815002441,8.999999999999999e-08,0.0,0.0,0.0,8.999999999999999e-08,0.0,0.0,0.0,8.999999999999999e-08
1759811069976934016,170539,1759811069971570432,base_link,-0.03658039305587072,0.006029164631400159,0.012741624507570984,-0.9992313508094358,1.0,0.0,0.0,0.0,1.0,0.0,0.0,0.0,1.0,0.06534437090158463,-0.04484396800398831,-0.35935741662979126,1.2184696791468346e-07,0.0,0.0,0.0,1.2184696791468346e-07,0.0,0.0,0.0,1.2184696791468346e-07,-0.5251637101173401,0.45696601271629445,9.187447547912598,8.999999999999999e-08,0.0,0.0,0.0,8.999999999999999e-08,0.0,0.0,0.0,8.999999999999999e-08
1759811069980910816,170540,1759811069977570432,base_link,-0.03679817240757159,0.005999046756872076,0.013918490958540692,-0.9992077907211182,1.0,0.0,0.0,0.0,1.0,0.0,0.0,0.0,1.0,0.07207540422677994,-0.01545272115617996,-0.4544539451599121,1.2184696791468346e-07,0.0,0.0,0.0,1.2184696791468346e-07,0.0,0.0,0.0,1.2184696791468346e-07,0.11122588813304901,1.9944247007370006,9.813183784484863,8.999999999999999e-08,0.0,0.0,0.0,8.999999999999999e-08,0.0,0.0,0.0,8.999999999999999e-08
1759811069990019904,170541,1759811069986570432,base_link,-0.03685154612285457,0.005760377056288978,0.014546394707656007,-0.9991982655333547,1.0,0.0,0.0,0.0,1.0,0.0,0.0,0.0,1.0,0.04777909815311432,0.04455739632248876,-0.2250332087278366,1.2184696791468346e-07,0.0,0.0,0.0,1.2184696791468346e-07,0.0,0.0,0.0,1.2184696791468346e-07,0.9237911701202393,2.0912833213806166,9.9069242477417,8.999999999999999e-08,0.0,0.0,0.0,8.999999999999999e-08,0.0,0.0,0.0,8.999999999999999e-08
1759811069999879648,170542,1759811069993570432,base_link,-0.03695350856902554,0.005622423835667741,0.014128087236185386,-0.999201342253296,1.0,0.0,0.0,0.0,1.0,0.0,0.0,0.0,1.0,0.009125130251049995,0.025929477065801645,0.19783830642700195,1.2184696791468346e-07,0.0,0.0,0.0,1.2184696791468346e-07,0.0,0.0,0.0,1.2184696791468346e-07,0.04817540571093559,1.4150010347366344,9.8302640914917,8.999999999999999e-08,0.0,0.0,0.0,8.999999999999999e-08,0.0,0.0,0.0,8.999999999999999e-08
1759811070008156960,170543,1759811070003570432,base_link,-0.03708656616977443,0.0059540405081075195,0.012098337158749209,-0.9992211091252476,1.0,0.0,0.0,0.0,1.0,0.0,0.0,0.0,1.0,0.0253654383122921,-0.05408510193228717,0.40274083614349365,1.2184696791468346e-07,0.0,0.0,0.0,1.2184696791468346e-07,0.0,0.0,0.0,1.2184696791468346e-07,0.021973129361867905,0.4567072093486797,9.09802532196045,8.999999999999999e-08,0.0,0.0,0.0,8.999999999999999e-08,0.0,0.0,0.0,8.999999999999999e-08
1759811070014166624,170544,1759811070008570432,base_link,-0.0371169382424826,0.006241613723853415,0.011201957984619558,-0.9992286955579796,1.0,0.0,0.0,0.0,1.0,0.0,0.0,0.0,1.0,0.04063664749264717,-0.0909030437469482,0.3559470772743225,1.2184696791468346e-07,0.0,0.0,0.0,1.2184696791468346e-07,0.0,0.0,0.0,1.2184696791468346e-07,0.019142571836709976,0.0683608129620564,9.689838409423828,8.999999999999999e-08,0.0,0.0,0.0,8.999999999999999e-08,0.0,0.0,0.0,8.999999999999999e-08
1759811070019538848,170545,1759811070014570432,base_link,-0.037356244097060405,0.006387530064665177,0.010953544459496341,-0.9992216148874298,1.0,0.0,0.0,0.0,1.0,0.0,0.0,0.0,1.0,0.055395469069480896,-0.074364960193634,0.17060427367687225,1.2184696791468346e-07,0.0,0.0,0.0,1.2184696791468346e-07,0.0,0.0,0.0,1.2184696791468346e-07,-0.3984191119670868,-0.7948036789894092,9.575897216796875,8.999999999999999e-08,0.0,0.0,0.0,8.999999999999999e-08,0.0,0.0,0.0,8.999999999999999e-08
1759811070028581184,170546,1759811070024570432,base_link,-0.03755297768337516,0.006723240249766575,0.012122445156097459,-0.9991985184144457,1.0,0.0,0.0,0.0,1.0,0.0,0.0,0.0,1.0,0.052920907735824585,-0.05909267812967303,-0.24133919179439545,1.2184696791468346e-07,0.0,0.0,0.0,1.2184696791468346e-07,0.0,0.0,0.0,1.2184696791468346e-07,-0.503749668598175,-0.44906425476074097,10.19738483428955,8.999999999999999e-08,0.0,0.0,0.0,8.999999999999999e-08,0.0,0.0,0.0,8.999999999999999e-08
1759811070037773024,170547,1759811070030570432,base_link,-0.03792827956429648,0.006740999878057855,0.013248566801460037,-0.9991699007043069,1.0,0.0,0.0,0.0,1.0,0.0,0.0,0.0,1.0,0.07954329997301102,0.017331900075077962,-0.39032885432243347,1.2184696791468346e-07,0.0,0.0,0.0,1.2184696791468346e-07,0.0,0.0,0.0,1.2184696791468346e-07,0.576201319694519,1.251969099044801,9.797407150268555,8.999999999999999e-08,0.0,0.0,0.0,8.999999999999999e-08,0.0,0.0,0.0,8.999999999999999e-08
1759811070041751264,170548,1759811070035570432,base_link,-0.03780962828320422,0.006619292950448552,0.013832553534426965,-0.9991673718933962,1.0,0.0,0.0,0.0,1.0,0.0,0.0,0.0,1.0,0.028783146291971207,0.026374226436018913,-0.25116610527038574,1.2184696791468346e-07,0.0,0.0,0.0,1.2184696791468346e-07,0.0,0.0,0.0,1.2184696791468346e-07,1.363133430480957,1.699984431266786,10.228350639343262,8.999999999999999e-08,0.0,0.0,0.0,8.999999999999999e-08,0.0,0.0,0.0,8.999999999999999e-08
1759811070049332640,170549,1759811070044570432,base_link,-0.03783980937800507,0.006459562980037342,0.013787498553368863,-0.9991678355087299,1.0,0.0,0.0,0.0,1.0,0.0,0.0,0.0,1.0,-0.02945519983768463,0.02644726261496545,0.09766114503145218,1.2184696791468346e-07,0.0,0.0,0.0,1.2184696791468346e-07,0.0,0.0,0.0,1.2184696791468346e-07,0.7453827261924744,2.5780274868011483,8.89973258972168,8.999999999999999e-08,0.0,0.0,0.0,8.999999999999999e-08,0.0,0.0,0.0,8.999999999999999e-08
1759811070054112256,170550,1759811070051570432,base_link,-0.037631517018486195,0.006523167842796346,0.011705949999112814,-0.9992018901623266,1.0,0.0,0.0,0.0,1.0,0.0,0.0,0.0,1.0,-0.03855624422430992,0.01660126447677617,0.39650607109069824,1.2184696791468346e-07,0.0,0.0,0.0,1.2184696791468346e-07,0.0,0.0,0.0,1.2184696791468346e-07,0.15491583943367004,1.812796950340272,9.874991416931152,8.999999999999999e-08,0.0,0.0,0.0,8.999999999999999e-08,0.0,0.0,0.0,8.999999999999999e-08
1759811070065089280,170551,1759811070056570688,base_link,-0.037685900941044424,0.00687212662630934,0.010363741461434877,-0.9992123425807573,1.0,0.0,0.0,0.0,1.0,0.0,0.0,0.0,1.0,0.004159322939813137,-0.061261232942342696,0.510996401309967,1.2184696791468346e-07,0.0,0.0,0.0,1.2184696791468346e-07,0.0,0.0,0.0,1.2184696791468346e-07,-0.043646540492773056,-0.5600435733795155,9.266074180603027,8.999999999999999e-08,0.0,0.0,0.0,8.999999999999999e-08,0.0,0.0,0.0,8.999999999999999e-08
1759811070066487904,170552,1759811070061570688,base_link,-0.037699676375062406,0.007120725860983802,0.009593044189564661,-0.9992177373773667,1.0,0.0,0.0,0.0,1.0,0.0,0.0,0.0,1.0,0.0037200800143182278,-0.08285572379827494,0.42690765857696533,1.2184696791468346e-07,0.0,0.0,0.0,1.2184696791468346e-07,0.0,0.0,0.0,1.2184696791468346e-07,-0.4221203327178955,-0.7150149345397937,9.791709899902344,8.999999999999999e-08,0.0,0.0,0.0,8.999999999999999e-08,0.0,0.0,0.0,8.999999999999999e-08
1759811070074232352,170553,1759811070067570688,base_link,-0.03784573232730986,0.007329546373198075,0.009287395244163691,-0.9992136069862128,1.0,0.0,0.0,0.0,1.0,0.0,0.0,0.0,1.0,0.03311710059642792,-0.09100104868412015,0.21743878722190857,1.2184696791468346e-07,0.0,0.0,0.0,1.2184696791468346e-07,0.0,0.0,0.0,1.2184696791468346e-07,-0.4221203327178955,-0.7150149345397937,9.791709899902344,8.999999999999999e-08,0.0,0.0,0.0,8.999999999999999e-08,0.0,0.0,0.0,8.999999999999999e-08
1759811070082997824,170554,1759811070077570688,base_link,-0.03795064505287659,0.00755264149616738,0.010939888880578822,-0.9991911848628049,1.0,0.0,0.0,0.0,1.0,0.0,0.0,0.0,1.0,0.025160083547234535,-0.04204384610056882,-0.3795933127403259,1.2184696791468346e-07,0.0,0.0,0.0,1.2184696791468346e-07,0.0,0.0,0.0,1.2184696791468346e-07,-0.06110049784183502,0.39153370261192444,9.888158798217773,8.999999999999999e-08,0.0,0.0,0.0,8.999999999999999e-08,0.0,0.0,0.0,8.999999999999999e-08
1759811070088849184,170555,1759811070082570688,base_link,-0.038082076048690766,0.0073599237142622995,0.012050626926234927,-0.9991748318855826,1.0,0.0,0.0,0.0,1.0,0.0,0.0,0.0,1.0,0.04499487951397896,0.03967753425240511,-0.4343531131744385,1.2184696791468346e-07,0.0,0.0,0.0,1.2184696791468346e-07,0.0,0.0,0.0,1.2184696791468346e-07,0.7733478546142578,1.9189682006835949,9.066802978515625,8.999999999999999e-08,0.0,0.0,0.0,8.999999999999999e-08,0.0,0.0,0.0,8.999999999999999e-08
1759811070096106336,170556,1759811070092570688,base_link,-0.03810575994337586,0.007276175292093123,0.01265387476897132,-0.9991671190123051,1.0,0.0,0.0,0.0,1.0,0.0,0.0,0.0,1.0,-0.029447028413414955,0.09280770272016522,-0.1825602948665619,1.2184696791468346e-07,0.0,0.0,0.0,1.2184696791468346e-07,0.0,0.0,0.0,1.2184696791468346e-07,1.6183886528015137,1.5899126529693617,10.64726734161377,8.999999999999999e-08,0.0,0.0,0.0,8.999999999999999e-08,0.0,0.0,0.0,8.999999999999999e-08
1759811070102380864,170557,1759811070093570688,base_link,-0.037977557132739814,0.006866189189025367,0.012491946576992454,-0.9991769813748568,1.0,0.0,0.0,0.0,1.0,0.0,0.0,0.0,1.0,-0.03560102358460426,0.06977587938308716,0.04171402379870414,1.2184696791468346e-07,0.0,0.0,0.0,1.2184696791468346e-07,0.0,0.0,0.0,1.2184696791468346e-07,0.6166490912437439,2.602121591567994,9.05617904663086,8.999999999999999e-08,0.0,0.0,0.0,8.999999999999999e-08,0.0,0.0,0.0,8.999999999999999e-08
1759811070109449664,170558,1759811070104570688,base_link,-0.03788149129409332,0.006947777585208364,0.010653416751250271,-0.999201342253296,1.0,0.0,0.0,0.0,1.0,0.0,0.0,0.0,1.0,-0.002783503383398056,0.007520703598856975,0.40283334255218506,1.2184696791468346e-07,0.0,0.0,0.0,1.2184696791468346e-07,0.0,0.0,0.0,1.2184696791468346e-07,0.2570197880268097,1.3059749603271498,10.878016471862793,8.999999999999999e-08,0.0,0.0,0.0,8.999999999999999e-08,0.0,0.0,0.0,8.999999999999999e-08
1759811070122155616,170559,1759811070114570688,base_link,-0.03795676819971181,0.007336742947581308,0.008857665976746587,-0.9992131855177275,1.0,0.0,0.0,0.0,1.0,0.0,0.0,0.0,1.0,0.010622748173773289,-0.07025089114904401,0.27024349570274353,1.2184696791468346e-07,0.0,0.0,0.0,1.2184696791468346e-07,0.0,0.0,0.0,1.2184696791468346e-07,0.1554480642080307,-1.199267506599425,10.7510404586792,8.999999999999999e-08,0.0,0.0,0.0,8.999999999999999e-08,0.0,0.0,0.0,8.999999999999999e-08
1759811070128001056,170560,1759811070124570688,base_link,-0.038051649975332946,0.007416391271643788,0.008516150063262803,-0.9992120475528178,1.0,0.0,0.0,0.0,1.0,0.0,0.0,0.0,1.0,0.046265337616205215,-0.0631597638130188,-0.02490537986159324,1.2184696791468346e-07,0.0,0.0,0.0,1.2184696791468346e-07,0.0,0.0,0.0,1.2184696791468346e-07,-0.5425752401351929,-0.4258099794387806,9.659146308898926,8.999999999999999e-08,0.0,0.0,0.0,8.999999999999999e-08,0.0,0.0,0.0,8.999999999999999e-08
1759811070133579040,170561,1759811070125570688,base_link,-0.03810513037482623,0.00763122824648299,0.009342818349955507,-0.999201005078508,1.0,0.0,0.0,0.0,1.0,0.0,0.0,0.0,1.0,0.064485102891922,0.0004993298207409324,-0.29003235697746277,1.2184696791468346e-07,0.0,0.0,0.0,1.2184696791468346e-07,0.0,0.0,0.0,1.2184696791468346e-07,-0.4697115123271942,-1.1625208854675282,9.222127914428711,8.999999999999999e-08,0.0,0.0,0.0,8.999999999999999e-08,0.0,0.0,0.0,8.999999999999999e-08
1759811070137787200,170562,1759811070130570688,base_link,-0.038468611381829255,0.007330920097041726,0.010384646298296272,-0.9991789622767367,1.0,0.0,0.0,0.0,1.0,0.0,0.0,0.0,1.0,0.07603955268859863,0.035628858953714315,-0.43640658259391785,1.2184696791468346e-07,0.0,0.0,0.0,1.2184696791468346e-07,0.0,0.0,0.0,1.2184696791468346e-07,0.08898323774337769,0.6930232048034679,9.322933197021484,8.999999999999999e-08,0.0,0.0,0.0,8.999999999999999e-08,0.0,0.0,0.0,8.999999999999999e-08
1759811070145993920,170563,1759811070135570688,base_link,-0.038581696644740045,0.007101488458816609,0.011478694191942047,-0.999164295173455,1.0,0.0,0.0,0.0,1.0,0.0,0.0,0.0,1.0,0.030831556767225266,0.11305403709411618,-0.27080175280570984,1.2184696791468346e-07,0.0,0.0,0.0,1.2184696791468346e-07,0.0,0.0,0.0,1.2184696791468346e-07,0.7773971557617188,1.9849090576171886,9.814847946166992,8.999999999999999e-08,0.0,0.0,0.0,8.999999999999999e-08,0.0,0.0,0.0,8.999999999999999e-08
1759811070151996000,170564,1759811070146570688,base_link,-0.03857503612558631,0.006468965678522321,0.011732207485735068,-0.9991659389005468,1.0,0.0,0.0,0.0,1.0,0.0,0.0,0.0,1.0,-0.005273585207760334,0.12294643372297286,-0.0619792938232422,1.2184696791468346e-07,0.0,0.0,0.0,1.2184696791468346e-07,0.0,0.0,0.0,1.2184696791468346e-07,1.516798734664917,1.828980922698976,10.331095695495605,8.999999999999999e-08,0.0,0.0,0.0,8.999999999999999e-08,0.0,0.0,0.0,8.999999999999999e-08
1759811070155970976,170565,1759811070151570688,base_link,-0.03857750961875829,0.006281414836826873,0.01099628136388635,-0.9991754219414618,1.0,0.0,0.0,0.0,1.0,0.0,0.0,0.0,1.0,-0.01110599935054779,0.09702181071043017,0.2497549206018448,1.2184696791468346e-07,0.0,0.0,0.0,1.2184696791468346e-07,0.0,0.0,0.0,1.2184696791468346e-07,-0.2521907687187195,1.9629197120666515,9.803112983703613,8.999999999999999e-08,0.0,0.0,0.0,8.999999999999999e-08,0.0,0.0,0.0,8.999999999999999e-08
1759811070167289696,170566,1759811070162569408,base_link,-0.03871873975685125,0.006268137262456927,0.008532671627879098,-0.9991940929953522,1.0,0.0,0.0,0.0,1.0,0.0,0.0,0.0,1.0,0.020967409014701843,0.013819998130202352,0.4781922399997711,1.2184696791468346e-07,0.0,0.0,0.0,1.2184696791468346e-07,0.0,0.0,0.0,1.2184696791468346e-07,-0.03789028897881508,-0.07412646710872534,9.568737030029297,8.999999999999999e-08,0.0,0.0,0.0,8.999999999999999e-08,0.0,0.0,0.0,8.999999999999999e-08
1759811070172926336,170567,1759811070167569408,base_link,-0.038813019622792086,0.006327271925095741,0.007902744830035287,-0.9991952731071104,1.0,0.0,0.0,0.0,1.0,0.0,0.0,0.0,1.0,0.04193391650915146,-0.008098609745502434,0.30546149611473083,1.2184696791468346e-07,0.0,0.0,0.0,1.2184696791468346e-07,0.0,0.0,0.0,1.2184696791468346e-07,-0.1964425891637802,-0.9806159138679492,9.75709056854248,8.999999999999999e-08,0.0,0.0,0.0,8.999999999999999e-08,0.0,0.0,0.0,8.999999999999999e-08
1759811070178799776,170568,1759811070172569408,base_link,-0.03905412330387669,0.006330904456601775,0.007828945698292678,-0.9991863801220746,1.0,0.0,0.0,0.0,1.0,0.0,0.0,0.0,1.0,0.0753377377986908,-0.011073312722146523,-0.09380015730857849,1.2184696791468346e-07,0.0,0.0,0.0,1.2184696791468346e-07,0.0,0.0,0.0,1.2184696791468346e-07,-0.6097678542137146,-1.2230774164199818,9.515094757080078,8.999999999999999e-08,0.0,0.0,0.0,8.999999999999999e-08,0.0,0.0,0.0,8.999999999999999e-08
1759811070183758816,170569,1759811070178569408,base_link,-0.03924242093504419,0.006317721712640977,0.008702396986832448,-0.9991718816061869,1.0,0.0,0.0,0.0,1.0,0.0,0.0,0.0,1.0,0.09720882773399353,0.008339392952620948,-0.28843677043914795,1.2184696791468346e-07,0.0,0.0,0.0,1.2184696791468346e-07,0.0,0.0,0.0,1.2184696791468346e-07,-0.6441353559494019,-0.4360222220420826,9.681757926940918,8.999999999999999e-08,0.0,0.0,0.0,8.999999999999999e-08,0.0,0.0,0.0,8.999999999999999e-08
1759811070193054848,170570,1759811070189569408,base_link,-0.03985272178946111,0.005734505476748367,0.010623913957292635,-0.9991326428902233,1.0,0.0,0.0,0.0,1.0,0.0,0.0,0.0,1.0,0.09650268405675888,0.09339764714241022,-0.39997804164886475,1.2184696791468346e-07,0.0,0.0,0.0,1.2184696791468346e-07,0.0,0.0,0.0,1.2184696791468346e-07,0.7989850044250488,2.3272891044616713,10.197918891906738,8.999999999999999e-08,0.0,0.0,0.0,8.999999999999999e-08,0.0,0.0,0.0,8.999999999999999e-08
1759811070198003424,170571,1759811070194569408,base_link,-0.03991543893422335,0.005442535817867183,0.010810793083589908,-0.9991297769045245,1.0,0.0,0.0,0.0,1.0,0.0,0.0,0.0,1.0,0.05905621126294136,0.11485218256711957,-0.21511471271514895,1.2184696791468346e-07,0.0,0.0,0.0,1.2184696791468346e-07,0.0,0.0,0.0,1.2184696791468346e-07,0.9815811514854431,2.215840578079225,9.716780662536621,8.999999999999999e-08,0.0,0.0,0.0,8.999999999999999e-08,0.0,0.0,0.0,8.999999999999999e-08
1759811070206883872,170572,1759811070199569408,base_link,-0.03999730128492167,0.005152130860736963,0.010235109279779652,-0.9991341180299211,1.0,0.0,0.0,0.0,1.0,0.0,0.0,0.0,1.0,0.002093095798045397,0.11649702489376071,0.24840246140956876,1.2184696791468346e-07,0.0,0.0,0.0,1.2184696791468346e-07,0.0,0.0,0.0,1.2184696791468346e-07,0.6433813571929932,1.5957133769989025,9.501882553100586,8.999999999999999e-08,0.0,0.0,0.0,8.999999999999999e-08,0.0,0.0,0.0,8.999999999999999e-08
1759811070214102080,170573,1759811070208569408,base_link,-0.04001015343953946,0.004873706145295966,0.00925932544305543,-0.9991445704483518,1.0,0.0,0.0,0.0,1.0,0.0,0.0,0.0,1.0,0.01641153171658516,0.0821829959750176,0.434928834438324,1.2184696791468346e-07,0.0,0.0,0.0,1.2184696791468346e-07,0.0,0.0,0.0,1.2184696791468346e-07,0.10688155889511108,1.6523958444595348,9.684680938720703,8.999999999999999e-08,0.0,0.0,0.0,8.999999999999999e-08,0.0,0.0,0.0,8.999999999999999e-08
1759811070225472352,170574,1759811070209569408,base_link,-0.040052009211377824,0.0048479557379448234,0.007956608502432194,-0.9991542220766608,1.0,0.0,0.0,0.0,1.0,0.0,0.0,0.0,1.0,0.036752622574567795,0.027318926528096248,0.39937540888786316,1.2184696791468346e-07,0.0,0.0,0.0,1.2184696791468346e-07,0.0,0.0,0.0,1.2184696791468346e-07,0.1612251251935959,0.7651148438453687,10.148560523986816,8.999999999999999e-08,0.0,0.0,0.0,8.999999999999999e-08,0.0,0.0,0.0,8.999999999999999e-08
1759811070234711808,170575,1759811070225569408,base_link,-0.04051405720906866,0.004828381160989549,0.006957643899026975,-0.999143095308654,1.0,0.0,0.0,0.0,1.0,0.0,0.0,0.0,1.0,0.062478404492139816,-0.001170682604424663,-0.0618363656103611,1.2184696791468346e-07,0.0,0.0,0.0,1.2184696791468346e-07,0.0,0.0,0.0,1.2184696791468346e-07,-0.3057742416858673,-1.5208239555358873,10.167750358581543,8.999999999999999e-08,0.0,0.0,0.0,8.999999999999999e-08,0.0,0.0,0.0,8.999999999999999e-08
1759811070238981888,170576,1759811070231569408,base_link,-0.0407745510746463,0.00468835879352423,0.008174507709233496,-0.99912396063943,1.0,0.0,0.0,0.0,1.0,0.0,0.0,0.0,1.0,0.06113863363862038,0.04722070321440691,-0.442505806684494,1.2184696791468346e-07,0.0,0.0,0.0,1.2184696791468346e-07,0.0,0.0,0.0,1.2184696791468346e-07,-0.630332350730896,0.04691693931818115,8.751203536987305,8.999999999999999e-08,0.0,0.0,0.0,8.999999999999999e-08,0.0,0.0,0.0,8.999999999999999e-08
1759811070246789152,170577,1759811070241569408,base_link,-0.041070832882965765,0.004010121170574795,0.010176398719803949,-0.9990963966005039,1.0,0.0,0.0,0.0,1.0,0.0,0.0,0.0,1.0,0.050059497356414795,0.1178466901183128,-0.372265100479126,1.2184696791468346e-07,0.0,0.0,0.0,1.2184696791468346e-07,0.0,0.0,0.0,1.2184696791468346e-07,0.9342079162597656,2.120334386825563,10.317337989807129,8.999999999999999e-08,0.0,0.0,0.0,8.999999999999999e-08,0.0,0.0,0.0,8.999999999999999e-08
1759811070252164960,170578,1759811070247569408,base_link,-0.04094928927439444,0.0037141475610850726,0.010458192548947774,-0.9990995997609907,1.0,0.0,0.0,0.0,1.0,0.0,0.0,0.0,1.0,0.0003562658093869686,0.13000585138797757,-0.17422650754451754,1.2184696791468346e-07,0.0,0.0,0.0,1.2184696791468346e-07,0.0,0.0,0.0,1.2184696791468346e-07,1.007521152496338,2.179029226303102,9.668269157409668,8.999999999999999e-08,0.0,0.0,0.0,8.999999999999999e-08,0.0,0.0,0.0,8.999999999999999e-08
1759811070259285728,170579,1759811070252569408,base_link,-0.04076406968025725,0.003483446249048567,0.010000140599331409,-0.9991127495777261,1.0,0.0,0.0,0.0,1.0,0.0,0.0,0.0,1.0,-0.029027242213487625,0.08033113181591035,0.14410628378391266,1.2184696791468346e-07,0.0,0.0,0.0,1.2184696791468346e-07,0.0,0.0,0.0,1.2184696791468346e-07,0.27697035670280457,1.8971691131591808,9.9704008102417,8.999999999999999e-08,0.0,0.0,0.0,8.999999999999999e-08,0.0,0.0,0.0,8.999999999999999e-08
1759811070269350592,170580,1759811070262568640,base_link,-0.04092004989824,0.0034237979216935263,0.008251425707765908,-0.9991225697934292,1.0,0.0,0.0,0.0,1.0,0.0,0.0,0.0,1.0,-0.002432056702673435,0.025844249874353454,0.361222505569458,1.2184696791468346e-07,0.0,0.0,0.0,1.2184696791468346e-07,0.0,0.0,0.0,1.2184696791468346e-07,-0.11838710308074951,1.0348248481750502,10.529683113098145,8.999999999999999e-08,0.0,0.0,0.0,8.999999999999999e-08,0.0,0.0,0.0,8.999999999999999e-08
1759811070279116736,170581,1759811070273568640,base_link,-0.04096045687216081,0.00351773929575726,0.007444777174115874,-0.9991268266251287,1.0,0.0,0.0,0.0,1.0,0.0,0.0,0.0,1.0,0.017908183857798576,-0.024335395544767366,0.1061086356639862,1.2184696791468346e-07,0.0,0.0,0.0,1.2184696791468346e-07,0.0,0.0,0.0,1.2184696791468346e-07,-0.31896311044692993,-0.6558981537818896,9.946501731872559,8.999999999999999e-08,0.0,0.0,0.0,8.999999999999999e-08,0.0,0.0,0.0,8.999999999999999e-08
1759811070286131680,170582,1759811070278568640,base_link,-0.04110686580426454,0.0035554857498658146,0.007904557144521237,-0.9991171749968197,1.0,0.0,0.0,0.0,1.0,0.0,0.0,0.0,1.0,0.03985295817255974,-0.025070512667298348,-0.26163676381111145,1.2184696791468346e-07,0.0,0.0,0.0,1.2184696791468346e-07,0.0,0.0,0.0,1.2184696791468346e-07,-0.6799542903900146,-0.14869546890258672,9.55405044555664,8.999999999999999e-08,0.0,0.0,0.0,8.999999999999999e-08,0.0,0.0,0.0,8.999999999999999e-08
1759811070292947872,170583,1759811070289568640,base_link,-0.04125520032050962,0.003217068946836607,0.010187146166174233,-0.9990915497129251,1.0,0.0,0.0,0.0,1.0,0.0,0.0,0.0,1.0,0.05308865010738373,0.05102565139532084,-0.4485272467136383,1.2184696791468346e-07,0.0,0.0,0.0,1.2184696791468346e-07,0.0,0.0,0.0,1.2184696791468346e-07,-0.8838873505592346,0.2676587998867046,9.021535873413086,8.999999999999999e-08,0.0,0.0,0.0,8.999999999999999e-08,0.0,0.0,0.0,8.999999999999999e-08
1759811070304767200,170584,1759811070299568640,base_link,-0.04092848848756529,0.002874017307560214,0.010886235942424442,-0.9990986725303235,1.0,0.0,0.0,0.0,1.0,0.0,0.0,0.0,1.0,-0.06056160107254982,0.06018604338169097,-0.06215669214725495,1.2184696791468346e-07,0.0,0.0,0.0,1.2184696791468346e-07,0.0,0.0,0.0,1.2184696791468346e-07,1.0248774290084839,2.270546913146974,10.509285926818848,8.999999999999999e-08,0.0,0.0,0.0,8.999999999999999e-08,0.0,0.0,0.0,8.999999999999999e-08
1759811070313983104,170585,1759811070310568640,base_link,-0.04042211912739821,0.0028880008416427207,0.009115773277027289,-0.9991369840156199,1.0,0.0,0.0,0.0,1.0,0.0,0.0,0.0,1.0,-0.09515132755041122,0.0037365071475506267,0.35936644673347473,1.2184696791468346e-07,0.0,0.0,0.0,1.2184696791468346e-07,0.0,0.0,0.0,1.2184696791468346e-07,-0.4608280658721924,0.9282453060150159,10.221946716308594,8.999999999999999e-08,0.0,0.0,0.0,8.999999999999999e-08,0.0,0.0,0.0,8.999999999999999e-08
1759811070329048000,170586,1759811070321568640,base_link,-0.04031030880665487,0.003145557598714763,0.0074371064476869185,-0.9991546435451459,1.0,0.0,0.0,0.0,1.0,0.0,0.0,0.0,1.0,-0.028753452003002167,-0.06221165135502812,0.29292386770248413,1.2184696791468346e-07,0.0,0.0,0.0,1.2184696791468346e-07,0.0,0.0,0.0,1.2184696791468346e-07,-0.6390084028244019,0.21050515770912281,8.958109855651855,8.999999999999999e-08,0.0,0.0,0.0,8.999999999999999e-08,0.0,0.0,0.0,8.999999999999999e-08
1759811070332993696,170587,1759811070326568640,base_link,-0.04030013297691752,0.0033712934851610793,0.007241123602111261,-0.9991557393632072,1.0,0.0,0.0,0.0,1.0,0.0,0.0,0.0,1.0,-0.0024529914371669292,-0.09533284604549408,0.038253758102655425,1.2184696791468346e-07,0.0,0.0,0.0,1.2184696791468346e-07,0.0,0.0,0.0,1.2184696791468346e-07,-0.2926616966724396,-0.5074122548103319,10.89526081085205,8.999999999999999e-08,0.0,0.0,0.0,8.999999999999999e-08,0.0,0.0,0.0,8.999999999999999e-08
1759811070340815616,170588,1759811070336568640,base_link,-0.04026375102702951,0.0035130478246823906,0.009054407465595443,-0.9991418730500471,1.0,0.0,0.0,0.0,1.0,0.0,0.0,0.0,1.0,-0.004210846498608589,-0.03824167326092724,-0.3527497947216034,1.2184696791468346e-07,0.0,0.0,0.0,1.2184696791468346e-07,0.0,0.0,0.0,1.2184696791468346e-07,0.2074025273323059,0.5724771618843092,10.450801849365234,8.999999999999999e-08,0.0,0.0,0.0,8.999999999999999e-08,0.0,0.0,0.0,8.999999999999999e-08
1759811070349004992,170589,1759811070342568640,base_link,-0.040237886032933975,0.0032938367972211668,0.00988937868144475,-0.999135761757013,1.0,0.0,0.0,0.0,1.0,0.0,0.0,0.0,1.0,-0.01796620339155197,0.028466669842600777,-0.37828317284584045,1.2184696791468346e-07,0.0,0.0,0.0,1.2184696791468346e-07,0.0,0.0,0.0,1.2184696791468346e-07,0.33304306864738464,2.151959896087648,9.369779586791992,8.999999999999999e-08,0.0,0.0,0.0,8.999999999999999e-08,0.0,0.0,0.0,8.999999999999999e-08
1759811070357912288,170590,1759811070352568640,base_link,-0.03996940665665254,0.003131899385619201,0.009883604563198745,-0.9991471835529595,1.0,0.0,0.0,0.0,1.0,0.0,0.0,0.0,1.0,-0.05641616880893707,0.023971302434802066,0.07617785781621933,1.2184696791468346e-07,0.0,0.0,0.0,1.2184696791468346e-07,0.0,0.0,0.0,1.2184696791468346e-07,0.5071238875389099,1.9357041120529188,9.995505332946777,8.999999999999999e-08,0.0,0.0,0.0,8.999999999999999e-08,0.0,0.0,0.0,8.999999999999999e-08
1759811070369025536,170591,1759811070363567872,base_link,-0.03957868166335426,0.0034849213887464484,0.007779844619777483,-0.9991801002416465,1.0,0.0,0.0,0.0,1.0,0.0,0.0,0.0,1.0,-0.055273834615945816,-0.06883847713470453,0.43523699045181274,1.2184696791468346e-07,0.0,0.0,0.0,1.2184696791468346e-07,0.0,0.0,0.0,1.2184696791468346e-07,-0.04914764687418938,0.7244414091110243,10.477447509765625,8.999999999999999e-08,0.0,0.0,0.0,8.999999999999999e-08,0.0,0.0,0.0,8.999999999999999e-08
1759811070377299040,170592,1759811070368567872,base_link,-0.039420069901517606,0.0037085288593429644,0.006765875738302398,-0.9991929971772908,1.0,0.0,0.0,0.0,1.0,0.0,0.0,0.0,1.0,-0.043174777179956436,-0.09351649135351177,0.3488351106643677,1.2184696791468346e-07,0.0,0.0,0.0,1.2184696791468346e-07,0.0,0.0,0.0,1.2184696791468346e-07,0.15972492098808289,0.5115563273429882,9.268746376037598,8.999999999999999e-08,0.0,0.0,0.0,8.999999999999999e-08,0.0,0.0,0.0,8.999999999999999e-08
1759811070383560256,170593,1759811070379567872,base_link,-0.03935276006735669,0.004187168227367917,0.0062462472430115734,-0.9991970854215965,1.0,0.0,0.0,0.0,1.0,0.0,0.0,0.0,1.0,-0.0032863535452634096,-0.08415572345256804,0.10691202431917192,1.2184696791468346e-07,0.0,0.0,0.0,1.2184696791468346e-07,0.0,0.0,0.0,1.2184696791468346e-07,-0.25591757893562317,-0.7168946862220752,9.885972023010254,8.999999999999999e-08,0.0,0.0,0.0,8.999999999999999e-08,0.0,0.0,0.0,8.999999999999999e-08
1759811070391894112,170594,1759811070388567872,base_link,-0.03923885689216698,0.004393984130099892,0.0068676603774562054,-0.9991965796594143,1.0,0.0,0.0,0.0,1.0,0.0,0.0,0.0,1.0,0.01911243423819542,-0.03826232254505161,-0.28594130277633667,1.2184696791468346e-07,0.0,0.0,0.0,1.2184696791468346e-07,0.0,0.0,0.0,1.2184696791468346e-07,-0.8936582803726196,0.14455457031726954,9.447790145874023,8.999999999999999e-08,0.0,0.0,0.0,8.999999999999999e-08,0.0,0.0,0.0,8.999999999999999e-08
1759811070398962624,170595,1759811070395567872,base_link,-0.03929176040667127,0.004237644346815777,0.008756555687168962,-0.9991804374164347,1.0,0.0,0.0,0.0,1.0,0.0,0.0,0.0,1.0,0.0006425060564652085,0.006525454577058508,-0.37640681862831116,1.2184696791468346e-07,0.0,0.0,0.0,1.2184696791468346e-07,0.0,0.0,0.0,1.2184696791468346e-07,0.9868025183677673,2.059942483901979,9.616168022155762,8.999999999999999e-08,0.0,0.0,0.0,8.999999999999999e-08,0.0,0.0,0.0,8.999999999999999e-08
1759811070408900032,170596,1759811070405567872,base_link,-0.038845852017782075,0.004104971336059545,0.008445554092007042,-0.9992011315190534,1.0,0.0,0.0,0.0,1.0,0.0,0.0,0.0,1.0,-0.0734228640794754,0.02228794805705548,0.05948944017291069,1.2184696791468346e-07,0.0,0.0,0.0,1.2184696791468346e-07,0.0,0.0,0.0,1.2184696791468346e-07,1.3408808708190918,1.818924188613893,10.305340766906738,8.999999999999999e-08,0.0,0.0,0.0,8.999999999999999e-08,0.0,0.0,0.0,8.999999999999999e-08
1759811070415469440,170597,1759811070410567872,base_link,-0.03853305918155848,0.00416751199089365,0.007399005696633046,-0.9992213198594901,1.0,0.0,0.0,0.0,1.0,0.0,0.0,0.0,1.0,-0.11447606235742569,0.0036906269378960506,0.3042355477809906,1.2184696791468346e-07,0.0,0.0,0.0,1.2184696791468346e-07,0.0,0.0,0.0,1.2184696791468346e-07,-0.5813994407653809,2.153834104537965,10.406332015991211,8.999999999999999e-08,0.0,0.0,0.0,8.999999999999999e-08,0.0,0.0,0.0,8.999999999999999e-08
1759811070424815360,170598,1759811070416567872,base_link,-0.03841419453204563,0.004453146451608042,0.0059319160468173275,-0.9992344275293771,1.0,0.0,0.0,0.0,1.0,0.0,0.0,0.0,1.0,-0.0638476088643074,-0.060897570103406844,0.524924635887146,1.2184696791468346e-07,0.0,0.0,0.0,1.2184696791468346e-07,0.0,0.0,0.0,1.2184696791468346e-07,0.26991572976112366,-0.20632877945899844,9.8261079788208,8.999999999999999e-08,0.0,0.0,0.0,8.999999999999999e-08,0.0,0.0,0.0,8.999999999999999e-08
1759811070436092960,170599,1759811070426567872,base_link,-0.03827054621851936,0.005013990613475461,0.004571542217431237,-0.9992444163324742,1.0,0.0,0.0,0.0,1.0,0.0,0.0,0.0,1.0,-0.03815245255827904,-0.10514908283948896,0.2806982398033142,1.2184696791468346e-07,0.0,0.0,0.0,1.2184696791468346e-07,0.0,0.0,0.0,1.2184696791468346e-07,-0.4286015033721924,0.0051925070583832824,10.188440322875977,8.999999999999999e-08,0.0,0.0,0.0,8.999999999999999e-08,0.0,0.0,0.0,8.999999999999999e-08
1759811070441578880,170600,1759811070436567872,base_link,-0.03829289985329832,0.005163791049795305,0.004740213905171843,-0.9992420561089576,1.0,0.0,0.0,0.0,1.0,0.0,0.0,0.0,1.0,-0.02445061504840851,-0.07211780548095706,-0.18660114705562592,1.2184696791468346e-07,0.0,0.0,0.0,1.2184696791468346e-07,0.0,0.0,0.0,1.2184696791468346e-07,-0.3144891858100891,-0.9966118931770312,9.866052627563477,8.999999999999999e-08,0.0,0.0,0.0,8.999999999999999e-08,0.0,0.0,0.0,8.999999999999999e-08
1759811070448827040,170601,1759811070437567872,base_link,-0.03833155509882789,0.005244558899521356,0.005810659563651507,-0.9992344696762255,1.0,0.0,0.0,0.0,1.0,0.0,0.0,0.0,1.0,0.01251296978443861,0.02919337898492808,-0.43880757689476013,1.2184696791468346e-07,0.0,0.0,0.0,1.2184696791468346e-07,0.0,0.0,0.0,1.2184696791468346e-07,-0.4536885917186737,0.20090167224407307,9.158763885498047,8.999999999999999e-08,0.0,0.0,0.0,8.999999999999999e-08,0.0,0.0,0.0,8.999999999999999e-08
1759811070455850432,170602,1759811070447567872,base_link,-0.03850036903218221,0.004895456553305617,0.007743219008421505,-0.9992166415593055,1.0,0.0,0.0,0.0,1.0,0.0,0.0,0.0,1.0,-0.03838500753045082,0.08264190703630443,-0.28379547595977783,1.2184696791468346e-07,0.0,0.0,0.0,1.2184696791468346e-07,0.0,0.0,0.0,1.2184696791468346e-07,1.4085166454315186,1.4121534824371351,10.085444450378418,8.999999999999999e-08,0.0,0.0,0.0,8.999999999999999e-08,0.0,0.0,0.0,8.999999999999999e-08
1759811070463828672,170603,1759811070453567872,base_link,-0.03821744250648464,0.004622869176383378,0.008083596956995513,-0.9992260824533719,1.0,0.0,0.0,0.0,1.0,0.0,0.0,0.0,1.0,-0.04211990162730217,0.08813100308179855,-0.02279990352690221,1.2184696791468346e-07,0.0,0.0,0.0,1.2184696791468346e-07,0.0,0.0,0.0,1.2184696791468346e-07,0.8032093644142151,2.1368105411529554,9.736955642700195,8.999999999999999e-08,0.0,0.0,0.0,8.999999999999999e-08,0.0,0.0,0.0,8.999999999999999e-08
1759811070470279840,170604,1759811070463571200,base_link,-0.038114375022629286,0.0042958228028290016,0.006708598171176119,-0.999241676787321,1.0,0.0,0.0,0.0,1.0,0.0,0.0,0.0,1.0,-0.02289680764079094,0.06228054687380795,0.31602224707603455,1.2184696791468346e-07,0.0,0.0,0.0,1.2184696791468346e-07,0.0,0.0,0.0,1.2184696791468346e-07,-0.09495382755994797,1.7768213748931896,9.682660102844238,8.999999999999999e-08,0.0,0.0,0.0,8.999999999999999e-08,0.0,0.0,0.0,8.999999999999999e-08
1759811070474411680,170605,1759811070469571200,base_link,-0.03804874315987471,0.004525192537870369,0.005411023146071233,-0.9992509912408418,1.0,0.0,0.0,0.0,1.0,0.0,0.0,0.0,1.0,0.0077337585389614105,-0.008455361239612047,0.45431700348854065,1.2184696791468346e-07,0.0,0.0,0.0,1.2184696791468346e-07,0.0,0.0,0.0,1.2184696791468346e-07,0.3335053622722626,0.12346632033586631,10.590405464172363,8.999999999999999e-08,0.0,0.0,0.0,8.999999999999999e-08,0.0,0.0,0.0,8.999999999999999e-08
1759811070485622880,170606,1759811070479571200,base_link,-0.03839437365944436,0.004622288340127338,0.00411926438606083,-0.9992435312486555,1.0,0.0,0.0,0.0,1.0,0.0,0.0,0.0,1.0,0.06418155878782272,-0.033850099891424144,0.26030007004737854,1.2184696791468346e-07,0.0,0.0,0.0,1.2184696791468346e-07,0.0,0.0,0.0,1.2184696791468346e-07,-0.19697092473506927,-0.47408318519592174,9.049731254577637,8.999999999999999e-08,0.0,0.0,0.0,8.999999999999999e-08,0.0,0.0,0.0,8.999999999999999e-08
1759811070493429920,170607,1759811070488571200,base_link,-0.038457636079059214,0.004693203046924949,0.004284016416889911,-0.999240117353926,1.0,0.0,0.0,0.0,1.0,0.0,0.0,0.0,1.0,0.08811604231595993,-0.005908599589020035,-0.16714820265769958,1.2184696791468346e-07,0.0,0.0,0.0,1.2184696791468346e-07,0.0,0.0,0.0,1.2184696791468346e-07,-0.19663771986961365,-0.7113531827926622,10.791228294372559,8.999999999999999e-08,0.0,0.0,0.0,8.999999999999999e-08,0.0,0.0,0.0,8.999999999999999e-08
1759811070499145952,170608,1759811070490571200,base_link,-0.03867183821699272,0.004485839235162338,0.005295793662242419,-0.9992278947678579,1.0,0.0,0.0,0.0,1.0,0.0,0.0,0.0,1.0,0.08740014582872391,0.07170639932155604,-0.475458025932312,1.2184696791468346e-07,0.0,0.0,0.0,1.2184696791468346e-07,0.0,0.0,0.0,1.2184696791468346e-07,-0.34401658177375793,-0.708874762058257,8.899125099182129,8.999999999999999e-08,0.0,0.0,0.0,8.999999999999999e-08,0.0,0.0,0.0,8.999999999999999e-08
1759811070506026816,170609,1759811070501571200,base_link,-0.03905860272361999,0.0036596780277408066,0.007572355684558393,-0.9992015529875385,1.0,0.0,0.0,0.0,1.0,0.0,0.0,0.0,1.0,0.06071342155337334,0.15540970861911768,-0.4047531187534332,1.2184696791468346e-07,0.0,0.0,0.0,1.2184696791468346e-07,0.0,0.0,0.0,1.2184696791468346e-07,1.640295147895813,2.163700580596925,10.269397735595703,8.999999999999999e-08,0.0,0.0,0.0,8.999999999999999e-08,0.0,0.0,0.0,8.999999999999999e-08
1759811070511941280,170610,1759811070506571200,base_link,-0.03918476141210325,0.0032192698025822848,0.0077400579947831975,-0.9991968746873539,1.0,0.0,0.0,0.0,1.0,0.0,0.0,0.0,1.0,0.018003065139055252,0.18300986289978027,-0.08185331523418429,1.2184696791468346e-07,0.0,0.0,0.0,1.2184696791468346e-07,0.0,0.0,0.0,1.2184696791468346e-07,1.2366491556167603,1.893782377243043,9.363961219787598,8.999999999999999e-08,0.0,0.0,0.0,8.999999999999999e-08,0.0,0.0,0.0,8.999999999999999e-08
1759811070520836864,170611,1759811070515571200,base_link,-0.039253243455488376,0.0028486080262642116,0.007189325125291384,-0.9991994456451131,1.0,0.0,0.0,0.0,1.0,0.0,0.0,0.0,1.0,0.038906048983335495,0.1382117867469788,0.2550383508205414,1.2184696791468346e-07,0.0,0.0,0.0,1.2184696791468346e-07,0.0,0.0,0.0,1.2184696791468346e-07,0.21049471199512482,2.085605859756471,9.849309921264648,8.999999999999999e-08,0.0,0.0,0.0,8.999999999999999e-08,0.0,0.0,0.0,8.999999999999999e-08
1759811070522823008,170612,1759811070516571200,base_link,-0.03933384271782038,0.0025565316831727305,0.006111250887231175,-0.9992042082389948,1.0,0.0,0.0,0.0,1.0,0.0,0.0,0.0,1.0,0.05241866037249565,0.11530842632055288,0.4091613292694092,1.2184696791468346e-07,0.0,0.0,0.0,1.2184696791468346e-07,0.0,0.0,0.0,1.2184696791468346e-07,-0.74981290102005,1.5566599369049083,9.814213752746582,8.999999999999999e-08,0.0,0.0,0.0,8.999999999999999e-08,0.0,0.0,0.0,8.999999999999999e-08
1759811070529052992,170613,1759811070522571200,base_link,-0.03973126115749779,0.002568398655206578,0.0049159662634622615,-0.9991950202260194,1.0,0.0,0.0,0.0,1.0,0.0,0.0,0.0,1.0,0.07566817849874496,0.03799371421337133,0.4295569658279419,1.2184696791468346e-07,0.0,0.0,0.0,1.2184696791468346e-07,0.0,0.0,0.0,1.2184696791468346e-07,-0.2290627509355545,-0.030160168185828784,10.881701469421387,8.999999999999999e-08,0.0,0.0,0.0,8.999999999999999e-08,0.0,0.0,0.0,8.999999999999999e-08
1759811070535845280,170614,1759811070527571200,base_link,-0.0399396970797194,0.002485344338948815,0.004048331240016979,-0.9991908055411682,1.0,0.0,0.0,0.0,1.0,0.0,0.0,0.0,1.0,0.12011045962572098,-0.01669855602085588,0.21227651834487915,1.2184696791468346e-07,0.0,0.0,0.0,1.2184696791468346e-07,0.0,0.0,0.0,1.2184696791468346e-07,-0.26483893394470215,-0.3205679655075062,9.178555488586426,8.999999999999999e-08,0.0,0.0,0.0,8.999999999999999e-08,0.0,0.0,0.0,8.999999999999999e-08
1759811070542867232,170615,1759811070537571200,base_link,-0.04090670515233025,0.002426819488524391,0.004487880723137099,-0.9991499652449612,1.0,0.0,0.0,0.0,1.0,0.0,0.0,0.0,1.0,0.18235114216804504,0.014394816011190395,-0.16155870258808136,1.2184696791468346e-07,0.0,0.0,0.0,1.2184696791468346e-07,0.0,0.0,0.0,1.2184696791468346e-07,-0.3891434669494629,-1.3330472707748402,9.826375961303711,8.999999999999999e-08,0.0,0.0,0.0,8.999999999999999e-08,0.0,0.0,0.0,8.999999999999999e-08
1759811070548964192,170616,1759811070543571200,base_link,-0.04114544729280922,0.002292346017083336,0.005654041874585023,-0.9991345816452547,1.0,0.0,0.0,0.0,1.0,0.0,0.0,0.0,1.0,0.18541257083415985,0.05817538127303118,-0.4299064874649048,1.2184696791468346e-07,0.0,0.0,0.0,1.2184696791468346e-07,0.0,0.0,0.0,1.2184696791468346e-07,-0.7993499040603638,0.7773485183715831,9.50169563293457,8.999999999999999e-08,0.0,0.0,0.0,8.999999999999999e-08,0.0,0.0,0.0,8.999999999999999e-08
1759811070558685248,170617,1759811070553571200,base_link,-0.042124252531736066,0.0014950172053103054,0.007539059674234734,-0.9990828674621319,1.0,0.0,0.0,0.0,1.0,0.0,0.0,0.0,1.0,0.16927415132522583,0.1459332853555679,-0.33305537700653076,1.2184696791468346e-07,0.0,0.0,0.0,1.2184696791468346e-07,0.0,0.0,0.0,1.2184696791468346e-07,0.7646047472953796,3.0142986774444593,9.302632331848145,8.999999999999999e-08,0.0,0.0,0.0,8.999999999999999e-08,0.0,0.0,0.0,8.999999999999999e-08
1759811070566831232,170618,1759811070559569408,base_link,-0.04228553666718611,0.0013353530893498965,0.007465471276734725,-0.9990767983159463,1.0,0.0,0.0,0.0,1.0,0.0,0.0,0.0,1.0,0.10104061663150787,0.14726954698562622,0.0834875926375389,1.2184696791468346e-07,0.0,0.0,0.0,1.2184696791468346e-07,0.0,0.0,0.0,1.2184696791468346e-07,1.040351390838623,1.8639162778854383,10.209342002868652,8.999999999999999e-08,0.0,0.0,0.0,8.999999999999999e-08,0.0,0.0,0.0,8.999999999999999e-08
1759811070575262752,170619,1759811070569569408,base_link,-0.04292813122718549,0.0008915230669278947,0.005831227225724811,-0.9990608246603607,1.0,0.0,0.0,0.0,1.0,0.0,0.0,0.0,1.0,0.11908962577581406,0.06796675175428395,0.3247719407081604,1.2184696791468346e-07,0.0,0.0,0.0,1.2184696791468346e-07,0.0,0.0,0.0,1.2184696791468346e-07,-0.7803082466125488,1.130245327949525,9.391453742980957,8.999999999999999e-08,0.0,0.0,0.0,8.999999999999999e-08,0.0,0.0,0.0,8.999999999999999e-08
1759811070584230976,170620,1759811070574569408,base_link,-0.043151998164318146,0.0009155006724635443,0.004835170754866883,-0.9990564835349641,1.0,0.0,0.0,0.0,1.0,0.0,0.0,0.0,1.0,0.14820443093776703,-0.014470424503087954,0.35312002897262573,1.2184696791468346e-07,0.0,0.0,0.0,1.2184696791468346e-07,0.0,0.0,0.0,1.2184696791468346e-07,-0.2808166444301605,0.6142532825469984,10.766813278198242,8.999999999999999e-08,0.0,0.0,0.0,8.999999999999999e-08,0.0,0.0,0.0,8.999999999999999e-08
1759811070587928320,170621,1759811070580569408,base_link,-0.04362210411260866,0.0008813064074310495,0.004247432952382439,-0.999038739711741,1.0,0.0,0.0,0.0,1.0,0.0,0.0,0.0,1.0,0.15220221877098083,-0.02294144406914709,0.18240991234779358,1.2184696791468346e-07,0.0,0.0,0.0,1.2184696791468346e-07,0.0,0.0,0.0,1.2184696791468346e-07,-0.4044645428657532,0.0087799113243829,8.75816822052002,8.999999999999999e-08,0.0,0.0,0.0,8.999999999999999e-08,0.0,0.0,0.0,8.999999999999999e-08
1759811070595865376,170622,1759811070591569408,base_link,-0.04449276317243458,0.0011023034075979248,0.00462658600158643,-0.9989984473245646,1.0,0.0,0.0,0.0,1.0,0.0,0.0,0.0,1.0,0.16568249464035034,-0.028699362650513666,-0.14456705749034882,1.2184696791468346e-07,0.0,0.0,0.0,1.2184696791468346e-07,0.0,0.0,0.0,1.2184696791468346e-07,-0.9762088656425476,-0.7058442831039418,9.37241268157959,8.999999999999999e-08,0.0,0.0,0.0,8.999999999999999e-08,0.0,0.0,0.0,8.999999999999999e-08
1759811070600944064,170623,1759811070596569408,base_link,-0.04505337025827913,0.0011454551950279975,0.005896512694068204,-0.9989665421602418,1.0,0.0,0.0,0.0,1.0,0.0,0.0,0.0,1.0,0.18323419988155365,-0.004389381036162422,-0.3785799443721771,1.2184696791468346e-07,0.0,0.0,0.0,1.2184696791468346e-07,0.0,0.0,0.0,1.2184696791468346e-07,-0.6053613424301147,0.9227375984191906,9.009601593017578,8.999999999999999e-08,0.0,0.0,0.0,8.999999999999999e-08,0.0,0.0,0.0,8.999999999999999e-08
1759811070611172224,170624,1759811070606569408,base_link,-0.045691335250387384,0.0008917324840814338,0.007006323509057032,-0.9989307173390076,1.0,0.0,0.0,0.0,1.0,0.0,0.0,0.0,1.0,0.10820212215185165,0.023705758154392218,-0.19744616746902466,1.2184696791468346e-07,0.0,0.0,0.0,1.2184696791468346e-07,0.0,0.0,0.0,1.2184696791468346e-07,0.32197853922843933,2.5344033241271986,9.725181579589844,8.999999999999999e-08,0.0,0.0,0.0,8.999999999999999e-08,0.0,0.0,0.0,8.999999999999999e-08
1759811070623013152,170625,1759811070617569408,base_link,-0.046052607499110644,0.000914259974610504,0.005801555844373129,-0.9989218243539718,1.0,0.0,0.0,0.0,1.0,0.0,0.0,0.0,1.0,0.05068136751651764,0.01218686345964673,0.23316159844398499,1.2184696791468346e-07,0.0,0.0,0.0,1.2184696791468346e-07,0.0,0.0,0.0,1.2184696791468346e-07,0.3724343180656433,1.9949569702148449,9.962270736694336,8.999999999999999e-08,0.0,0.0,0.0,8.999999999999999e-08,0.0,0.0,0.0,8.999999999999999e-08
1759811070630280000,170626,1759811070627569408,base_link,-0.04659997915743375,0.0013810363218686576,0.0037601732367479844,-0.9989056821109921,1.0,0.0,0.0,0.0,1.0,0.0,0.0,0.0,1.0,0.0878312811255455,-0.059188589453697156,0.41197001934051514,1.2184696791468346e-07,0.0,0.0,0.0,1.2184696791468346e-07,0.0,0.0,0.0,1.2184696791468346e-07,-0.22208933532238007,1.9263553619384777,9.818010330200195,8.999999999999999e-08,0.0,0.0,0.0,8.999999999999999e-08,0.0,0.0,0.0,8.999999999999999e-08
1759811070637468064,170627,1759811070633569408,base_link,-0.04689100578057951,0.0017162855258144676,0.0031876082997274995,-0.9988935016717725,1.0,0.0,0.0,0.0,1.0,0.0,0.0,0.0,1.0,0.10425073653459549,-0.10227017104625698,0.31446573138237,1.2184696791468346e-07,0.0,0.0,0.0,1.2184696791468346e-07,0.0,0.0,0.0,1.2184696791468346e-07,-0.5895512104034424,0.28849962353706476,9.47288703918457,8.999999999999999e-08,0.0,0.0,0.0,8.999999999999999e-08,0.0,0.0,0.0,8.999999999999999e-08
1759811070641952544,170628,1759811070638569408,base_link,-0.047154679099041696,0.0019094787768543107,0.003224318204780517,-0.9988806468829766,1.0,0.0,0.0,0.0,1.0,0.0,0.0,0.0,1.0,0.11326943337917328,-0.08651654422283171,0.11046636104583742,1.2184696791468346e-07,0.0,0.0,0.0,1.2184696791468346e-07,0.0,0.0,0.0,1.2184696791468346e-07,-0.38063278794288635,-0.6184151172637927,10.223658561706543,8.999999999999999e-08,0.0,0.0,0.0,8.999999999999999e-08,0.0,0.0,0.0,8.999999999999999e-08
1759811070648905504,170629,1759811070643569408,base_link,-0.04749286014313704,0.00219681491657733,0.003926358260426436,-0.9988614700669042,1.0,0.0,0.0,0.0,1.0,0.0,0.0,0.0,1.0,0.11124866455793381,-0.10172090679407123,-0.20021915435791016,1.2184696791468346e-07,0.0,0.0,0.0,1.2184696791468346e-07,0.0,0.0,0.0,1.2184696791468346e-07,-0.7147262692451477,0.21498669683933372,9.336555480957031,8.999999999999999e-08,0.0,0.0,0.0,8.999999999999999e-08,0.0,0.0,0.0,8.999999999999999e-08
1759811070654773696,170630,1759811070648569408,base_link,-0.04763007711099835,0.0023713476504389755,0.004991788443933355,-0.9988497953898667,1.0,0.0,0.0,0.0,1.0,0.0,0.0,0.0,1.0,0.10183199495077133,-0.07398273795843129,-0.3818228244781494,1.2184696791468346e-07,0.0,0.0,0.0,1.2184696791468346e-07,0.0,0.0,0.0,1.2184696791468346e-07,-0.2784525156021118,1.1728880405426036,9.819287300109863,8.999999999999999e-08,0.0,0.0,0.0,8.999999999999999e-08,0.0,0.0,0.0,8.999999999999999e-08
1759811070664147776,170631,1759811070659568384,base_link,-0.04796817122721865,0.002462598211643093,0.005959901554228608,-0.998828047616035,1.0,0.0,0.0,0.0,1.0,0.0,0.0,0.0,1.0,0.049446698278188705,-0.03834062442183497,-0.20418041944503784,1.2184696791468346e-07,0.0,0.0,0.0,1.2184696791468346e-07,0.0,0.0,0.0,1.2184696791468346e-07,0.6180393695831299,2.635069847106935,9.885032653808594,8.999999999999999e-08,0.0,0.0,0.0,8.999999999999999e-08,0.0,0.0,0.0,8.999999999999999e-08
1759811070671718784,170632,1759811070664568384,base_link,-0.047842681619955495,0.002661196796004458,0.005399137734791138,-0.9988367720136767,1.0,0.0,0.0,0.0,1.0,0.0,0.0,0.0,1.0,-0.011699373833835125,-0.05892514809966086,0.1330210566520691,1.2184696791468346e-07,0.0,0.0,0.0,1.2184696791468346e-07,0.0,0.0,0.0,1.2184696791468346e-07,0.0963737964630127,1.8905268907547008,9.833849906921387,8.999999999999999e-08,0.0,0.0,0.0,8.999999999999999e-08,0.0,0.0,0.0,8.999999999999999e-08
1759811070678745120,170633,1759811070675568384,base_link,-0.047974382619017944,0.003382116005605269,0.003262461102682864,-0.99883753065695,1.0,0.0,0.0,0.0,1.0,0.0,0.0,0.0,1.0,0.01413816586136818,-0.12236720323562617,0.4290049076080322,1.2184696791468346e-07,0.0,0.0,0.0,1.2184696791468346e-07,0.0,0.0,0.0,1.2184696791468346e-07,-0.14372657239437103,1.6027730703353895,10.551600456237793,8.999999999999999e-08,0.0,0.0,0.0,8.999999999999999e-08,0.0,0.0,0.0,8.999999999999999e-08
1759811070690905088,170634,1759811070685568384,base_link,-0.04806765359477255,0.0041507902287469525,0.0017806622027368515,-0.9988339060279781,1.0,0.0,0.0,0.0,1.0,0.0,0.0,0.0,1.0,0.0276950616389513,-0.12513417005538938,0.244231253862381,1.2184696791468346e-07,0.0,0.0,0.0,1.2184696791468346e-07,0.0,0.0,0.0,1.2184696791468346e-07,-0.41296884417533875,0.12046563625335803,8.95481014251709,8.999999999999999e-08,0.0,0.0,0.0,8.999999999999999e-08,0.0,0.0,0.0,8.999999999999999e-08
1759811070699456928,170635,1759811070691568384,base_link,-0.04816649453997568,0.0046202152420162105,0.0018228933449447391,-0.9988269939448222,1.0,0.0,0.0,0.0,1.0,0.0,0.0,0.0,1.0,0.03800055757164955,-0.15113021433353424,0.026900136843323725,1.2184696791468346e-07,0.0,0.0,0.0,1.2184696791468346e-07,0.0,0.0,0.0,1.2184696791468346e-07,-0.35121163725852966,-0.3459155261516558,10.555546760559082,8.999999999999999e-08,0.0,0.0,0.0,8.999999999999999e-08,0.0,0.0,0.0,8.999999999999999e-08
1759811070711261600,170636,1759811070701568384,base_link,-0.04832020277940589,0.0048962626117833915,0.00371351667544644,-0.9988130011911166,1.0,0.0,0.0,0.0,1.0,0.0,0.0,0.0,1.0,0.042517680674791336,-0.05069047212600713,-0.3823874890804291,1.2184696791468346e-07,0.0,0.0,0.0,1.2184696791468346e-07,0.0,0.0,0.0,1.2184696791468346e-07,0.3478600084781647,1.5166041851043712,9.888811111450195,8.999999999999999e-08,0.0,0.0,0.0,8.999999999999999e-08,0.0,0.0,0.0,8.999999999999999e-08
1759811070717124384,170637,1759811070707568384,base_link,-0.048187801088986945,0.004857121360406931,0.004421710170974994,-0.998816752260634,1.0,0.0,0.0,0.0,1.0,0.0,0.0,0.0,1.0,-0.0002196113346144557,-0.021263569593429593,-0.23629488050937653,1.2184696791468346e-07,0.0,0.0,0.0,1.2184696791468346e-07,0.0,0.0,0.0,1.2184696791468346e-07,1.1143591403961182,2.3115985393524183,10.092658996582031,8.999999999999999e-08,0.0,0.0,0.0,8.999999999999999e-08,0.0,0.0,0.0,8.999999999999999e-08
1759811070721883264,170638,1759811070712568384,base_link,-0.04822209413569564,0.0048237713494336705,0.0045134217133346805,-0.9988148135056026,1.0,0.0,0.0,0.0,1.0,0.0,0.0,0.0,1.0,-0.037617262452840805,-0.03279667347669601,0.060521982610225684,1.2184696791468346e-07,0.0,0.0,0.0,1.2184696791468346e-07,0.0,0.0,0.0,1.2184696791468346e-07,0.9811912178993225,2.6830897331237806,9.21932315826416,8.999999999999999e-08,0.0,0.0,0.0,8.999999999999999e-08,0.0,0.0,0.0,8.999999999999999e-08
1759811070728881664,170639,1759811070723568384,base_link,-0.04788847021959553,0.005181929999723184,0.0032539895861321546,-0.9988340324685235,1.0,0.0,0.0,0.0,1.0,0.0,0.0,0.0,1.0,-0.03730694577097893,-0.07556542754173275,0.32645002007484436,1.2184696791468346e-07,0.0,0.0,0.0,1.2184696791468346e-07,0.0,0.0,0.0,1.2184696791468346e-07,-0.6317862272262573,1.8382205963134777,9.930774688720703,8.999999999999999e-08,0.0,0.0,0.0,8.999999999999999e-08,0.0,0.0,0.0,8.999999999999999e-08
1759811070738937152,170640,1759811070728568384,base_link,-0.0479150148316233,0.005769849560491802,0.002369285089039995,-0.9988319672729465,1.0,0.0,0.0,0.0,1.0,0.0,0.0,0.0,1.0,-0.044852036982774734,-0.10342975705862041,0.3060445189476013,1.2184696791468346e-07,0.0,0.0,0.0,1.2184696791468346e-07,0.0,0.0,0.0,1.2184696791468346e-07,-0.0514201782643795,0.1579470038414014,10.117938995361328,8.999999999999999e-08,0.0,0.0,0.0,8.999999999999999e-08,0.0,0.0,0.0,8.999999999999999e-08
1759811070742827456,170641,1759811070738568384,base_link,-0.047818219325661965,0.006413948236147412,0.0014787221800047802,-0.9988344117901602,1.0,0.0,0.0,0.0,1.0,0.0,0.0,0.0,1.0,-0.00782823283225298,-0.14356298744678495,0.190678283572197,1.2184696791468346e-07,0.0,0.0,0.0,1.2184696791468346e-07,0.0,0.0,0.0,1.2184696791468346e-07,-0.14633283019065857,-0.10656277090310931,9.70187759399414,8.999999999999999e-08,0.0,0.0,0.0,8.999999999999999e-08,0.0,0.0,0.0,8.999999999999999e-08
1759811070749672128,170642,1759811070744568384,base_link,-0.0478546605445557,0.006518145782378473,0.001969311496671591,-0.9988311243359763,1.0,0.0,0.0,0.0,1.0,0.0,0.0,0.0,1.0,0.011495321989059448,-0.09786727279424669,-0.11590104550123213,1.2184696791468346e-07,0.0,0.0,0.0,1.2184696791468346e-07,0.0,0.0,0.0,1.2184696791468346e-07,-0.37472352385520935,-1.192365765571593,10.01063060760498,8.999999999999999e-08,0.0,0.0,0.0,8.999999999999999e-08,0.0,0.0,0.0,8.999999999999999e-08
1759811070759988160,170643,1759811070749568384,base_link,-0.047954428720426066,0.0067369182191973805,0.0031192882582913536,-0.9988219784698494,1.0,0.0,0.0,0.0,1.0,0.0,0.0,0.0,1.0,0.015975290909409523,-0.04680352285504347,-0.4611878991127014,1.2184696791468346e-07,0.0,0.0,0.0,1.2184696791468346e-07,0.0,0.0,0.0,1.2184696791468346e-07,-0.700126588344574,-0.33496934175491216,9.734539985656738,8.999999999999999e-08,0.0,0.0,0.0,8.999999999999999e-08,0.0,0.0,0.0,8.999999999999999e-08
1759811070759996480,170644,1759811070754568384,base_link,-0.04791195918510626,0.006702822735841083,0.004502421385873333,-0.9988189860436052,1.0,0.0,0.0,0.0,1.0,0.0,0.0,0.0,1.0,0.01951281726360321,-0.0350069701671601,-0.5083946585655212,1.2184696791468346e-07,0.0,0.0,0.0,1.2184696791468346e-07,0.0,0.0,0.0,1.2184696791468346e-07,0.7532066106796265,1.5386714935302745,9.7227201461792,8.999999999999999e-08,0.0,0.0,0.0,8.999999999999999e-08,0.0,0.0,0.0,8.999999999999999e-08
1759811070766823008,170645,1759811070760563776,base_link,-0.048022507734572305,0.0066171092168600815,0.005423709347472971,-0.9988096715900843,1.0,0.0,0.0,0.0,1.0,0.0,0.0,0.0,1.0,-0.008304232731461525,0.012518885545432524,-0.3601762056350708,1.2184696791468346e-07,0.0,0.0,0.0,1.2184696791468346e-07,0.0,0.0,0.0,1.2184696791468346e-07,1.2352759838104248,2.9369106292724623,9.443754196166992,8.999999999999999e-08,0.0,0.0,0.0,8.999999999999999e-08,0.0,0.0,0.0,8.999999999999999e-08
1759811070775651520,170646,1759811070769563776,base_link,-0.047969130068022274,0.006633513560553931,0.0057270823630544134,-0.9988104302333575,1.0,0.0,0.0,0.0,1.0,0.0,0.0,0.0,1.0,-0.03414609283208847,-0.005943168420344599,-0.061199333518743515,1.2184696791468346e-07,0.0,0.0,0.0,1.2184696791468346e-07,0.0,0.0,0.0,1.2184696791468346e-07,1.446191430091858,2.1844322681427015,10.331122398376465,8.999999999999999e-08,0.0,0.0,0.0,8.999999999999999e-08,0.0,0.0,0.0,8.999999999999999e-08
1759811070780843072,170647,1759811070776563776,base_link,-0.047688426788583656,0.006842045630273707,0.00485034362033077,-0.9988271203853678,1.0,0.0,0.0,0.0,1.0,0.0,0.0,0.0,1.0,-0.039682403206825256,-0.03348047658801076,0.20913287997245789,1.2184696791468346e-07,0.0,0.0,0.0,1.2184696791468346e-07,0.0,0.0,0.0,1.2184696791468346e-07,-0.2135675698518753,1.095579743385316,9.580281257629395,8.999999999999999e-08,0.0,0.0,0.0,8.999999999999999e-08,0.0,0.0,0.0,8.999999999999999e-08
1759811070787209696,170648,1759811070781563776,base_link,-0.047615461374188185,0.007019345568157896,0.004039353961284146,-0.9988329366504622,1.0,0.0,0.0,0.0,1.0,0.0,0.0,0.0,1.0,-0.02677554450929165,-0.0592326000332832,0.301986962556839,1.2184696791468346e-07,0.0,0.0,0.0,1.2184696791468346e-07,0.0,0.0,0.0,1.2184696791468346e-07,0.23316538333892822,1.2845997810363783,10.005906105041504,8.999999999999999e-08,0.0,0.0,0.0,8.999999999999999e-08,0.0,0.0,0.0,8.999999999999999e-08
1759811070797933504,170649,1759811070791563776,base_link,-0.047540792963695074,0.007417664896722228,0.0033848976976070004,-0.9988360555172521,1.0,0.0,0.0,0.0,1.0,0.0,0.0,0.0,1.0,-0.009038000367581844,-0.07165892422199248,0.07858426868915559,1.2184696791468346e-07,0.0,0.0,0.0,1.2184696791468346e-07,0.0,0.0,0.0,1.2184696791468346e-07,-0.06295417994260788,-0.9638022780418384,9.759288787841797,8.999999999999999e-08,0.0,0.0,0.0,8.999999999999999e-08,0.0,0.0,0.0,8.999999999999999e-08
1759811070807859456,170650,1759811070802563776,base_link,-0.047562049463323736,0.0075760593388712475,0.00514735246178705,-0.998826319595246,1.0,0.0,0.0,0.0,1.0,0.0,0.0,0.0,1.0,0.009283515624701977,-0.040170323103666354,-0.40081414580345154,1.2184696791468346e-07,0.0,0.0,0.0,1.2184696791468346e-07,0.0,0.0,0.0,1.2184696791468346e-07,-0.22770649194717407,-0.49762600660323986,9.284774780273438,8.999999999999999e-08,0.0,0.0,0.0,8.999999999999999e-08,0.0,0.0,0.0,8.999999999999999e-08
1759811070822549632,170651,1759811070813563776,base_link,-0.047699976342164656,0.007240442667089979,0.007394664571236427,-0.9988081543035379,1.0,0.0,0.0,0.0,1.0,0.0,0.0,0.0,1.0,0.007842017337679863,0.048728495836257886,-0.40350741147994995,1.2184696791468346e-07,0.0,0.0,0.0,1.2184696791468346e-07,0.0,0.0,0.0,1.2184696791468346e-07,1.6280885934829712,2.2522134780883802,9.610722541809082,8.999999999999999e-08,0.0,0.0,0.0,8.999999999999999e-08,0.0,0.0,0.0,8.999999999999999e-08
1759811070824552288,170652,1759811070818563776,base_link,-0.04761361744956583,0.007086469692767558,0.007583693186807795,-0.9988119053730553,1.0,0.0,0.0,0.0,1.0,0.0,0.0,0.0,1.0,-0.032103851437568665,0.04881494119763372,-0.1449417769908905,1.2184696791468346e-07,0.0,0.0,0.0,1.2184696791468346e-07,0.0,0.0,0.0,1.2184696791468346e-07,1.4676507711410522,2.2187359333038343,10.349028587341309,8.999999999999999e-08,0.0,0.0,0.0,8.999999999999999e-08,0.0,0.0,0.0,8.999999999999999e-08
1759811070831938944,170653,1759811070823563776,base_link,-0.047528043542020525,0.00703381247390926,0.0071473047173260225,-0.9988195760994844,1.0,0.0,0.0,0.0,1.0,0.0,0.0,0.0,1.0,-0.054862767457962036,0.050243955105543164,0.23145504295825958,1.2184696791468346e-07,0.0,0.0,0.0,1.2184696791468346e-07,0.0,0.0,0.0,1.2184696791468346e-07,-0.14751581847667694,1.6685996055603038,8.71982192993164,8.999999999999999e-08,0.0,0.0,0.0,8.999999999999999e-08,0.0,0.0,0.0,8.999999999999999e-08
1759811070837440576,170654,1759811070828563776,base_link,-0.04741875544674276,0.007021765060680226,0.006236595614702597,-0.9988309557485823,1.0,0.0,0.0,0.0,1.0,0.0,0.0,0.0,1.0,-0.02795409969985485,0.012460887432098432,0.3575291931629181,1.2184696791468346e-07,0.0,0.0,0.0,1.2184696791468346e-07,0.0,0.0,0.0,1.2184696791468346e-07,-0.12095600366592407,1.2815455198287977,10.905384063720703,8.999999999999999e-08,0.0,0.0,0.0,8.999999999999999e-08,0.0,0.0,0.0,8.999999999999999e-08
1759811070844148160,170655,1759811070839563776,base_link,-0.04730828197135063,0.007222380108325031,0.0046064398079982555,-0.9988435998031355,1.0,0.0,0.0,0.0,1.0,0.0,0.0,0.0,1.0,-0.028736986219882965,-0.017901981249451596,0.3260820508003235,1.2184696791468346e-07,0.0,0.0,0.0,1.2184696791468346e-07,0.0,0.0,0.0,1.2184696791468346e-07,0.2443855106830597,-0.01304987538605798,10.651469230651855,8.999999999999999e-08,0.0,0.0,0.0,8.999999999999999e-08,0.0,0.0,0.0,8.999999999999999e-08
1759811070855176384,170656,1759811070848563776,base_link,-0.0472364005212153,0.007070351157390175,0.0044846354158017705,-0.9988486574249569,1.0,0.0,0.0,0.0,1.0,0.0,0.0,0.0,1.0,0.009806455112993717,-0.01547765545547009,-0.043727900832891464,1.2184696791468346e-07,0.0,0.0,0.0,1.2184696791468346e-07,0.0,0.0,0.0,1.2184696791468346e-07,0.1072661280632019,-1.264915108680724,9.159477233886719,8.999999999999999e-08,0.0,0.0,0.0,8.999999999999999e-08,0.0,0.0,0.0,8.999999999999999e-08
1759811070858825504,170657,1759811070855563776,base_link,-0.04735371759113439,0.0070279290372749405,0.006287087539218669,-0.998833737440584,1.0,0.0,0.0,0.0,1.0,0.0,0.0,0.0,1.0,-0.002562594600021839,0.007947199977934319,-0.3388155400753021,1.2184696791468346e-07,0.0,0.0,0.0,1.2184696791468346e-07,0.0,0.0,0.0,1.2184696791468346e-07,-0.5170149803161621,0.3179548084735882,9.300958633422852,8.999999999999999e-08,0.0,0.0,0.0,8.999999999999999e-08,0.0,0.0,0.0,8.999999999999999e-08
1759811070868391392,170658,1759811070864563008,base_link,-0.04766950680486931,0.006827490479558272,0.007589720186144879,-0.9988110202892366,1.0,0.0,0.0,0.0,1.0,0.0,0.0,0.0,1.0,0.01167207583785057,0.08111639320850367,-0.43432217836380005,1.2184696791468346e-07,0.0,0.0,0.0,1.2184696791468346e-07,0.0,0.0,0.0,1.2184696791468346e-07,0.21105244755744934,2.518729686737062,9.575804710388184,8.999999999999999e-08,0.0,0.0,0.0,8.999999999999999e-08,0.0,0.0,0.0,8.999999999999999e-08
1759811070876298080,170659,1759811070871563008,base_link,-0.04729138371927579,0.006393459599415053,0.008316331854472668,-0.9988261088610035,1.0,0.0,0.0,0.0,1.0,0.0,0.0,0.0,1.0,-0.07048618793487549,0.07859577983617781,-0.08580372482538225,1.2184696791468346e-07,0.0,0.0,0.0,1.2184696791468346e-07,0.0,0.0,0.0,1.2184696791468346e-07,1.2060412168502808,1.8338470458984386,9.255414009094238,8.999999999999999e-08,0.0,0.0,0.0,8.999999999999999e-08,0.0,0.0,0.0,8.999999999999999e-08
1759811070884592000,170660,1759811070876563008,base_link,-0.04728315586419306,0.006057821854209533,0.007680968113170958,-0.998833653146887,1.0,0.0,0.0,0.0,1.0,0.0,0.0,0.0,1.0,-0.06349001079797745,0.10454155504703525,0.188737690448761,1.2184696791468346e-07,0.0,0.0,0.0,1.2184696791468346e-07,0.0,0.0,0.0,1.2184696791468346e-07,0.30329281091690063,2.411795139312745,8.98243236541748,8.999999999999999e-08,0.0,0.0,0.0,8.999999999999999e-08,0.0,0.0,0.0,8.999999999999999e-08
1759811070887887840,170661,1759811070881563008,base_link,-0.047135267841124394,0.006083605188786074,0.006428490215972716,-0.9988493739213815,1.0,0.0,0.0,0.0,1.0,0.0,0.0,0.0,1.0,-0.03748072311282158,0.057875134050846155,0.4266335070133209,1.2184696791468346e-07,0.0,0.0,0.0,1.2184696791468346e-07,0.0,0.0,0.0,1.2184696791468346e-07,-0.19171227514743805,1.2717365026474012,10.62452220916748,8.999999999999999e-08,0.0,0.0,0.0,8.999999999999999e-08,0.0,0.0,0.0,8.999999999999999e-08
1759811070905266912,170662,1759811070892563008,base_link,-0.04702137651973583,0.00603695916419664,0.0049271351783176116,-0.9988635352624812,1.0,0.0,0.0,0.0,1.0,0.0,0.0,0.0,1.0,0.007584779057651758,0.011680980212986495,0.2076437771320343,1.2184696791468346e-07,0.0,0.0,0.0,1.2184696791468346e-07,0.0,0.0,0.0,1.2184696791468346e-07,-0.3227543830871582,-0.2760256230831135,9.08937931060791,8.999999999999999e-08,0.0,0.0,0.0,8.999999999999999e-08,0.0,0.0,0.0,8.999999999999999e-08
1759811070905282848,170663,1759811070897563008,base_link,-0.0469480765647303,0.005943057302803385,0.004915839822916687,-0.9988675813599383,1.0,0.0,0.0,0.0,1.0,0.0,0.0,0.0,1.0,0.03626919165253639,-0.008109910413622858,-0.013935528695583342,1.2184696791468346e-07,0.0,0.0,0.0,1.2184696791468346e-07,0.0,0.0,0.0,1.2184696791468346e-07,-0.27397578954696655,-0.3391210138797747,10.627373695373535,8.999999999999999e-08,0.0,0.0,0.0,8.999999999999999e-08,0.0,0.0,0.0,8.999999999999999e-08
1759811070910436128,170664,1759811070906563008,base_link,-0.04705477262882465,0.005953634844690604,0.005682364556784322,-0.9988584354938114,1.0,0.0,0.0,0.0,1.0,0.0,0.0,0.0,1.0,-0.017189139500260353,0.01543447561562057,-0.34836211800575256,1.2184696791468346e-07,0.0,0.0,0.0,1.2184696791468346e-07,0.0,0.0,0.0,1.2184696791468346e-07,-0.4248855710029602,-0.8143466114997852,9.53762435913086,8.999999999999999e-08,0.0,0.0,0.0,8.999999999999999e-08,0.0,0.0,0.0,8.999999999999999e-08
1759811070915841888,170665,1759811070908563008,base_link,-0.04709650722847355,0.005827975332944392,0.006917730833487159,-0.9988494582150785,1.0,0.0,0.0,0.0,1.0,0.0,0.0,0.0,1.0,0.0017110187327489257,0.0578658021986484,-0.45011550188064575,1.2184696791468346e-07,0.0,0.0,0.0,1.2184696791468346e-07,0.0,0.0,0.0,1.2184696791468346e-07,-0.3914400339126587,1.2058557271957409,9.559393882751465,8.999999999999999e-08,0.0,0.0,0.0,8.999999999999999e-08,0.0,0.0,0.0,8.999999999999999e-08
1759811070922810816,170666,1759811070918563008,base_link,-0.04696656190906938,0.005392515411218848,0.00846388797110931,-0.9988461286140462,1.0,0.0,0.0,0.0,1.0,0.0,0.0,0.0,1.0,-0.01987823285162449,0.06228050589561459,-0.3080759644508362,1.2184696791468346e-07,0.0,0.0,0.0,1.2184696791468346e-07,0.0,0.0,0.0,1.2184696791468346e-07,0.6795297265052795,2.242529630661012,10.1729154586792,8.999999999999999e-08,0.0,0.0,0.0,8.999999999999999e-08,0.0,0.0,0.0,8.999999999999999e-08
1759811070937111200,170667,1759811070929563008,base_link,-0.04650590739155744,0.0050557778966849945,0.007267718263521611,-0.9988787924216421,1.0,0.0,0.0,0.0,1.0,0.0,0.0,0.0,1.0,-0.06953365355730057,0.06066898256540301,0.2263600081205368,1.2184696791468346e-07,0.0,0.0,0.0,1.2184696791468346e-07,0.0,0.0,0.0,1.2184696791468346e-07,-0.12805293500423431,1.5387814044952404,9.84628677368164,8.999999999999999e-08,0.0,0.0,0.0,8.999999999999999e-08,0.0,0.0,0.0,8.999999999999999e-08
1759811070946455552,170668,1759811070939563008,base_link,-0.046201546559214046,0.0052293623264551455,0.004964055817613188,-0.9989061035794772,1.0,0.0,0.0,0.0,1.0,0.0,0.0,0.0,1.0,-0.04329603165388107,-0.024284172803163476,0.4335523247718811,1.2184696791468346e-07,0.0,0.0,0.0,1.2184696791468346e-07,0.0,0.0,0.0,1.2184696791468346e-07,-0.42363831400871277,0.053140066564084265,9.527234077453613,8.999999999999999e-08,0.0,0.0,0.0,8.999999999999999e-08,0.0,0.0,0.0,8.999999999999999e-08
1759811070950739168,170669,1759811070945563008,base_link,-0.0461812568029231,0.0053438239473876225,0.004235969009587495,-0.9989098546489947,1.0,0.0,0.0,0.0,1.0,0.0,0.0,0.0,1.0,-0.007019864395260811,-0.05601749569177624,0.29300108551979065,1.2184696791468346e-07,0.0,0.0,0.0,1.2184696791468346e-07,0.0,0.0,0.0,1.2184696791468346e-07,-0.3550322651863098,-0.15055996179580566,10.047527313232422,8.999999999999999e-08,0.0,0.0,0.0,8.999999999999999e-08,0.0,0.0,0.0,8.999999999999999e-08
1759811070959844384,170670,1759811070956563008,base_link,-0.0461504856522431,0.005634135391197708,0.004409108263270212,-0.9989089274183275,1.0,0.0,0.0,0.0,1.0,0.0,0.0,0.0,1.0,-0.016396142542362213,-0.053034443408250816,-0.046124193817377084,1.2184696791468346e-07,0.0,0.0,0.0,1.2184696791468346e-07,0.0,0.0,0.0,1.2184696791468346e-07,-0.18761004507541656,-0.12819783389568207,10.066385269165039,8.999999999999999e-08,0.0,0.0,0.0,8.999999999999999e-08,0.0,0.0,0.0,8.999999999999999e-08
1759811070966851616,170671,1759811070961562240,base_link,-0.0462681833608878,0.005593118605062513,0.005109420298127247,-0.9989004137549282,1.0,0.0,0.0,0.0,1.0,0.0,0.0,0.0,1.0,-0.024227889254689217,-0.01355131901800636,-0.2842237055301666,1.2184696791468346e-07,0.0,0.0,0.0,1.2184696791468346e-07,0.0,0.0,0.0,1.2184696791468346e-07,-0.3575684130191803,0.8505346775054943,9.045609474182129,8.999999999999999e-08,0.0,0.0,0.0,8.999999999999999e-08,0.0,0.0,0.0,8.999999999999999e-08
1759811070972039968,170672,1759811070966562240,base_link,-0.04621081096335235,0.005487071865853041,0.005952146534102571,-0.9988989386152304,1.0,0.0,0.0,0.0,1.0,0.0,0.0,0.0,1.0,-0.0042357794009149075,0.025465875864028896,-0.29272904992103577,1.2184696791468346e-07,0.0,0.0,0.0,1.2184696791468346e-07,0.0,0.0,0.0,1.2184696791468346e-07,-0.5488513112068176,2.101397752761842,9.765344619750977,8.999999999999999e-08,0.0,0.0,0.0,8.999999999999999e-08,0.0,0.0,0.0,8.999999999999999e-08
1759811070980071616,170673,1759811070975562240,base_link,-0.04601541290529978,0.005382531876477829,0.006283336469701176,-0.9989065250479623,1.0,0.0,0.0,0.0,1.0,0.0,0.0,0.0,1.0,-0.05680343136191368,0.03184184432029723,-0.09264226257801056,1.2184696791468346e-07,0.0,0.0,0.0,1.2184696791468346e-07,0.0,0.0,0.0,1.2184696791468346e-07,0.9002712965011597,1.8585190773010267,10.571117401123047,8.999999999999999e-08,0.0,0.0,0.0,8.999999999999999e-08,0.0,0.0,0.0,8.999999999999999e-08
1759811070986871296,170674,1759811070982562240,base_link,-0.045598969114786746,0.005575117949481313,0.004932277093835968,-0.9989321503318569,1.0,0.0,0.0,0.0,1.0,0.0,0.0,0.0,1.0,-0.07100185006856918,-0.027981601655483204,0.3341692388057709,1.2184696791468346e-07,0.0,0.0,0.0,1.2184696791468346e-07,0.0,0.0,0.0,1.2184696791468346e-07,-0.02075144089758396,2.3283064365386976,10.018094062805176,8.999999999999999e-08,0.0,0.0,0.0,8.999999999999999e-08,0.0,0.0,0.0,8.999999999999999e-08
1759811070994237248,170675,1759811070987562240,base_link,-0.045404807803320166,0.0056991732468060835,0.003382368886696344,-0.9989467331414417,1.0,0.0,0.0,0.0,1.0,0.0,0.0,0.0,1.0,-0.06659189611673355,-0.08690775930881493,0.5578142404556274,1.2184696791468346e-07,0.0,0.0,0.0,1.2184696791468346e-07,0.0,0.0,0.0,1.2184696791468346e-07,-0.289968341588974,0.8511229157447827,10.381650924682617,8.999999999999999e-08,0.0,0.0,0.0,8.999999999999999e-08,0.0,0.0,0.0,8.999999999999999e-08
1759811071004097888,170676,1759811070998562240,base_link,-0.04524808079586536,0.0065573976692322716,0.001568789995272559,-0.9989530551687184,1.0,0.0,0.0,0.0,1.0,0.0,0.0,0.0,1.0,0.00016909220721572638,-0.16052220761775968,0.23455785214900973,1.2184696791468346e-07,0.0,0.0,0.0,1.2184696791468346e-07,0.0,0.0,0.0,1.2184696791468346e-07,-0.48680368065834045,-0.9730339050292957,10.325261116027832,8.999999999999999e-08,0.0,0.0,0.0,8.999999999999999e-08,0.0,0.0,0.0,8.999999999999999e-08
1759811071012183776,170677,1759811071003562240,base_link,-0.04536542025629772,0.006792242543313006,0.0015561459407193237,-0.9989461430855626,1.0,0.0,0.0,0.0,1.0,0.0,0.0,0.0,1.0,-0.007614029571413994,-0.13841776549816132,-0.10526948422193526,1.2184696791468346e-07,0.0,0.0,0.0,1.2184696791468346e-07,0.0,0.0,0.0,1.2184696791468346e-07,-0.13779057562351227,-0.5694106221199025,9.477826118469238,8.999999999999999e-08,0.0,0.0,0.0,8.999999999999999e-08,0.0,0.0,0.0,8.999999999999999e-08
1759811071017604096,170678,1759811071008562240,base_link,-0.04533572648443278,0.0072463498113265875,0.0024886871108713376,-0.9989424341628936,1.0,0.0,0.0,0.0,1.0,0.0,0.0,0.0,1.0,-0.013507639989256859,-0.05795278400182729,-0.37733253836631775,1.2184696791468346e-07,0.0,0.0,0.0,1.2184696791468346e-07,0.0,0.0,0.0,1.2184696791468346e-07,-0.08653533458709717,-0.24271339178085205,9.998249053955078,8.999999999999999e-08,0.0,0.0,0.0,8.999999999999999e-08,0.0,0.0,0.0,8.999999999999999e-08
1759811071023970112,170679,1759811071019562240,base_link,-0.04559076628439532,0.007117629384707267,0.004297587702110437,-0.9989256175703377,1.0,0.0,0.0,0.0,1.0,0.0,0.0,0.0,1.0,0.049092937260866165,-0.014706451445817992,-0.36619189381599426,1.2184696791468346e-07,0.0,0.0,0.0,1.2184696791468346e-07,0.0,0.0,0.0,1.2184696791468346e-07,0.6507005095481873,1.7352942228317274,9.993106842041016,8.999999999999999e-08,0.0,0.0,0.0,8.999999999999999e-08,0.0,0.0,0.0,8.999999999999999e-08
1759811071033667456,170680,1759811071028562240,base_link,-0.04532396619660922,0.007075951419886059,0.00461394194703319,-0.9989366600446477,1.0,0.0,0.0,0.0,1.0,0.0,0.0,0.0,1.0,-0.03605861961841583,0.006701401434838768,-0.026133356615900993,1.2184696791468346e-07,0.0,0.0,0.0,1.2184696791468346e-07,0.0,0.0,0.0,1.2184696791468346e-07,0.9187774658203125,2.214136838912965,10.428397178649902,8.999999999999999e-08,0.0,0.0,0.0,8.999999999999999e-08,0.0,0.0,0.0,8.999999999999999e-08
1759811071040617952,170681,1759811071035562240,base_link,-0.045089849672754326,0.0072631005494316345,0.003416086365505066,-0.9989506949452017,1.0,0.0,0.0,0.0,1.0,0.0,0.0,0.0,1.0,-0.04338564723730087,-0.024239135906100245,0.2272036224603653,1.2184696791468346e-07,0.0,0.0,0.0,1.2184696791468346e-07,0.0,0.0,0.0,1.2184696791468346e-07,0.23371925950050354,1.5862851142883312,9.228439331054688,8.999999999999999e-08,0.0,0.0,0.0,8.999999999999999e-08,0.0,0.0,0.0,8.999999999999999e-08
1759811071056146624,170682,1759811071044562240,base_link,-0.04499621518043131,0.007706727740145176,0.0020557546829674525,-0.998955331098538,1.0,0.0,0.0,0.0,1.0,0.0,0.0,0.0,1.0,-0.02003093622624874,-0.0993215069174766,0.44671985507011414,1.2184696791468346e-07,0.0,0.0,0.0,1.2184696791468346e-07,0.0,0.0,0.0,1.2184696791468346e-07,0.3852306604385376,1.2772794961929335,10.74485969543457,8.999999999999999e-08,0.0,0.0,0.0,8.999999999999999e-08,0.0,0.0,0.0,8.999999999999999e-08
1759811071060989568,170683,1759811071051562240,base_link,-0.04495101136831436,0.008300367418510136,0.0007886096824874265,-0.9989544460147193,1.0,0.0,0.0,0.0,1.0,0.0,0.0,0.0,1.0,0.0236929003149271,-0.11218803375959394,0.211650088429451,1.2184696791468346e-07,0.0,0.0,0.0,1.2184696791468346e-07,0.0,0.0,0.0,1.2184696791468346e-07,-0.3208983838558197,-0.20495387911796456,9.201892852783203,8.999999999999999e-08,0.0,0.0,0.0,8.999999999999999e-08,0.0,0.0,0.0,8.999999999999999e-08
1759811071060995168,170684,1759811071056562240,base_link,-0.044962953414422115,0.008481631794332378,0.0008958312650991279,-0.9989523386722936,1.0,0.0,0.0,0.0,1.0,0.0,0.0,0.0,1.0,0.019892826676368713,-0.09067638218402861,0.05733709037303926,1.2184696791468346e-07,0.0,0.0,0.0,1.2184696791468346e-07,0.0,0.0,0.0,1.2184696791468346e-07,-0.35213595628738403,-0.7200761437416064,10.048309326171875,8.999999999999999e-08,0.0,0.0,0.0,8.999999999999999e-08,0.0,0.0,0.0,8.999999999999999e-08
1759811071069081088,170685,1759811071065560960,base_link,-0.045128918484234906,0.008600495126756213,0.0017916625301981986,-0.9989426027502877,1.0,0.0,0.0,0.0,1.0,0.0,0.0,0.0,1.0,0.02663535624742508,-0.03709683194756512,-0.34805476665496826,1.2184696791468346e-07,0.0,0.0,0.0,1.2184696791468346e-07,0.0,0.0,0.0,1.2184696791468346e-07,-0.13186880946159363,-0.39800551533698925,9.255791664123535,8.999999999999999e-08,0.0,0.0,0.0,8.999999999999999e-08,0.0,0.0,0.0,8.999999999999999e-08
1759811071075868384,170686,1759811071072560960,base_link,-0.04532406366119641,0.008311399356107864,0.0035565618115918946,-0.9989315181291293,1.0,0.0,0.0,0.0,1.0,0.0,0.0,0.0,1.0,0.04791896417737007,0.044009573757648426,-0.3567417860031128,1.2184696791468346e-07,0.0,0.0,0.0,1.2184696791468346e-07,0.0,0.0,0.0,1.2184696791468346e-07,1.3248995542526245,2.0615727901458754,9.900976181030273,8.999999999999999e-08,0.0,0.0,0.0,8.999999999999999e-08,0.0,0.0,0.0,8.999999999999999e-08
1759811071090048960,170687,1759811071082560960,base_link,-0.045199385380767086,0.008198037504503717,0.0034229984486608724,-0.9989384723591336,1.0,0.0,0.0,0.0,1.0,0.0,0.0,0.0,1.0,-0.03921405225992203,0.04774995893239975,0.018406374379992478,1.2184696791468346e-07,0.0,0.0,0.0,1.2184696791468346e-07,0.0,0.0,0.0,1.2184696791468346e-07,0.3828100562095642,2.5167763233184828,9.75560188293457,8.999999999999999e-08,0.0,0.0,0.0,8.999999999999999e-08,0.0,0.0,0.0,8.999999999999999e-08
1759811071093960192,170688,1759811071088560960,base_link,-0.04524190233129147,0.008350328556152755,0.002416194531432608,-0.9989383037717395,1.0,0.0,0.0,0.0,1.0,0.0,0.0,0.0,1.0,-0.020688563585281372,-0.00794492382556196,0.32157042622566223,1.2184696791468346e-07,0.0,0.0,0.0,1.2184696791468346e-07,0.0,0.0,0.0,1.2184696791468346e-07,-0.11980241537094116,1.614388465881349,10.156864166259766,8.999999999999999e-08,0.0,0.0,0.0,8.999999999999999e-08,0.0,0.0,0.0,8.999999999999999e-08
1759811071104691488,170689,1759811071098560960,base_link,-0.0453004693285644,0.008725025893215744,0.00024057421130023994,-0.9989352691986467,1.0,0.0,0.0,0.0,1.0,0.0,0.0,0.0,1.0,0.010494534857571125,-0.0635498166084289,0.43446436524391174,1.2184696791468346e-07,0.0,0.0,0.0,1.2184696791468346e-07,0.0,0.0,0.0,1.2184696791468346e-07,-0.11101807653903961,-0.39715537428855785,8.95940113067627,8.999999999999999e-08,0.0,0.0,0.0,8.999999999999999e-08,0.0,0.0,0.0,8.999999999999999e-08
1759811071109986592,170690,1759811071103560960,base_link,-0.04545885059982326,0.008839187217852583,-0.00012892720959474966,-0.9989271348568841,1.0,0.0,0.0,0.0,1.0,0.0,0.0,0.0,1.0,0.03295324742794037,-0.0559074208140373,0.15530070662498474,1.2184696791468346e-07,0.0,0.0,0.0,1.2184696791468346e-07,0.0,0.0,0.0,1.2184696791468346e-07,0.047051142901182175,-0.9308456182479846,10.395164489746094,8.999999999999999e-08,0.0,0.0,0.0,8.999999999999999e-08,0.0,0.0,0.0,8.999999999999999e-08
1759811071116780896,170691,1759811071109560960,base_link,-0.04571597403460905,0.008991135826357468,0.00014865193469797876,-0.9989140693338457,1.0,0.0,0.0,0.0,1.0,0.0,0.0,0.0,1.0,0.07784157246351242,-0.033641092479228994,-0.18587720394134521,1.2184696791468346e-07,0.0,0.0,0.0,1.2184696791468346e-07,0.0,0.0,0.0,1.2184696791468346e-07,-0.4388394057750702,-0.58094823360443,9.518510818481445,8.999999999999999e-08,0.0,0.0,0.0,8.999999999999999e-08,0.0,0.0,0.0,8.999999999999999e-08
1759811071120646368,170692,1759811071114560960,base_link,-0.04578630263679456,0.008997061409840294,0.0011104008708681028,-0.9989101496769343,1.0,0.0,0.0,0.0,1.0,0.0,0.0,0.0,1.0,0.08091513812541962,-0.012186196632683319,-0.3403429687023163,1.2184696791468346e-07,0.0,0.0,0.0,1.2184696791468346e-07,0.0,0.0,0.0,1.2184696791468346e-07,-0.12221741676330566,-0.15582849085330844,9.82435131072998,8.999999999999999e-08,0.0,0.0,0.0,8.999999999999999e-08,0.0,0.0,0.0,8.999999999999999e-08
1759811071129818112,170693,1759811071125560960,base_link,-0.04631890314180361,0.008544803334805132,0.0030301898205393318,-0.9988856202111009,1.0,0.0,0.0,0.0,1.0,0.0,0.0,0.0,1.0,0.06958462297916412,0.073139376938343,-0.3347983956336975,1.2184696791468346e-07,0.0,0.0,0.0,1.2184696791468346e-07,0.0,0.0,0.0,1.2184696791468346e-07,0.8157059550285339,3.019206523895265,9.874887466430664,8.999999999999999e-08,0.0,0.0,0.0,8.999999999999999e-08,0.0,0.0,0.0,8.999999999999999e-08
1759811071136171872,170694,1759811071130560960,base_link,-0.04638204965758506,0.008397858347471898,0.0029346850618136083,-0.9988841872182516,1.0,0.0,0.0,0.0,1.0,0.0,0.0,0.0,1.0,0.02605694718658924,0.06890538334846495,-0.07075393199920656,1.2184696791468346e-07,0.0,0.0,0.0,1.2184696791468346e-07,0.0,0.0,0.0,1.2184696791468346e-07,1.3598333597183228,2.0467433929443373,10.015050888061523,8.999999999999999e-08,0.0,0.0,0.0,8.999999999999999e-08,0.0,0.0,0.0,8.999999999999999e-08
1759811071140977728,170695,1759811071135560960,base_link,-0.04636440593312719,0.008178115216048226,0.0022598718703057256,-0.9988886126373452,1.0,0.0,0.0,0.0,1.0,0.0,0.0,0.0,1.0,0.008448035456240177,0.0740807726979256,0.2730747163295746,1.2184696791468346e-07,0.0,0.0,0.0,1.2184696791468346e-07,0.0,0.0,0.0,1.2184696791468346e-07,0.7847588062286377,2.294364452362062,9.409661293029785,8.999999999999999e-08,0.0,0.0,0.0,8.999999999999999e-08,0.0,0.0,0.0,8.999999999999999e-08
1759811071149199520,170696,1759811071140560960,base_link,-0.04634003451797576,0.008346649926531162,0.0009523923358007706,-0.9988904670986797,1.0,0.0,0.0,0.0,1.0,0.0,0.0,0.0,1.0,0.017738675698637962,0.007711169775575458,0.4807418882846832,1.2184696791468346e-07,0.0,0.0,0.0,1.2184696791468346e-07,0.0,0.0,0.0,1.2184696791468346e-07,-0.126356303691864,1.1178987026214613,11.070137023925781,8.999999999999999e-08,0.0,0.0,0.0,8.999999999999999e-08,0.0,0.0,0.0,8.999999999999999e-08
1759811071160748480,170697,1759811071151560960,base_link,-0.04669181450616096,0.008565701586221454,-0.0008449600189463266,-0.9988723018069715,1.0,0.0,0.0,0.0,1.0,0.0,0.0,0.0,1.0,0.0772373303771019,-0.04556522890925403,0.3170284032821655,1.2184696791468346e-07,0.0,0.0,0.0,1.2184696791468346e-07,0.0,0.0,0.0,1.2184696791468346e-07,-0.3529895842075348,0.22720232605934257,9.254915237426758,8.999999999999999e-08,0.0,0.0,0.0,8.999999999999999e-08,0.0,0.0,0.0,8.999999999999999e-08
1759811071163245056,170698,1759811071157560960,base_link,-0.046817632068589084,0.008533360465434422,-0.0009058622150445641,-0.9988666119824224,1.0,0.0,0.0,0.0,1.0,0.0,0.0,0.0,1.0,0.07046929746866226,-0.030579175800085057,0.08116612583398819,1.2184696791468346e-07,0.0,0.0,0.0,1.2184696791468346e-07,0.0,0.0,0.0,1.2184696791468346e-07,0.06997568905353546,-1.048370003700255,10.508244514465332,8.999999999999999e-08,0.0,0.0,0.0,8.999999999999999e-08,0.0,0.0,0.0,8.999999999999999e-08
1759811071171419232,170699,1759811071167559936,base_link,-0.04721648086693784,0.008567633755807876,0.000942234945309608,-0.998847519460047,1.0,0.0,0.0,0.0,1.0,0.0,0.0,0.0,1.0,0.05964597687125206,-0.007872390560805843,-0.3663814961910248,1.2184696791468346e-07,0.0,0.0,0.0,1.2184696791468346e-07,0.0,0.0,0.0,1.2184696791468346e-07,-0.3718095123767853,0.7914151549339306,9.347827911376953,8.999999999999999e-08,0.0,0.0,0.0,8.999999999999999e-08,0.0,0.0,0.0,8.999999999999999e-08
1759811071176741888,170700,1759811071172559936,base_link,-0.04766359175809861,0.008327116179335379,0.0019071448951180159,-0.9988269517979738,1.0,0.0,0.0,0.0,1.0,0.0,0.0,0.0,1.0,0.11958955228328705,0.03773339092731471,-0.42291319370269775,1.2184696791468346e-07,0.0,0.0,0.0,1.2184696791468346e-07,0.0,0.0,0.0,1.2184696791468346e-07,0.3654056787490845,1.9241178035736095,9.428462028503418,8.999999999999999e-08,0.0,0.0,0.0,8.999999999999999e-08,0.0,0.0,0.0,8.999999999999999e-08
1759811071182859520,170701,1759811071177559936,base_link,-0.047850673716104374,0.008071440225378137,0.002468077301949528,-0.9988189017499082,1.0,0.0,0.0,0.0,1.0,0.0,0.0,0.0,1.0,0.07524924725294113,0.07369785755872724,-0.26805171370506287,1.2184696791468346e-07,0.0,0.0,0.0,1.2184696791468346e-07,0.0,0.0,0.0,1.2184696791468346e-07,1.042493224143982,2.515316724777223,10.571759223937988,8.999999999999999e-08,0.0,0.0,0.0,8.999999999999999e-08,0.0,0.0,0.0,8.999999999999999e-08
1759811071189918848,170702,1759811071183559936,base_link,-0.04767329606996824,0.008009787288540793,0.0022785429241960298,-0.9988283004971261,1.0,0.0,0.0,0.0,1.0,0.0,0.0,0.0,1.0,0.018602877855300903,0.05646543204784394,0.03283943608403205,1.2184696791468346e-07,0.0,0.0,0.0,1.2184696791468346e-07,0.0,0.0,0.0,1.2184696791468346e-07,0.7376956343650818,2.0932710170745863,9.452462196350098,8.999999999999999e-08,0.0,0.0,0.0,8.999999999999999e-08,0.0,0.0,0.0,8.999999999999999e-08
1759811071197329184,170703,1759811071193559936,base_link,-0.047895657574355655,0.008056954880380548,0.0006443410200346542,-0.9988197025400298,1.0,0.0,0.0,0.0,1.0,0.0,0.0,0.0,1.0,0.018795834854245186,0.0021076153498143365,0.33332473039627075,1.2184696791468346e-07,0.0,0.0,0.0,1.2184696791468346e-07,0.0,0.0,0.0,1.2184696791468346e-07,0.30226781964302063,1.9164173603057872,9.80437183380127,8.999999999999999e-08,0.0,0.0,0.0,8.999999999999999e-08,0.0,0.0,0.0,8.999999999999999e-08
1759811071206249024,170704,1759811071199559936,base_link,-0.04790464407271159,0.008283853756427961,-0.0002918669259378544,-0.9988175530507558,1.0,0.0,0.0,0.0,1.0,0.0,0.0,0.0,1.0,0.019817490130662918,-0.05298638716340061,0.36678871512413025,1.2184696791468346e-07,0.0,0.0,0.0,1.2184696791468346e-07,0.0,0.0,0.0,1.2184696791468346e-07,-0.42177507281303406,0.5908613801002515,10.325679779052734,8.999999999999999e-08,0.0,0.0,0.0,8.999999999999999e-08,0.0,0.0,0.0,8.999999999999999e-08
1759811071213466880,170705,1759811071204559936,base_link,-0.04804873361105821,0.008288468836339904,-0.000690997581336012,-0.998810388086509,1.0,0.0,0.0,0.0,1.0,0.0,0.0,0.0,1.0,0.06361506134271622,-0.029173601418733573,0.18842995166778564,1.2184696791468346e-07,0.0,0.0,0.0,1.2184696791468346e-07,0.0,0.0,0.0,1.2184696791468346e-07,-0.053063198924064636,-0.14273242652416118,8.952668190002441,8.999999999999999e-08,0.0,0.0,0.0,8.999999999999999e-08,0.0,0.0,0.0,8.999999999999999e-08
1759811071221677248,170706,1759811071214559936,base_link,-0.048457209013024645,0.00838645103950462,-2.4698053227300832e-05,-0.9987900311586781,1.0,0.0,0.0,0.0,1.0,0.0,0.0,0.0,1.0,0.06877415627241135,-0.01093071792274716,-0.19543102383613586,1.2184696791468346e-07,0.0,0.0,0.0,1.2184696791468346e-07,0.0,0.0,0.0,1.2184696791468346e-07,-0.6159564852714539,-0.0007552418392140212,9.294153213500977,8.999999999999999e-08,0.0,0.0,0.0,8.999999999999999e-08,0.0,0.0,0.0,8.999999999999999e-08
1759811071228089152,170707,1759811071224559936,base_link,-0.04869837064602595,0.008370142843308937,0.0011655289487203695,-0.99877780857261,1.0,0.0,0.0,0.0,1.0,0.0,0.0,0.0,1.0,0.09875833243131638,0.03946620225906367,-0.4171118140220642,1.2184696791468346e-07,0.0,0.0,0.0,1.2184696791468346e-07,0.0,0.0,0.0,1.2184696791468346e-07,-0.2498934417963028,0.979502558708192,9.183306694030762,8.999999999999999e-08,0.0,0.0,0.0,8.999999999999999e-08,0.0,0.0,0.0,8.999999999999999e-08
1759811071236334336,170708,1759811071230559936,base_link,-0.048907937947712275,0.007962764576492797,0.0028666179014685393,-0.9987674825947248,1.0,0.0,0.0,0.0,1.0,0.0,0.0,0.0,1.0,0.02918415330350399,0.06264895945787426,-0.30876654386520386,1.2184696791468346e-07,0.0,0.0,0.0,1.2184696791468346e-07,0.0,0.0,0.0,1.2184696791468346e-07,0.611739993095398,1.9175664186477672,8.935647964477539,8.999999999999999e-08,0.0,0.0,0.0,8.999999999999999e-08,0.0,0.0,0.0,8.999999999999999e-08
1759811071240757312,170709,1759811071236559936,base_link,-0.04895035743364947,0.007983502143049171,0.0029947021740931623,-0.9987648273432687,1.0,0.0,0.0,0.0,1.0,0.0,0.0,0.0,1.0,0.005259618163108826,0.038966864347457865,-0.1678859293460846,1.2184696791468346e-07,0.0,0.0,0.0,1.2184696791468346e-07,0.0,0.0,0.0,1.2184696791468346e-07,0.7932427525520325,2.1280949115753187,10.589838027954102,8.999999999999999e-08,0.0,0.0,0.0,8.999999999999999e-08,0.0,0.0,0.0,8.999999999999999e-08
1759811071246819264,170710,1759811071242559936,base_link,-0.048988774286067155,0.007914950293946201,0.0023983242676639907,-0.9987650802243597,1.0,0.0,0.0,0.0,1.0,0.0,0.0,0.0,1.0,-0.001677773892879486,0.01621865667402746,0.15427649021148682,1.2184696791468346e-07,0.0,0.0,0.0,1.2184696791468346e-07,0.0,0.0,0.0,1.2184696791468346e-07,0.08772125840187073,2.5216369628906263,9.241903305053711,8.999999999999999e-08,0.0,0.0,0.0,8.999999999999999e-08,0.0,0.0,0.0,8.999999999999999e-08
1759811071254289760,170711,1759811071246559936,base_link,-0.049033119356145696,0.008236076352373816,0.0014425601839824643,-0.9987621720918125,1.0,0.0,0.0,0.0,1.0,0.0,0.0,0.0,1.0,0.030502310022711754,-0.04473489522933955,0.39812490344047546,1.2184696791468346e-07,0.0,0.0,0.0,1.2184696791468346e-07,0.0,0.0,0.0,1.2184696791468346e-07,-0.006194334477186203,1.4378852844238295,10.849175453186035,8.999999999999999e-08,0.0,0.0,0.0,8.999999999999999e-08,0.0,0.0,0.0,8.999999999999999e-08
1759811071262791488,170712,1759811071252559936,base_link,-0.04905906996102726,0.00832126171865941,0.0003810918042355801,-0.9987611184205997,1.0,0.0,0.0,0.0,1.0,0.0,0.0,0.0,1.0,0.03200015053153038,-0.08432380110025402,0.3340497612953186,1.2184696791468346e-07,0.0,0.0,0.0,1.2184696791468346e-07,0.0,0.0,0.0,1.2184696791468346e-07,-0.1653076410293579,0.1641662418842327,9.337020874023438,8.999999999999999e-08,0.0,0.0,0.0,8.999999999999999e-08,0.0,0.0,0.0,8.999999999999999e-08
1759811071268380320,170713,1759811071257557376,base_link,-0.0493099108812069,0.008680264623008159,3.165228323177245e-05,-0.9987458191145903,1.0,0.0,0.0,0.0,1.0,0.0,0.0,0.0,1.0,0.04943288862705231,-0.05483729392290114,0.1268429160118103,1.2184696791468346e-07,0.0,0.0,0.0,1.2184696791468346e-07,0.0,0.0,0.0,1.2184696791468346e-07,-0.644016683101654,-0.13479062914848214,9.355645179748535,8.999999999999999e-08,0.0,0.0,0.0,8.999999999999999e-08,0.0,0.0,0.0,8.999999999999999e-08
1759811071270049248,170714,1759811071266557376,base_link,-0.04934824607410559,0.00872456359497114,0.00016669078586066326,-0.9987435431847707,1.0,0.0,0.0,0.0,1.0,0.0,0.0,0.0,1.0,0.06705477833747864,-0.10000447183847429,-0.12379167973995207,1.2184696791468346e-07,0.0,0.0,0.0,1.2184696791468346e-07,0.0,0.0,0.0,1.2184696791468346e-07,-0.025628898292779922,-0.2885640859603869,10.56342887878418,8.999999999999999e-08,0.0,0.0,0.0,8.999999999999999e-08,0.0,0.0,0.0,8.999999999999999e-08
1759811071276627200,170715,1759811071273557376,base_link,-0.049678458729654346,0.00906771006465668,0.0022972982717833733,-0.998721458236151,1.0,0.0,0.0,0.0,1.0,0.0,0.0,0.0,1.0,0.041033484041690826,-0.07123533636331564,-0.4191973805427551,1.2184696791468346e-07,0.0,0.0,0.0,1.2184696791468346e-07,0.0,0.0,0.0,1.2184696791468346e-07,-0.6710797548294067,0.4009369015693676,9.692495346069336,8.999999999999999e-08,0.0,0.0,0.0,8.999999999999999e-08,0.0,0.0,0.0,8.999999999999999e-08
1759811071285801312,170716,1759811071278557376,base_link,-0.04978464112903246,0.008979108169463668,0.003629138684727636,-0.9987130288664487,1.0,0.0,0.0,0.0,1.0,0.0,0.0,0.0,1.0,0.039660803973674774,-0.012722736224532192,-0.5194349884986877,1.2184696791468346e-07,0.0,0.0,0.0,1.2184696791468346e-07,0.0,0.0,0.0,1.2184696791468346e-07,0.5312672853469849,1.846388578414918,9.616951942443848,8.999999999999999e-08,0.0,0.0,0.0,8.999999999999999e-08,0.0,0.0,0.0,8.999999999999999e-08
1759811071288877952,170717,1759811071283557376,base_link,-0.0499213404809105,0.008954292895313866,0.00442794790455458,-0.9987032086507458,1.0,0.0,0.0,0.0,1.0,0.0,0.0,0.0,1.0,-0.012662158347666264,-0.003247534390538967,-0.2952719032764435,1.2184696791468346e-07,0.0,0.0,0.0,1.2184696791468346e-07,0.0,0.0,0.0,1.2184696791468346e-07,1.4925121068954468,2.8473098278045668,10.338543891906738,8.999999999999999e-08,0.0,0.0,0.0,8.999999999999999e-08,0.0,0.0,0.0,8.999999999999999e-08
1759811071298052288,170718,1759811071293557376,base_link,-0.04960253513332902,0.00893273609938956,0.004340451047045998,-0.9987197302153621,1.0,0.0,0.0,0.0,1.0,0.0,0.0,0.0,1.0,-0.026974545791745186,0.005848013795912275,0.07853391021490097,1.2184696791468346e-07,0.0,0.0,0.0,1.2184696791468346e-07,0.0,0.0,0.0,1.2184696791468346e-07,1.2187176942825317,2.8775541782379164,9.090373039245605,8.999999999999999e-08,0.0,0.0,0.0,8.999999999999999e-08,0.0,0.0,0.0,8.999999999999999e-08
1759811071304218496,170719,1759811071294557376,base_link,-0.049519139691016116,0.008994051861438814,0.003558289832380824,-0.9987263894174268,1.0,0.0,0.0,0.0,1.0,0.0,0.0,0.0,1.0,-0.02039390429854393,-0.03362536430358882,0.37569159269332886,1.2184696791468346e-07,0.0,0.0,0.0,1.2184696791468346e-07,0.0,0.0,0.0,1.2184696791468346e-07,0.1963614672422409,2.076915740966798,10.194252967834473,8.999999999999999e-08,0.0,0.0,0.0,8.999999999999999e-08,0.0,0.0,0.0,8.999999999999999e-08
1759811071311803840,170720,1759811071304557376,base_link,-0.04939690461071141,0.009486942132616513,0.0016775288644306863,-0.9987327957384003,1.0,0.0,0.0,0.0,1.0,0.0,0.0,0.0,1.0,-0.010872636921703815,-0.0877841934561729,0.34448301792144775,1.2184696791468346e-07,0.0,0.0,0.0,1.2184696791468346e-07,0.0,0.0,0.0,1.2184696791468346e-07,-0.48475381731987,0.8518742918968213,9.627113342285156,8.999999999999999e-08,0.0,0.0,0.0,8.999999999999999e-08,0.0,0.0,0.0,8.999999999999999e-08
1759811071318782400,170721,1759811071315557376,base_link,-0.049491707360991594,0.009992637143207425,0.0009996810998299482,-0.9987240713407587,1.0,0.0,0.0,0.0,1.0,0.0,0.0,0.0,1.0,0.015400822274386883,-0.0946606621146202,0.13863150775432587,1.2184696791468346e-07,0.0,0.0,0.0,1.2184696791468346e-07,0.0,0.0,0.0,1.2184696791468346e-07,0.3138439357280731,0.4237429201602948,9.907025337219238,8.999999999999999e-08,0.0,0.0,0.0,8.999999999999999e-08,0.0,0.0,0.0,8.999999999999999e-08
1759811071328467616,170722,1759811071324557376,base_link,-0.04928061750440281,0.010140843901817954,0.0016737356480646935,-0.9987321213888243,1.0,0.0,0.0,0.0,1.0,0.0,0.0,0.0,1.0,0.003040855284780264,-0.07312423735857014,-0.31551820039749146,1.2184696791468346e-07,0.0,0.0,0.0,1.2184696791468346e-07,0.0,0.0,0.0,1.2184696791468346e-07,0.15381115674972534,-0.5761165618896472,10.079452514648438,8.999999999999999e-08,0.0,0.0,0.0,8.999999999999999e-08,0.0,0.0,0.0,8.999999999999999e-08
1759811071336709088,170723,1759811071331557376,base_link,-0.04926960400605131,0.010049893636909477,0.004208489264358398,-0.9987260943894872,1.0,0.0,0.0,0.0,1.0,0.0,0.0,0.0,1.0,-0.020969687029719353,0.004490518011152684,-0.4963048994541168,1.2184696791468346e-07,0.0,0.0,0.0,1.2184696791468346e-07,0.0,0.0,0.0,1.2184696791468346e-07,0.8422914147377014,2.409749746322633,10.375157356262207,8.999999999999999e-08,0.0,0.0,0.0,8.999999999999999e-08,0.0,0.0,0.0,8.999999999999999e-08
1759811071341938880,170724,1759811071336557376,base_link,-0.04889302850005155,0.009825233812189202,0.004779368327438417,-0.9987442596811954,1.0,0.0,0.0,0.0,1.0,0.0,0.0,0.0,1.0,-0.09470254182815552,0.04844587296247479,-0.30490490794181824,1.2184696791468346e-07,0.0,0.0,0.0,1.2184696791468346e-07,0.0,0.0,0.0,1.2184696791468346e-07,1.6865103244781494,3.2574605941772474,9.4379243850708,8.999999999999999e-08,0.0,0.0,0.0,8.999999999999999e-08,0.0,0.0,0.0,8.999999999999999e-08
1759811071344840256,170725,1759811071341557376,base_link,-0.04870985039388911,0.00991105269829148,0.004535717396196941,-0.9987535741347163,1.0,0.0,0.0,0.0,1.0,0.0,0.0,0.0,1.0,-0.09843555092811584,0.02106052078306674,-0.07309958338737488,1.2184696791468346e-07,0.0,0.0,0.0,1.2184696791468346e-07,0.0,0.0,0.0,1.2184696791468346e-07,1.6865103244781494,3.2574605941772474,9.4379243850708,8.999999999999999e-08,0.0,0.0,0.0,8.999999999999999e-08,0.0,0.0,0.0,8.999999999999999e-08
1759811071353946912,170726,1759811071347557376,base_link,-0.048245803055072034,0.009819462328121241,0.003421523308962994,-0.9987813910547335,1.0,0.0,0.0,0.0,1.0,0.0,0.0,0.0,1.0,-0.1067144051194191,0.011936312541365672,0.3939163088798523,1.2184696791468346e-07,0.0,0.0,0.0,1.2184696791468346e-07,0.0,0.0,0.0,1.2184696791468346e-07,0.24357271194458008,2.2392017841339125,9.791104316711426,8.999999999999999e-08,0.0,0.0,0.0,8.999999999999999e-08,0.0,0.0,0.0,8.999999999999999e-08
1759811071362929504,170727,1759811071352557376,base_link,-0.048001685874318904,0.010064058929276181,0.002200739841844914,-0.9987941615498322,1.0,0.0,0.0,0.0,1.0,0.0,0.0,0.0,1.0,-0.12495949864387512,-0.02912887372076506,0.45287707448005676,1.2184696791468346e-07,0.0,0.0,0.0,1.2184696791468346e-07,0.0,0.0,0.0,1.2184696791468346e-07,-0.582852303981781,-0.033197525888680156,10.236967086791992,8.999999999999999e-08,0.0,0.0,0.0,8.999999999999999e-08,0.0,0.0,0.0,8.999999999999999e-08
1759811071366512544,170728,1759811071357559168,base_link,-0.047780111989163036,0.010097420794050587,0.0013043606677152467,-0.9988060469611124,1.0,0.0,0.0,0.0,1.0,0.0,0.0,0.0,1.0,-0.09310433268547058,-0.07163348793983455,0.311923623085022,1.2184696791468346e-07,0.0,0.0,0.0,1.2184696791468346e-07,0.0,0.0,0.0,1.2184696791468346e-07,-0.40554940700531006,0.29971781373024103,9.458112716674805,8.999999999999999e-08,0.0,0.0,0.0,8.999999999999999e-08,0.0,0.0,0.0,8.999999999999999e-08
1759811071375083392,170729,1759811071368559168,base_link,-0.047275566797283064,0.010503879732733586,0.0008837351195765068,-0.9988262774483976,1.0,0.0,0.0,0.0,1.0,0.0,0.0,0.0,1.0,-0.06763908267021179,-0.05299849808216094,0.07324377447366714,1.2184696791468346e-07,0.0,0.0,0.0,1.2184696791468346e-07,0.0,0.0,0.0,1.2184696791468346e-07,0.30565428733825684,-1.0694466829299916,9.858463287353516,8.999999999999999e-08,0.0,0.0,0.0,8.999999999999999e-08,0.0,0.0,0.0,8.999999999999999e-08
1759811071384221184,170730,1759811071378559168,base_link,-0.04701203440734559,0.01046446584393082,0.003104536861312543,-0.9988347068180998,1.0,0.0,0.0,0.0,1.0,0.0,0.0,0.0,1.0,-0.07193128019571304,0.0011448176810517306,-0.4911072552204132,1.2184696791468346e-07,0.0,0.0,0.0,1.2184696791468346e-07,0.0,0.0,0.0,1.2184696791468346e-07,-0.3259490728378296,1.0765283107757582,10.429109573364258,8.999999999999999e-08,0.0,0.0,0.0,8.999999999999999e-08,0.0,0.0,0.0,8.999999999999999e-08
1759811071389964608,170731,1759811071384559168,base_link,-0.0469129985329681,0.010249591990599171,0.004257379608631011,-0.998837362069556,1.0,0.0,0.0,0.0,1.0,0.0,0.0,0.0,1.0,-0.07569475471973419,0.050149220973253195,-0.4738065302371979,1.2184696791468346e-07,0.0,0.0,0.0,1.2184696791468346e-07,0.0,0.0,0.0,1.2184696791468346e-07,0.9772844910621643,2.465103387832643,10.019230842590332,8.999999999999999e-08,0.0,0.0,0.0,8.999999999999999e-08,0.0,0.0,0.0,8.999999999999999e-08
1759811071404980704,170732,1759811071394559168,base_link,-0.04606755777653086,0.009907260799014515,0.004405062165813212,-0.9988795089180669,1.0,0.0,0.0,0.0,1.0,0.0,0.0,0.0,1.0,-0.16417630016803741,0.057482775300741196,0.026382414624094956,1.2184696791468346e-07,0.0,0.0,0.0,1.2184696791468346e-07,0.0,0.0,0.0,1.2184696791468346e-07,0.9281578063964844,2.301902770996095,9.258810997009277,8.999999999999999e-08,0.0,0.0,0.0,8.999999999999999e-08,0.0,0.0,0.0,8.999999999999999e-08
1759811071409928768,170733,1759811071405559168,base_link,-0.04528804127660976,0.01000475699633234,0.0025251441348332682,-0.9989207285359105,1.0,0.0,0.0,0.0,1.0,0.0,0.0,0.0,1.0,-0.15434370934963226,-0.0011771771823986907,0.37311282753944397,1.2184696791468346e-07,0.0,0.0,0.0,1.2184696791468346e-07,0.0,0.0,0.0,1.2184696791468346e-07,-0.37172865867614746,1.027985453605653,9.787969589233398,8.999999999999999e-08,0.0,0.0,0.0,8.999999999999999e-08,0.0,0.0,0.0,8.999999999999999e-08
1759811071422278208,170734,1759811071410559168,base_link,-0.045027930683935756,0.01010618470436282,0.0014807452287333089,-0.9989335411778578,1.0,0.0,0.0,0.0,1.0,0.0,0.0,0.0,1.0,-0.09307292848825455,-0.040470529347658116,0.3418211042881012,1.2184696791468346e-07,0.0,0.0,0.0,1.2184696791468346e-07,0.0,0.0,0.0,1.2184696791468346e-07,-0.07862699031829834,0.5118005871772778,9.592840194702148,8.999999999999999e-08,0.0,0.0,0.0,8.999999999999999e-08,0.0,0.0,0.0,8.999999999999999e-08
1759811071428008352,170735,1759811071421559168,base_link,-0.044471018032780994,0.010380513272964166,0.0009724542356919423,-0.9989563004760537,1.0,0.0,0.0,0.0,1.0,0.0,0.0,0.0,1.0,-0.09396551549434662,-0.05019771307706832,0.03558816015720368,1.2184696791468346e-07,0.0,0.0,0.0,1.2184696791468346e-07,0.0,0.0,0.0,1.2184696791468346e-07,-0.06742948293685913,-1.0088862180709826,10.235034942626953,8.999999999999999e-08,0.0,0.0,0.0,8.999999999999999e-08,0.0,0.0,0.0,8.999999999999999e-08
1759811071435048448,170736,1759811071431559168,base_link,-0.04443162126613544,0.010209776389646534,0.0029822688537824234,-0.9989558790075685,1.0,0.0,0.0,0.0,1.0,0.0,0.0,0.0,1.0,-0.02442816272377968,0.021219842135906167,-0.42478230595588684,1.2184696791468346e-07,0.0,0.0,0.0,1.2184696791468346e-07,0.0,0.0,0.0,1.2184696791468346e-07,-0.4427223801612854,-0.8984567523002615,8.485516548156738,8.999999999999999e-08,0.0,0.0,0.0,8.999999999999999e-08,0.0,0.0,0.0,8.999999999999999e-08
1759811071449079008,170737,1759811071442559168,base_link,-0.04387006060784333,0.009686034625358863,0.004527077292252223,-0.9989801134454623,1.0,0.0,0.0,0.0,1.0,0.0,0.0,0.0,1.0,-0.11784781515598297,0.07486384361982343,-0.19173583388328552,1.2184696791468346e-07,0.0,0.0,0.0,1.2184696791468346e-07,0.0,0.0,0.0,1.2184696791468346e-07,1.878435730934143,2.234709501266481,10.128312110900879,8.999999999999999e-08,0.0,0.0,0.0,8.999999999999999e-08,0.0,0.0,0.0,8.999999999999999e-08
1759811071457238208,170738,1759811071447559168,base_link,-0.04343050453927814,0.009435478196406678,0.0044551747686926565,-0.9990020298066881,1.0,0.0,0.0,0.0,1.0,0.0,0.0,0.0,1.0,-0.14929698407649994,0.09647967666387558,0.05179278552532195,1.2184696791468346e-07,0.0,0.0,0.0,1.2184696791468346e-07,0.0,0.0,0.0,1.2184696791468346e-07,0.7998622059822083,1.8617405891418468,8.478594779968262,8.999999999999999e-08,0.0,0.0,0.0,8.999999999999999e-08,0.0,0.0,0.0,8.999999999999999e-08
1759811071462961792,170739,1759811071453558912,base_link,-0.043100860866184275,0.009452666208065025,0.0034968397272519287,-0.9990199000704566,1.0,0.0,0.0,0.0,1.0,0.0,0.0,0.0,1.0,-0.1328839510679245,0.01737523451447492,0.4227759838104248,1.2184696791468346e-07,0.0,0.0,0.0,1.2184696791468346e-07,0.0,0.0,0.0,1.2184696791468346e-07,-0.24097657203674316,2.4240326881408705,10.851078987121582,8.999999999999999e-08,0.0,0.0,0.0,8.999999999999999e-08,0.0,0.0,0.0,8.999999999999999e-08
1759811071465835424,170740,1759811071462558912,base_link,-0.04272588694042793,0.009430548332219917,0.0023721932215872168,-0.9990395405018627,1.0,0.0,0.0,0.0,1.0,0.0,0.0,0.0,1.0,-0.10837516188621521,-0.01096152979880566,0.4348670542240143,1.2184696791468346e-07,0.0,0.0,0.0,1.2184696791468346e-07,0.0,0.0,0.0,1.2184696791468346e-07,-0.24097657203674316,2.4240326881408705,10.851078987121582,8.999999999999999e-08,0.0,0.0,0.0,8.999999999999999e-08,0.0,0.0,0.0,8.999999999999999e-08
1759811071474015616,170741,1759811071468558912,base_link,-0.04239524227968194,0.009703367516808968,0.0006254170850532093,-0.9990536596961138,1.0,0.0,0.0,0.0,1.0,0.0,0.0,0.0,1.0,-0.0576532781124115,-0.030181538313627205,0.3060874044895172,1.2184696791468346e-07,0.0,0.0,0.0,1.2184696791468346e-07,0.0,0.0,0.0,1.2184696791468346e-07,0.22014200687408447,-1.0056334733963002,9.11655044555664,8.999999999999999e-08,0.0,0.0,0.0,8.999999999999999e-08,0.0,0.0,0.0,8.999999999999999e-08
1759811071479049696,170742,1759811071474558912,base_link,-0.04223161899413953,0.00992895193801845,0.0008144035537760639,-0.999058211555753,1.0,0.0,0.0,0.0,1.0,0.0,0.0,0.0,1.0,-0.055800680071115494,-0.049599461257457726,0.030590631067752845,1.2184696791468346e-07,0.0,0.0,0.0,1.2184696791468346e-07,0.0,0.0,0.0,1.2184696791468346e-07,-0.3526471257209778,-1.4091254472732533,9.672728538513184,8.999999999999999e-08,0.0,0.0,0.0,8.999999999999999e-08,0.0,0.0,0.0,8.999999999999999e-08
1759811071486884096,170743,1759811071483558912,base_link,-0.042261790869317264,0.00986278665421241,0.0016001051037161462,-0.9990566099755096,1.0,0.0,0.0,0.0,1.0,0.0,0.0,0.0,1.0,-0.02630230411887169,-0.010522698983550119,-0.3845268785953522,1.2184696791468346e-07,0.0,0.0,0.0,1.2184696791468346e-07,0.0,0.0,0.0,1.2184696791468346e-07,-0.6378415822982788,-0.6458830237388599,9.844667434692383,8.999999999999999e-08,0.0,0.0,0.0,8.999999999999999e-08,0.0,0.0,0.0,8.999999999999999e-08
1759811071494844704,170744,1759811071490558912,base_link,-0.0420476335124103,0.009495944436040635,0.004055749085354878,-0.9990622576532101,1.0,0.0,0.0,0.0,1.0,0.0,0.0,0.0,1.0,-0.03589598834514618,0.0586938634514808,-0.4862801134586334,1.2184696791468346e-07,0.0,0.0,0.0,1.2184696791468346e-07,0.0,0.0,0.0,1.2184696791468346e-07,1.3336188793182373,2.1936972141265882,10.32055377960205,8.999999999999999e-08,0.0,0.0,0.0,8.999999999999999e-08,0.0,0.0,0.0,8.999999999999999e-08
1759811071498734240,170745,1759811071495558912,base_link,-0.04184259963111693,0.009128613577843937,0.004345045053533698,-0.9990731315401259,1.0,0.0,0.0,0.0,1.0,0.0,0.0,0.0,1.0,-0.06826489418745041,0.10915064066648479,-0.2873166799545288,1.2184696791468346e-07,0.0,0.0,0.0,1.2184696791468346e-07,0.0,0.0,0.0,1.2184696791468346e-07,1.3336188793182373,2.1936972141265882,10.32055377960205,8.999999999999999e-08,0.0,0.0,0.0,8.999999999999999e-08,0.0,0.0,0.0,8.999999999999999e-08
1759811071504141088,170746,1759811071500558912,base_link,-0.04152819204375976,0.008996211887424995,0.00417848070821865,-0.9990881358181958,1.0,0.0,0.0,0.0,1.0,0.0,0.0,0.0,1.0,-0.09760841727256775,0.08309509605169296,-0.03865767642855645,1.2184696791468346e-07,0.0,0.0,0.0,1.2184696791468346e-07,0.0,0.0,0.0,1.2184696791468346e-07,1.6301207542419434,2.3687813282012953,9.734944343566895,8.999999999999999e-08,0.0,0.0,0.0,8.999999999999999e-08,0.0,0.0,0.0,8.999999999999999e-08
1759811071513212512,170747,1759811071509558912,base_link,-0.041282245426363454,0.008814810534345092,0.0032625032495313816,-0.9991033508305082,1.0,0.0,0.0,0.0,1.0,0.0,0.0,0.0,1.0,-0.09259343147277832,0.02361795119941239,0.359619677066803,1.2184696791468346e-07,0.0,0.0,0.0,1.2184696791468346e-07,0.0,0.0,0.0,1.2184696791468346e-07,0.1994566023349762,1.5779420137405409,10.33487319946289,8.999999999999999e-08,0.0,0.0,0.0,8.999999999999999e-08,0.0,0.0,0.0,8.999999999999999e-08
1759811071522457536,170748,1759811071516558912,base_link,-0.04083563502902875,0.008989784493027087,0.0012148407614781078,-0.9991247614295518,1.0,0.0,0.0,0.0,1.0,0.0,0.0,0.0,1.0,-0.07483933866024017,-0.010608160868287036,0.41328689455986023,1.2184696791468346e-07,0.0,0.0,0.0,1.2184696791468346e-07,0.0,0.0,0.0,1.2184696791468346e-07,-0.3080516457557678,1.308027744293214,9.408119201660156,8.999999999999999e-08,0.0,0.0,0.0,8.999999999999999e-08,0.0,0.0,0.0,8.999999999999999e-08
1759811071526757120,170749,1759811071521558912,base_link,-0.04090893893530132,0.009080537194583167,0.0006687861921709339,-0.9991214739753679,1.0,0.0,0.0,0.0,1.0,0.0,0.0,0.0,1.0,-0.00676681799814105,-0.03225318342447278,0.23832929134368896,1.2184696791468346e-07,0.0,0.0,0.0,1.2184696791468346e-07,0.0,0.0,0.0,1.2184696791468346e-07,-0.28693097829818726,0.1355814039707196,9.959600448608398,8.999999999999999e-08,0.0,0.0,0.0,8.999999999999999e-08,0.0,0.0,0.0,8.999999999999999e-08
1759811071531263616,170750,1759811071527558912,base_link,-0.04079419809149746,0.009217852944120678,0.0012645740427209386,-0.9991243399610666,1.0,0.0,0.0,0.0,1.0,0.0,0.0,0.0,1.0,-0.001696533989161253,-0.04352369531989099,-0.1005929708480835,1.2184696791468346e-07,0.0,0.0,0.0,1.2184696791468346e-07,0.0,0.0,0.0,1.2184696791468346e-07,-0.4457562565803528,-0.9523306488990773,9.132933616638184,8.999999999999999e-08,0.0,0.0,0.0,8.999999999999999e-08,0.0,0.0,0.0,8.999999999999999e-08
1759811071540505920,170751,1759811071532558912,base_link,-0.04091047729527197,0.009126635310141958,0.0023021030125136227,-0.9991185658428205,1.0,0.0,0.0,0.0,1.0,0.0,0.0,0.0,1.0,0.018201563507318497,-0.015143290162086523,-0.2968778908252716,1.2184696791468346e-07,0.0,0.0,0.0,1.2184696791468346e-07,0.0,0.0,0.0,1.2184696791468346e-07,-0.05974777787923813,-0.48898020386695745,9.652266502380371,8.999999999999999e-08,0.0,0.0,0.0,8.999999999999999e-08,0.0,0.0,0.0,8.999999999999999e-08
1759811071542022816,170752,1759811071537558912,base_link,-0.04091927676698764,0.008983455880305372,0.003775303955363407,-0.9991150255075457,1.0,0.0,0.0,0.0,1.0,0.0,0.0,0.0,1.0,0.005465490277856588,0.03285596892237657,-0.5233035683631897,1.2184696791468346e-07,0.0,0.0,0.0,1.2184696791468346e-07,0.0,0.0,0.0,1.2184696791468346e-07,-0.06358484923839569,1.8565959930419933,9.273561477661133,8.999999999999999e-08,0.0,0.0,0.0,8.999999999999999e-08,0.0,0.0,0.0,8.999999999999999e-08
1759811071552803040,170753,1759811071548558912,base_link,-0.04074994521765004,0.008451321624807967,0.004667847766278602,-0.9991227383808232,1.0,0.0,0.0,0.0,1.0,0.0,0.0,0.0,1.0,-0.024870486930012703,0.09002715349197385,-0.18967865407466888,1.2184696791468346e-07,0.0,0.0,0.0,1.2184696791468346e-07,0.0,0.0,0.0,1.2184696791468346e-07,1.2411657571792603,1.7489063739776622,9.48774242401123,8.999999999999999e-08,0.0,0.0,0.0,8.999999999999999e-08,0.0,0.0,0.0,8.999999999999999e-08
1759811071563998720,170754,1759811071558558144,base_link,-0.04034631933744038,0.008236510991749085,0.003126031754053063,-0.9991469306718684,1.0,0.0,0.0,0.0,1.0,0.0,0.0,0.0,1.0,-0.05906409025192261,0.03874671831727032,0.3405640125274658,1.2184696791468346e-07,0.0,0.0,0.0,1.2184696791468346e-07,0.0,0.0,0.0,1.2184696791468346e-07,-0.02767329104244709,0.8403869867324841,10.118471145629883,8.999999999999999e-08,0.0,0.0,0.0,8.999999999999999e-08,0.0,0.0,0.0,8.999999999999999e-08
1759811071569895840,170755,1759811071564558144,base_link,-0.040216997001140765,0.008194659171177765,0.0022921985031135474,-0.9991547699856915,1.0,0.0,0.0,0.0,1.0,0.0,0.0,0.0,1.0,-0.04966998100280762,9.553285781298585e-05,0.3655937612056732,1.2184696791468346e-07,0.0,0.0,0.0,1.2184696791468346e-07,0.0,0.0,0.0,1.2184696791468346e-07,-0.05022082477807999,1.1976799964904796,9.800829887390137,8.999999999999999e-08,0.0,0.0,0.0,8.999999999999999e-08,0.0,0.0,0.0,8.999999999999999e-08
1759811071577043072,170756,1759811071569558144,base_link,-0.04014366543599886,0.008385612053801452,0.0014435295614982132,-0.9991577202650873,1.0,0.0,0.0,0.0,1.0,0.0,0.0,0.0,1.0,0.004389540757983923,-0.025591047480702372,0.24000202119350433,1.2184696791468346e-07,0.0,0.0,0.0,1.2184696791468346e-07,0.0,0.0,0.0,1.2184696791468346e-07,0.28542360663414,0.0974626839160931,9.626619338989258,8.999999999999999e-08,0.0,0.0,0.0,8.999999999999999e-08,0.0,0.0,0.0,8.999999999999999e-08
1759811071584608288,170757,1759811071580558144,base_link,-0.040276773086130355,0.008454324587764366,0.002090062217655296,-0.9991506395945374,1.0,0.0,0.0,0.0,1.0,0.0,0.0,0.0,1.0,0.020796924829483032,-0.02482560090720655,-0.1209685355424881,1.2184696791468346e-07,0.0,0.0,0.0,1.2184696791468346e-07,0.0,0.0,0.0,1.2184696791468346e-07,-0.6358566880226135,-0.8941576480865466,9.713829040527344,8.999999999999999e-08,0.0,0.0,0.0,8.999999999999999e-08,0.0,0.0,0.0,8.999999999999999e-08
1759811071591205184,170758,1759811071585558144,base_link,-0.04021575498619871,0.008300256783032796,0.0033191486139300033,-0.9991510610630225,1.0,0.0,0.0,0.0,1.0,0.0,0.0,0.0,1.0,0.00985684059560299,0.016595086082816072,-0.42682409286499023,1.2184696791468346e-07,0.0,0.0,0.0,1.2184696791468346e-07,0.0,0.0,0.0,1.2184696791468346e-07,-0.044187143445014954,0.1996087133884441,9.176581382751465,8.999999999999999e-08,0.0,0.0,0.0,8.999999999999999e-08,0.0,0.0,0.0,8.999999999999999e-08
1759811071597189440,170759,1759811071590558144,base_link,-0.04039591432433656,0.008061213029169165,0.0045264872363731,-0.999141030113077,1.0,0.0,0.0,0.0,1.0,0.0,0.0,0.0,1.0,0.017484700307250023,0.06415319442749018,-0.45357659459114075,1.2184696791468346e-07,0.0,0.0,0.0,1.2184696791468346e-07,0.0,0.0,0.0,1.2184696791468346e-07,0.27038681507110596,2.246527433395387,9.666252136230469,8.999999999999999e-08,0.0,0.0,0.0,8.999999999999999e-08,0.0,0.0,0.0,8.999999999999999e-08
1759811071602862112,170760,1759811071595558144,base_link,-0.04029533350454334,0.007794552552818768,0.005116543115525599,-0.9991443175672609,1.0,0.0,0.0,0.0,1.0,0.0,0.0,0.0,1.0,-0.007642899639904499,0.09624595195055005,-0.18790392577648163,1.2184696791468346e-07,0.0,0.0,0.0,1.2184696791468346e-07,0.0,0.0,0.0,1.2184696791468346e-07,1.0110304355621338,2.682768583297731,10.079972267150879,8.999999999999999e-08,0.0,0.0,0.0,8.999999999999999e-08,0.0,0.0,0.0,8.999999999999999e-08
1759811071609470912,170761,1759811071601558144,base_link,-0.04016364831054908,0.007598472242655931,0.005112244136977499,-0.9991511453567196,1.0,0.0,0.0,0.0,1.0,0.0,0.0,0.0,1.0,-0.07243786752223969,0.08766898512840271,-0.004251010715961467,1.2184696791468346e-07,0.0,0.0,0.0,1.2184696791468346e-07,0.0,0.0,0.0,1.2184696791468346e-07,0.8064157366752625,1.2796748876571669,10.177265167236328,8.999999999999999e-08,0.0,0.0,0.0,8.999999999999999e-08,0.0,0.0,0.0,8.999999999999999e-08
1759811071619213056,170762,1759811071612558144,base_link,-0.0398904300479882,0.007519047823726165,0.0035663398804464106,-0.9991694792358218,1.0,0.0,0.0,0.0,1.0,0.0,0.0,0.0,1.0,-0.04925679415464401,0.008562070317566436,0.33738693594932556,1.2184696791468346e-07,0.0,0.0,0.0,1.2184696791468346e-07,0.0,0.0,0.0,1.2184696791468346e-07,-0.0035698302090168,1.101212024688722,10.14409351348877,8.999999999999999e-08,0.0,0.0,0.0,8.999999999999999e-08,0.0,0.0,0.0,8.999999999999999e-08
1759811071625209088,170763,1759811071617558144,base_link,-0.03974409355578034,0.007596516365467223,0.00277928963135395,-0.9991772342559477,1.0,0.0,0.0,0.0,1.0,0.0,0.0,0.0,1.0,-0.032256461679935455,-0.02583532780408855,0.34857192635536194,1.2184696791468346e-07,0.0,0.0,0.0,1.2184696791468346e-07,0.0,0.0,0.0,1.2184696791468346e-07,-0.04448895901441574,0.6539207696914685,9.742081642150879,8.999999999999999e-08,0.0,0.0,0.0,8.999999999999999e-08,0.0,0.0,0.0,8.999999999999999e-08
1759811071642858368,170764,1759811071622558144,base_link,-0.03987689564126014,0.007839232163507365,0.0021010625451166553,-0.9991716708719444,1.0,0.0,0.0,0.0,1.0,0.0,0.0,0.0,1.0,0.025557314977049828,-0.040291946381330476,0.0870717242360115,1.2184696791468346e-07,0.0,0.0,0.0,1.2184696791468346e-07,0.0,0.0,0.0,1.2184696791468346e-07,-0.14648322761058807,-0.13146416842937353,9.43921184539795,8.999999999999999e-08,0.0,0.0,0.0,8.999999999999999e-08,0.0,0.0,0.0,8.999999999999999e-08
1759811071642895296,170765,1759811071632558144,base_link,-0.04011399800591424,0.00799292064660234,0.0026392356537522656,-0.9991596590201187,1.0,0.0,0.0,0.0,1.0,0.0,0.0,0.0,1.0,0.05373186245560646,-0.043280139565467855,-0.17088264226913452,1.2184696791468346e-07,0.0,0.0,0.0,1.2184696791468346e-07,0.0,0.0,0.0,1.2184696791468346e-07,-0.48300933837890625,-0.9743801951408374,9.544450759887695,8.999999999999999e-08,0.0,0.0,0.0,8.999999999999999e-08,0.0,0.0,0.0,8.999999999999999e-08
1759811071645309696,170766,1759811071638558144,base_link,-0.04021775169314692,0.007851218990641666,0.003825880173576475,-0.9991527890838114,1.0,0.0,0.0,0.0,1.0,0.0,0.0,0.0,1.0,0.06916338205337524,0.01880281604826445,-0.436851441860199,1.2184696791468346e-07,0.0,0.0,0.0,1.2184696791468346e-07,0.0,0.0,0.0,1.2184696791468346e-07,-0.21043728291988373,0.789557218551637,9.661994934082031,8.999999999999999e-08,0.0,0.0,0.0,8.999999999999999e-08,0.0,0.0,0.0,8.999999999999999e-08
1759811071654871424,170767,1759811071643558144,base_link,-0.04041793341850547,0.0076261706246616824,0.004976446991075401,-0.9991413672878651,1.0,0.0,0.0,0.0,1.0,0.0,0.0,0.0,1.0,0.03196234628558159,0.0506777167320251,-0.4227094054222107,1.2184696791468346e-07,0.0,0.0,0.0,1.2184696791468346e-07,0.0,0.0,0.0,1.2184696791468346e-07,0.717292070388794,1.9487277269363417,10.002681732177734,8.999999999999999e-08,0.0,0.0,0.0,8.999999999999999e-08,0.0,0.0,0.0,8.999999999999999e-08
1759811071657430784,170768,1759811071648558144,base_link,-0.04045511615851519,0.0074591334443899,0.00588884196763919,-0.9991361410786497,1.0,0.0,0.0,0.0,1.0,0.0,0.0,0.0,1.0,-0.013334903866052628,0.09667756408452984,-0.28499835729599,1.2184696791468346e-07,0.0,0.0,0.0,1.2184696791468346e-07,0.0,0.0,0.0,1.2184696791468346e-07,1.0098015069961548,1.519283413887025,9.727639198303223,8.999999999999999e-08,0.0,0.0,0.0,8.999999999999999e-08,0.0,0.0,0.0,8.999999999999999e-08
1759811071663025536,170769,1759811071659556352,base_link,-0.040210174480038066,0.0072128904819650005,0.005712710287712196,-0.9991489115737485,1.0,0.0,0.0,0.0,1.0,0.0,0.0,0.0,1.0,-0.02254229038953781,0.029271418228745464,0.03200488910079002,1.2184696791468346e-07,0.0,0.0,0.0,1.2184696791468346e-07,0.0,0.0,0.0,1.2184696791468346e-07,-0.24143825471401215,1.2864526510238659,9.555938720703125,8.999999999999999e-08,0.0,0.0,0.0,8.999999999999999e-08,0.0,0.0,0.0,8.999999999999999e-08
1759811071674936736,170770,1759811071668556352,base_link,-0.04021759232537598,0.007198876654835126,0.004788809221504891,-0.9991535898739332,1.0,0.0,0.0,0.0,1.0,0.0,0.0,0.0,1.0,0.008596215397119522,-0.0433290302753448,0.38658708333969116,1.2184696791468346e-07,0.0,0.0,0.0,1.2184696791468346e-07,0.0,0.0,0.0,1.2184696791468346e-07,0.11495740711688995,2.3839402198791517,10.33619499206543,8.999999999999999e-08,0.0,0.0,0.0,8.999999999999999e-08,0.0,0.0,0.0,8.999999999999999e-08
1759811071678726016,170771,1759811071669556352,base_link,-0.04021123868796296,0.007430473587402489,0.0036574192200784167,-0.999156961621814,1.0,0.0,0.0,0.0,1.0,0.0,0.0,0.0,1.0,0.05337526649236679,-0.06538434326648708,0.32366639375686646,1.2184696791468346e-07,0.0,0.0,0.0,1.2184696791468346e-07,0.0,0.0,0.0,1.2184696791468346e-07,-0.018257249146699905,-0.23650431632995492,9.274486541748047,8.999999999999999e-08,0.0,0.0,0.0,8.999999999999999e-08,0.0,0.0,0.0,8.999999999999999e-08
1759811071686736608,170772,1759811071680556352,base_link,-0.04065100812494875,0.00786653146754128,0.0030332665404805884,-0.9991378690994386,1.0,0.0,0.0,0.0,1.0,0.0,0.0,0.0,1.0,0.1071002334356308,-0.0749603733420372,0.025640223175287257,1.2184696791468346e-07,0.0,0.0,0.0,1.2184696791468346e-07,0.0,0.0,0.0,1.2184696791468346e-07,-0.4931696057319641,-0.13265638053417092,9.208626747131348,8.999999999999999e-08,0.0,0.0,0.0,8.999999999999999e-08,0.0,0.0,0.0,8.999999999999999e-08
1759811071707506208,170773,1759811071691556352,base_link,-0.04117936101788131,0.007981708267809426,0.004912847396672455,-0.9991078605432989,1.0,0.0,0.0,0.0,1.0,0.0,0.0,0.0,1.0,0.11158166080713272,-0.01675799861550336,-0.40975213050842285,1.2184696791468346e-07,0.0,0.0,0.0,1.2184696791468346e-07,0.0,0.0,0.0,1.2184696791468346e-07,-0.1134616807103157,0.6103303432464611,8.662967681884766,8.999999999999999e-08,0.0,0.0,0.0,8.999999999999999e-08,0.0,0.0,0.0,8.999999999999999e-08
1759811071707514272,170774,1759811071701556352,base_link,-0.04129009395980959,0.007739313839489177,0.0069589925981793045,-0.999093024852623,1.0,0.0,0.0,0.0,1.0,0.0,0.0,0.0,1.0,0.030153576284646988,0.040182534605264615,-0.3687814474105835,1.2184696791468346e-07,0.0,0.0,0.0,1.2184696791468346e-07,0.0,0.0,0.0,1.2184696791468346e-07,1.0827761888504028,1.5059894323349012,10.254547119140625,8.999999999999999e-08,0.0,0.0,0.0,8.999999999999999e-08,0.0,0.0,0.0,8.999999999999999e-08
1759811071711628064,170775,1759811071706556352,base_link,-0.041422556236323266,0.007525998102463414,0.007141109130594895,-0.9990879250839532,1.0,0.0,0.0,0.0,1.0,0.0,0.0,0.0,1.0,0.03411879390478134,0.06619516760110854,-0.13644501566886902,1.2184696791468346e-07,0.0,0.0,0.0,1.2184696791468346e-07,0.0,0.0,0.0,1.2184696791468346e-07,0.6273869276046753,2.6029562950134286,8.888140678405762,8.999999999999999e-08,0.0,0.0,0.0,8.999999999999999e-08,0.0,0.0,0.0,8.999999999999999e-08
1759811071720253888,170776,1759811071716556352,base_link,-0.04143140575742154,0.0076448798741334725,0.006633871808766274,-0.9990901588669243,1.0,0.0,0.0,0.0,1.0,0.0,0.0,0.0,1.0,0.020714234560728073,0.01954078488051894,0.2404710352420807,1.2184696791468346e-07,0.0,0.0,0.0,1.2184696791468346e-07,0.0,0.0,0.0,1.2184696791468346e-07,0.14587928354740143,1.534982800483705,10.324393272399902,8.999999999999999e-08,0.0,0.0,0.0,8.999999999999999e-08,0.0,0.0,0.0,8.999999999999999e-08
1759811071726693344,170777,1759811071723556352,base_link,-0.04163861415268027,0.007992513666096405,0.004668774996945864,-0.9990898638389847,1.0,0.0,0.0,0.0,1.0,0.0,0.0,0.0,1.0,0.03916078433394432,-0.07618741691112514,0.3963143527507782,1.2184696791468346e-07,0.0,0.0,0.0,1.2184696791468346e-07,0.0,0.0,0.0,1.2184696791468346e-07,-0.35755255818367004,0.3112937510013592,9.730484008789062,8.999999999999999e-08,0.0,0.0,0.0,8.999999999999999e-08,0.0,0.0,0.0,8.999999999999999e-08
1759811071731741504,170778,1759811071728556352,base_link,-0.04172616501083854,0.008156426711222322,0.003992023050406443,-0.9990878829371047,1.0,0.0,0.0,0.0,1.0,0.0,0.0,0.0,1.0,0.04916448891162872,-0.07220298051834102,0.338582843542099,1.2184696791468346e-07,0.0,0.0,0.0,1.2184696791468346e-07,0.0,0.0,0.0,1.2184696791468346e-07,-0.23914773762226105,-0.6641435623168933,9.87991714477539,8.999999999999999e-08,0.0,0.0,0.0,8.999999999999999e-08,0.0,0.0,0.0,8.999999999999999e-08
1759811071738799680,170779,1759811071733556352,base_link,-0.042088834691007736,0.008477795114028871,0.003931795203884374,-0.9990702234075787,1.0,0.0,0.0,0.0,1.0,0.0,0.0,0.0,1.0,0.09981240332126617,-0.09873293340206145,0.08910920470952989,1.2184696791468346e-07,0.0,0.0,0.0,1.2184696791468346e-07,0.0,0.0,0.0,1.2184696791468346e-07,-0.8248039484024048,-0.6010643243789662,9.089755058288574,8.999999999999999e-08,0.0,0.0,0.0,8.999999999999999e-08,0.0,0.0,0.0,8.999999999999999e-08
1759811071747732832,170780,1759811071744556352,base_link,-0.042641454949059465,0.008678339038866816,0.0057976361874616505,-0.9990360001665878,1.0,0.0,0.0,0.0,1.0,0.0,0.0,0.0,1.0,0.1153748407959938,-0.0606288462877274,-0.3612964451313019,1.2184696791468346e-07,0.0,0.0,0.0,1.2184696791468346e-07,0.0,0.0,0.0,1.2184696791468346e-07,-0.017840906977653503,-0.8708907961845385,10.580957412719727,8.999999999999999e-08,0.0,0.0,0.0,8.999999999999999e-08,0.0,0.0,0.0,8.999999999999999e-08
1759811071753799392,170781,1759811071749556352,base_link,-0.04281877464327889,0.008742336394152578,0.007128212194950558,-0.9990192257208804,1.0,0.0,0.0,0.0,1.0,0.0,0.0,0.0,1.0,0.08401269465684891,-0.03050502762198454,-0.476420521736145,1.2184696791468346e-07,0.0,0.0,0.0,1.2184696791468346e-07,0.0,0.0,0.0,1.2184696791468346e-07,0.2176949381828308,0.8853707313537609,8.768065452575684,8.999999999999999e-08,0.0,0.0,0.0,8.999999999999999e-08,0.0,0.0,0.0,8.999999999999999e-08
1759811071760232832,170782,1759811071754556352,base_link,-0.042947509557877385,0.008490954150387382,0.007904051382339083,-0.9990100377079051,1.0,0.0,0.0,0.0,1.0,0.0,0.0,0.0,1.0,0.05160820111632347,0.03749668598175045,-0.31259897351264954,1.2184696791468346e-07,0.0,0.0,0.0,1.2184696791468346e-07,0.0,0.0,0.0,1.2184696791468346e-07,1.3685728311538696,1.897546410560609,9.938522338867188,8.999999999999999e-08,0.0,0.0,0.0,8.999999999999999e-08,0.0,0.0,0.0,8.999999999999999e-08
1759811071765904480,170783,1759811071759554560,base_link,-0.04312706830342395,0.00843961138636702,0.008125828099203428,-0.9990009339886267,1.0,0.0,0.0,0.0,1.0,0.0,0.0,0.0,1.0,0.014407851733267307,0.04959356039762496,-0.07418744266033173,1.2184696791468346e-07,0.0,0.0,0.0,1.2184696791468346e-07,0.0,0.0,0.0,1.2184696791468346e-07,0.8897191286087036,1.8397576808929454,9.35249137878418,8.999999999999999e-08,0.0,0.0,0.0,8.999999999999999e-08,0.0,0.0,0.0,8.999999999999999e-08
1759811071771505312,170784,1759811071765554560,base_link,-0.04305052699235014,0.008460260707959324,0.00774182816242069,-0.9990071295753579,1.0,0.0,0.0,0.0,1.0,0.0,0.0,0.0,1.0,0.02793256565928459,-0.0074620707891881275,0.15340104699134827,1.2184696791468346e-07,0.0,0.0,0.0,1.2184696791468346e-07,0.0,0.0,0.0,1.2184696791468346e-07,-0.012633904814720154,1.858777999877931,10.00707721710205,8.999999999999999e-08,0.0,0.0,0.0,8.999999999999999e-08,0.0,0.0,0.0,8.999999999999999e-08
1759811071777986624,170785,1759811071770554560,base_link,-0.04319414896409609,0.008539848445927069,0.006744675873501456,-0.9990074246032974,1.0,0.0,0.0,0.0,1.0,0.0,0.0,0.0,1.0,0.04830817133188248,-0.06012789160013195,0.34510040283203125,1.2184696791468346e-07,0.0,0.0,0.0,1.2184696791468346e-07,0.0,0.0,0.0,1.2184696791468346e-07,-0.2375679463148117,1.3689703941345226,9.646478652954102,8.999999999999999e-08,0.0,0.0,0.0,8.999999999999999e-08,0.0,0.0,0.0,8.999999999999999e-08
1759811071782979488,170786,1759811071775554560,base_link,-0.04343154635668976,0.008876533276900281,0.006006558115530123,-0.9989989530867467,1.0,0.0,0.0,0.0,1.0,0.0,0.0,0.0,1.0,0.06461577117443085,-0.08197050541639324,0.288958877325058,1.2184696791468346e-07,0.0,0.0,0.0,1.2184696791468346e-07,0.0,0.0,0.0,1.2184696791468346e-07,-0.08487467467784882,0.017969749867917325,9.952123641967773,8.999999999999999e-08,0.0,0.0,0.0,8.999999999999999e-08,0.0,0.0,0.0,8.999999999999999e-08
1759811071791887200,170787,1759811071780554560,base_link,-0.04349005408495698,0.009076190800830483,0.0055438700125775425,-0.9989972672128062,1.0,0.0,0.0,0.0,1.0,0.0,0.0,0.0,1.0,0.10109914094209671,-0.09076349437236785,0.07462873309850694,1.2184696791468346e-07,0.0,0.0,0.0,1.2184696791468346e-07,0.0,0.0,0.0,1.2184696791468346e-07,0.2417219579219818,-0.26828455924987676,9.74158000946045,8.999999999999999e-08,0.0,0.0,0.0,8.999999999999999e-08,0.0,0.0,0.0,8.999999999999999e-08
1759811071798534336,170788,1759811071791554560,base_link,-0.04408878299527963,0.009566978997938697,0.006523025597182642,-0.9989605151609048,1.0,0.0,0.0,0.0,1.0,0.0,0.0,0.0,1.0,0.10532019287347794,-0.07981653511524205,-0.3495059907436371,1.2184696791468346e-07,0.0,0.0,0.0,1.2184696791468346e-07,0.0,0.0,0.0,1.2184696791468346e-07,-1.0361558198928833,-0.9664338231086719,9.541956901550293,8.999999999999999e-08,0.0,0.0,0.0,8.999999999999999e-08,0.0,0.0,0.0,8.999999999999999e-08
1759811071803396128,170789,1759811071796554560,base_link,-0.04439115502320891,0.009476631959799533,0.007956861383523226,-0.9989375872753149,1.0,0.0,0.0,0.0,1.0,0.0,0.0,0.0,1.0,0.09317716956138611,-0.027597412467002935,-0.535168468952179,1.2184696791468346e-07,0.0,0.0,0.0,1.2184696791468346e-07,0.0,0.0,0.0,1.2184696791468346e-07,-0.15783366560935974,1.0100594758987438,9.843209266662598,8.999999999999999e-08,0.0,0.0,0.0,8.999999999999999e-08,0.0,0.0,0.0,8.999999999999999e-08
1759811071808835264,170790,1759811071802554560,base_link,-0.04467346119997996,0.009424552943019245,0.009402161112658828,-0.9989129735157845,1.0,0.0,0.0,0.0,1.0,0.0,0.0,0.0,1.0,0.048147208988666534,0.043622404336929266,-0.4721909165382385,1.2184696791468346e-07,0.0,0.0,0.0,1.2184696791468346e-07,0.0,0.0,0.0,1.2184696791468346e-07,1.4028772115707397,1.8197542428970348,9.677399635314941,8.999999999999999e-08,0.0,0.0,0.0,8.999999999999999e-08,0.0,0.0,0.0,8.999999999999999e-08
1759811071816999232,170791,1759811071812554560,base_link,-0.04470221193610947,0.009047063377242405,0.010391642675149077,-0.998905344936204,1.0,0.0,0.0,0.0,1.0,0.0,0.0,0.0,1.0,0.021873850375413895,0.056215357035398456,-0.20498885214328766,1.2184696791468346e-07,0.0,0.0,0.0,1.2184696791468346e-07,0.0,0.0,0.0,1.2184696791468346e-07,0.34932196140289307,1.8122102022171032,8.717501640319824,8.999999999999999e-08,0.0,0.0,0.0,8.999999999999999e-08,0.0,0.0,0.0,8.999999999999999e-08
1759811071822828800,170792,1759811071818554560,base_link,-0.044820398284779094,0.00917825993121174,0.010009244318609736,-0.9989027739784448,1.0,0.0,0.0,0.0,1.0,0.0,0.0,0.0,1.0,0.013312453404068947,0.01619823276996613,0.037685416638851166,1.2184696791468346e-07,0.0,0.0,0.0,1.2184696791468346e-07,0.0,0.0,0.0,1.2184696791468346e-07,0.029202178120613098,1.8329520225524916,10.296300888061523,8.999999999999999e-08,0.0,0.0,0.0,8.999999999999999e-08,0.0,0.0,0.0,8.999999999999999e-08
1759811071831815712,170793,1759811071823554560,base_link,-0.04463126298499744,0.009194487784977449,0.009288153887436834,-0.9989180732844543,1.0,0.0,0.0,0.0,1.0,0.0,0.0,0.0,1.0,0.026197250932455063,-0.038921322673559154,0.27687618136405945,1.2184696791468346e-07,0.0,0.0,0.0,1.2184696791468346e-07,0.0,0.0,0.0,1.2184696791468346e-07,-0.5047808885574341,1.5700820684432997,10.028244018554688,8.999999999999999e-08,0.0,0.0,0.0,8.999999999999999e-08,0.0,0.0,0.0,8.999999999999999e-08
1759811071834162080,170794,1759811071828554560,base_link,-0.044944910611992406,0.009557650056438615,0.008504896854710385,-0.9989076208660236,1.0,0.0,0.0,0.0,1.0,0.0,0.0,0.0,1.0,0.05761108174920082,-0.07418859750032421,0.30422917008399963,1.2184696791468346e-07,0.0,0.0,0.0,1.2184696791468346e-07,0.0,0.0,0.0,1.2184696791468346e-07,-0.5047808885574341,1.5700820684432997,10.028244018554688,8.999999999999999e-08,0.0,0.0,0.0,8.999999999999999e-08,0.0,0.0,0.0,8.999999999999999e-08
1759811071839453024,170795,1759811071833554560,base_link,-0.04504916215887312,0.009706622043767418,0.008107704954343719,-0.9989047548803248,1.0,0.0,0.0,0.0,1.0,0.0,0.0,0.0,1.0,0.06827083230018616,-0.08511940389871596,0.1590065360069275,1.2184696791468346e-07,0.0,0.0,0.0,1.2184696791468346e-07,0.0,0.0,0.0,1.2184696791468346e-07,0.2841642498970032,0.24853083491325495,9.457500457763672,8.999999999999999e-08,0.0,0.0,0.0,8.999999999999999e-08,0.0,0.0,0.0,8.999999999999999e-08
1759811071846722144,170796,1759811071843554560,base_link,-0.04519671169006468,0.009895736270124817,0.008174044093899886,-0.9988956511610465,1.0,0.0,0.0,0.0,1.0,0.0,0.0,0.0,1.0,0.07975875586271286,-0.0769718885421753,-0.10177540779113768,1.2184696791468346e-07,0.0,0.0,0.0,1.2184696791468346e-07,0.0,0.0,0.0,1.2184696791468346e-07,0.18722355365753174,-0.3642936050891864,9.893012046813965,8.999999999999999e-08,0.0,0.0,0.0,8.999999999999999e-08,0.0,0.0,0.0,8.999999999999999e-08
1759811071849980832,170797,1759811071844554560,base_link,-0.045541621741942595,0.010054860379588682,0.008987604710705702,-0.9988714167231527,1.0,0.0,0.0,0.0,1.0,0.0,0.0,0.0,1.0,0.08649440854787827,-0.06663169711828236,-0.29813510179519653,1.2184696791468346e-07,0.0,0.0,0.0,1.2184696791468346e-07,0.0,0.0,0.0,1.2184696791468346e-07,-0.39946696162223816,-0.6073921918869006,9.857093811035156,8.999999999999999e-08,0.0,0.0,0.0,8.999999999999999e-08,0.0,0.0,0.0,8.999999999999999e-08
1759811071855925664,170798,1759811071849554560,base_link,-0.04565015251103618,0.00997376720887569,0.010102683881758385,-0.9988566231793254,1.0,0.0,0.0,0.0,1.0,0.0,0.0,0.0,1.0,0.084327831864357,-0.01656395196914678,-0.43050074577331543,1.2184696791468346e-07,0.0,0.0,0.0,1.2184696791468346e-07,0.0,0.0,0.0,1.2184696791468346e-07,-0.10384858399629593,1.3713316917419445,9.762869834899902,8.999999999999999e-08,0.0,0.0,0.0,8.999999999999999e-08,0.0,0.0,0.0,8.999999999999999e-08
1759811071866197120,170799,1759811071859553280,base_link,-0.04576511199161669,0.010029254852029297,0.011246001441313434,-0.9988386264750113,1.0,0.0,0.0,0.0,1.0,0.0,0.0,0.0,1.0,0.02158709615468979,0.024158269166946366,-0.3712810277938843,1.2184696791468346e-07,0.0,0.0,0.0,1.2184696791468346e-07,0.0,0.0,0.0,1.2184696791468346e-07,0.8143537044525146,1.8936123847961437,9.929975509643555,8.999999999999999e-08,0.0,0.0,0.0,8.999999999999999e-08,0.0,0.0,0.0,8.999999999999999e-08
1759811071872066560,170800,1759811071865553280,base_link,-0.04591015115114382,0.009951661186831724,0.011454206872957215,-0.9988303656927031,1.0,0.0,0.0,0.0,1.0,0.0,0.0,0.0,1.0,0.02338285930454731,-0.0014531499473378114,-0.041666463017463684,1.2184696791468346e-07,0.0,0.0,0.0,1.2184696791468346e-07,0.0,0.0,0.0,1.2184696791468346e-07,1.029000997543335,2.935929059982301,9.561625480651855,8.999999999999999e-08,0.0,0.0,0.0,8.999999999999999e-08,0.0,0.0,0.0,8.999999999999999e-08
1759811071876080960,170801,1759811071870553280,base_link,-0.04577303428204772,0.009869013851079893,0.010830517808693044,-0.9988444427401058,1.0,0.0,0.0,0.0,1.0,0.0,0.0,0.0,1.0,-0.02476675622165203,0.015012601390481021,0.2190486490726471,1.2184696791468346e-07,0.0,0.0,0.0,1.2184696791468346e-07,0.0,0.0,0.0,1.2184696791468346e-07,0.7032777070999146,1.5039886236190807,9.493660926818848,8.999999999999999e-08,0.0,0.0,0.0,8.999999999999999e-08,0.0,0.0,0.0,8.999999999999999e-08
1759811071886788320,170802,1759811071881553280,base_link,-0.045625043526035816,0.010210469178468932,0.00863770157436822,-0.9988691407933331,1.0,0.0,0.0,0.0,1.0,0.0,0.0,0.0,1.0,-0.018415389582514763,-0.05142601951956744,0.41311854124069214,1.2184696791468346e-07,0.0,0.0,0.0,1.2184696791468346e-07,0.0,0.0,0.0,1.2184696791468346e-07,-0.18992620706558228,0.37489306926727417,9.974350929260254,8.999999999999999e-08,0.0,0.0,0.0,8.999999999999999e-08,0.0,0.0,0.0,8.999999999999999e-08
1759811071897351040,170803,1759811071892553280,base_link,-0.04570560064151931,0.010477007165540845,0.00826310038480343,-0.9988658533391493,1.0,0.0,0.0,0.0,1.0,0.0,0.0,0.0,1.0,0.012454711832106113,-0.04823478311300277,0.07466116547584534,1.2184696791468346e-07,0.0,0.0,0.0,1.2184696791468346e-07,0.0,0.0,0.0,1.2184696791468346e-07,-0.21216847002506256,-0.658914268016814,9.969443321228027,8.999999999999999e-08,0.0,0.0,0.0,8.999999999999999e-08,0.0,0.0,0.0,8.999999999999999e-08
1759811071902526080,170804,1759811071897553280,base_link,-0.04577561050816295,0.010519292308398414,0.009044545103043875,-0.9988554430675671,1.0,0.0,0.0,0.0,1.0,0.0,0.0,0.0,1.0,0.020365186035633087,-0.03923093900084498,-0.24504585564136505,1.2184696791468346e-07,0.0,0.0,0.0,1.2184696791468346e-07,0.0,0.0,0.0,1.2184696791468346e-07,0.14398857951164246,-0.5204581022262562,9.441572189331055,8.999999999999999e-08,0.0,0.0,0.0,8.999999999999999e-08,0.0,0.0,0.0,8.999999999999999e-08
1759811071910012224,170805,1759811071902553280,base_link,-0.04584916597843757,0.010426449386573994,0.010117730306676776,-0.9988427568661653,1.0,0.0,0.0,0.0,1.0,0.0,0.0,0.0,1.0,0.01859293133020401,0.019008161500096273,-0.39474448561668396,1.2184696791468346e-07,0.0,0.0,0.0,1.2184696791468346e-07,0.0,0.0,0.0,1.2184696791468346e-07,0.08237050473690033,1.8985937833786022,9.77636432647705,8.999999999999999e-08,0.0,0.0,0.0,8.999999999999999e-08,0.0,0.0,0.0,8.999999999999999e-08
1759811071914352480,170806,1759811071908553280,base_link,-0.045855374736058836,0.010306754970981087,0.010981909288544145,-0.9988345803775542,1.0,0.0,0.0,0.0,1.0,0.0,0.0,0.0,1.0,0.0012628772528842092,0.047075916081666905,-0.32978302240371704,1.2184696791468346e-07,0.0,0.0,0.0,1.2184696791468346e-07,0.0,0.0,0.0,1.2184696791468346e-07,1.0541936159133911,1.6150429248809828,10.109716415405273,8.999999999999999e-08,0.0,0.0,0.0,8.999999999999999e-08,0.0,0.0,0.0,8.999999999999999e-08
1759811071922949152,170807,1759811071918553280,base_link,-0.045640138683247795,0.010110917005197185,0.011031853304029596,-0.9988459178798037,1.0,0.0,0.0,0.0,1.0,0.0,0.0,0.0,1.0,-0.04902445152401924,0.03312874212861061,-0.016598179936409,1.2184696791468346e-07,0.0,0.0,0.0,1.2184696791468346e-07,0.0,0.0,0.0,1.2184696791468346e-07,0.6835652589797974,2.49057960510254,8.959019660949707,8.999999999999999e-08,0.0,0.0,0.0,8.999999999999999e-08,0.0,0.0,0.0,8.999999999999999e-08
1759811071932859936,170808,1759811071929553280,base_link,-0.04536900273842115,0.010156683214323952,0.00892358364781765,-0.9988787924216421,1.0,0.0,0.0,0.0,1.0,0.0,0.0,0.0,1.0,-0.05996476486325264,0.006237298715859701,0.40536391735076904,1.2184696791468346e-07,0.0,0.0,0.0,1.2184696791468346e-07,0.0,0.0,0.0,1.2184696791468346e-07,-0.2593175172805786,1.5165499448776256,9.872400283813477,8.999999999999999e-08,0.0,0.0,0.0,8.999999999999999e-08,0.0,0.0,0.0,8.999999999999999e-08
1759811071941976928,170809,1759811071938553280,base_link,-0.0452169000305014,0.01028953008083029,0.007947799811093415,-0.9988926165879537,1.0,0.0,0.0,0.0,1.0,0.0,0.0,0.0,1.0,-0.009406855329871178,0.0020458113867789897,0.3186286985874176,1.2184696791468346e-07,0.0,0.0,0.0,1.2184696791468346e-07,0.0,0.0,0.0,1.2184696791468346e-07,0.043351344764232635,-0.3902649879455555,9.415558815002441,8.999999999999999e-08,0.0,0.0,0.0,8.999999999999999e-08,0.0,0.0,0.0,8.999999999999999e-08
1759811071949806592,170810,1759811071944553280,base_link,-0.04526358293358328,0.0102744836559119,0.007606958247185801,-0.9988933330843784,1.0,0.0,0.0,0.0,1.0,0.0,0.0,0.0,1.0,0.005650925915688276,-0.006059218663722275,0.010823273099958897,1.2184696791468346e-07,0.0,0.0,0.0,1.2184696791468346e-07,0.0,0.0,0.0,1.2184696791468346e-07,-0.43485352396965027,-0.22623817622661474,9.55074691772461,8.999999999999999e-08,0.0,0.0,0.0,8.999999999999999e-08,0.0,0.0,0.0,8.999999999999999e-08
1759811071954200736,170811,1759811071950553280,base_link,-0.04530023883798661,0.01023009380480682,0.008497563303069494,-0.9988849458615248,1.0,0.0,0.0,0.0,1.0,0.0,0.0,0.0,1.0,0.016114315018057823,0.002559779910370684,-0.1925482302904129,1.2184696791468346e-07,0.0,0.0,0.0,1.2184696791468346e-07,0.0,0.0,0.0,1.2184696791468346e-07,-0.3559871017932892,-0.8356958031654346,9.656519889831543,8.999999999999999e-08,0.0,0.0,0.0,8.999999999999999e-08,0.0,0.0,0.0,8.999999999999999e-08
1759811071967790208,170812,1759811071960559168,base_link,-0.0452842836216472,0.00968063324330439,0.010718828660139136,-0.9988697308492123,1.0,0.0,0.0,0.0,1.0,0.0,0.0,0.0,1.0,-0.028150105848908424,0.0911822617053985,-0.418008416891098,1.2184696791468346e-07,0.0,0.0,0.0,1.2184696791468346e-07,0.0,0.0,0.0,1.2184696791468346e-07,1.321740746498108,2.22445321083069,9.493496894836426,8.999999999999999e-08,0.0,0.0,0.0,8.999999999999999e-08,0.0,0.0,0.0,8.999999999999999e-08
1759811071977228960,170813,1759811071971559168,base_link,-0.04504532811274765,0.009072005091937745,0.010549314035428355,-0.998888106875163,1.0,0.0,0.0,0.0,1.0,0.0,0.0,0.0,1.0,-0.06591974943876266,0.11454202979803087,0.10083258897066115,1.2184696791468346e-07,0.0,0.0,0.0,1.2184696791468346e-07,0.0,0.0,0.0,1.2184696791468346e-07,0.29824480414390564,2.453039884567262,9.292149543762207,8.999999999999999e-08,0.0,0.0,0.0,8.999999999999999e-08,0.0,0.0,0.0,8.999999999999999e-08
1759811071987183968,170814,1759811071976559168,base_link,-0.04486812168818358,0.008990651137599592,0.009553636886206992,-0.9989068200759019,1.0,0.0,0.0,0.0,1.0,0.0,0.0,0.0,1.0,-0.06832975149154663,0.06968448311090474,0.3871217370033264,1.2184696791468346e-07,0.0,0.0,0.0,1.2184696791468346e-07,0.0,0.0,0.0,1.2184696791468346e-07,0.08751299977302551,1.0530860424041761,10.881097793579102,8.999999999999999e-08,0.0,0.0,0.0,8.999999999999999e-08,0.0,0.0,0.0,8.999999999999999e-08
1759811071989928160,170815,1759811071982559168,base_link,-0.04475617439018259,0.00878235614390269,0.008429664730118467,-0.9989238474027003,1.0,0.0,0.0,0.0,1.0,0.0,0.0,0.0,1.0,-0.047862302511930466,0.045106757432222415,0.40792685747146606,1.2184696791468346e-07,0.0,0.0,0.0,1.2184696791468346e-07,0.0,0.0,0.0,1.2184696791468346e-07,-0.3225647509098053,1.0705435276031505,8.934142112731934,8.999999999999999e-08,0.0,0.0,0.0,8.999999999999999e-08,0.0,0.0,0.0,8.999999999999999e-08
1759811071996077600,170816,1759811071992559168,base_link,-0.044751187891168144,0.008655380860229525,0.007239901343504425,-0.9989344262616765,1.0,0.0,0.0,0.0,1.0,0.0,0.0,0.0,1.0,0.0023297960869967937,0.04749568924307826,0.23656173050403595,1.2184696791468346e-07,0.0,0.0,0.0,1.2184696791468346e-07,0.0,0.0,0.0,1.2184696791468346e-07,0.1553087681531906,-0.431619733572005,9.969094276428223,8.999999999999999e-08,0.0,0.0,0.0,8.999999999999999e-08,0.0,0.0,0.0,8.999999999999999e-08
1759811072009369632,170817,1759811072003559168,base_link,-0.04466329985822179,0.00859014412417974,0.008564281764262275,-0.9989284835560365,1.0,0.0,0.0,0.0,1.0,0.0,0.0,0.0,1.0,4.1062477976083755e-05,0.04016762599349017,-0.4037597179412842,1.2184696791468346e-07,0.0,0.0,0.0,1.2184696791468346e-07,0.0,0.0,0.0,1.2184696791468346e-07,-0.7427998781204224,-0.9999142885208119,9.503548622131348,8.999999999999999e-08,0.0,0.0,0.0,8.999999999999999e-08,0.0,0.0,0.0,8.999999999999999e-08
1759811072015799872,170818,1759811072008559168,base_link,-0.0449091397914078,0.008363291346247885,0.009783210770045844,-0.9989082109219027,1.0,0.0,0.0,0.0,1.0,0.0,0.0,0.0,1.0,0.01808343082666397,0.07585094869136805,-0.4755101799964905,1.2184696791468346e-07,0.0,0.0,0.0,1.2184696791468346e-07,0.0,0.0,0.0,1.2184696791468346e-07,0.5143841505050659,2.0949475765228285,9.454935073852539,8.999999999999999e-08,0.0,0.0,0.0,8.999999999999999e-08,0.0,0.0,0.0,8.999999999999999e-08
1759811072024373984,170819,1759811072017559168,base_link,-0.04466826001545591,0.008023008228083056,0.010776611989447578,-0.9989115826697836,1.0,0.0,0.0,0.0,1.0,0.0,0.0,0.0,1.0,-0.03227626904845238,0.10088936239480968,-0.31870540976524353,1.2184696791468346e-07,0.0,0.0,0.0,1.2184696791468346e-07,0.0,0.0,0.0,1.2184696791468346e-07,1.3853051662445068,2.287014484405519,9.864811897277832,8.999999999999999e-08,0.0,0.0,0.0,8.999999999999999e-08,0.0,0.0,0.0,8.999999999999999e-08
1759811072027033408,170820,1759811072024559168,base_link,-0.04435030023902268,0.007468333311166415,0.010860442071135786,-0.9989291579056127,1.0,0.0,0.0,0.0,1.0,0.0,0.0,0.0,1.0,-0.07675779610872269,0.10807117074728012,-0.029185963794589057,1.2184696791468346e-07,0.0,0.0,0.0,1.2184696791468346e-07,0.0,0.0,0.0,1.2184696791468346e-07,0.49856624007225037,2.244250297546388,9.356012344360352,8.999999999999999e-08,0.0,0.0,0.0,8.999999999999999e-08,0.0,0.0,0.0,8.999999999999999e-08
1759811072033842432,170821,1759811072029559168,base_link,-0.04404472900187362,0.007315336299804825,0.010345660463423726,-0.9989492198055039,1.0,0.0,0.0,0.0,1.0,0.0,0.0,0.0,1.0,-0.0906757041811943,0.07905919104814531,0.14686354994773865,1.2184696791468346e-07,0.0,0.0,0.0,1.2184696791468346e-07,0.0,0.0,0.0,1.2184696791468346e-07,-0.044003259390592575,1.2071232795715345,10.030056953430176,8.999999999999999e-08,0.0,0.0,0.0,8.999999999999999e-08,0.0,0.0,0.0,8.999999999999999e-08
1759811072040344608,170822,1759811072035559168,base_link,-0.044014889033127905,0.007298540780673234,0.009454423204812358,-0.9989595036365405,1.0,0.0,0.0,0.0,1.0,0.0,0.0,0.0,1.0,-0.05957143008708954,0.03047836013138298,0.3148498237133026,1.2184696791468346e-07,0.0,0.0,0.0,1.2184696791468346e-07,0.0,0.0,0.0,1.2184696791468346e-07,0.25555482506752014,2.216517210006715,9.618834495544434,8.999999999999999e-08,0.0,0.0,0.0,8.999999999999999e-08,0.0,0.0,0.0,8.999999999999999e-08
1759811072046617824,170823,1759811072040559168,base_link,-0.04372001782714455,0.00745460134108596,0.008517920230900295,-0.9989797341238258,1.0,0.0,0.0,0.0,1.0,0.0,0.0,0.0,1.0,-0.04611861705780029,-0.01643705740571018,0.32721787691116333,1.2184696791468346e-07,0.0,0.0,0.0,1.2184696791468346e-07,0.0,0.0,0.0,1.2184696791468346e-07,0.004184838384389877,0.21046331524849057,9.666376113891602,8.999999999999999e-08,0.0,0.0,0.0,8.999999999999999e-08,0.0,0.0,0.0,8.999999999999999e-08
1759811072052089152,170824,1759811072045559168,base_link,-0.043664656624536474,0.007508434720435516,0.008142391810668228,-0.998984876039344,1.0,0.0,0.0,0.0,1.0,0.0,0.0,0.0,1.0,-0.05950138345360756,-0.04287997633218763,0.14367158710956573,1.2184696791468346e-07,0.0,0.0,0.0,1.2184696791468346e-07,0.0,0.0,0.0,1.2184696791468346e-07,-0.6412062644958496,-1.1880835294723497,10.393289566040039,8.999999999999999e-08,0.0,0.0,0.0,8.999999999999999e-08,0.0,0.0,0.0,8.999999999999999e-08
1759811072056068992,170825,1759811072051559168,base_link,-0.04367251832887277,0.007671531170371533,0.008622823736843883,-0.9989792705084921,1.0,0.0,0.0,0.0,1.0,0.0,0.0,0.0,1.0,-0.009293398819863796,-0.05128571391105653,-0.08936547487974167,1.2184696791468346e-07,0.0,0.0,0.0,1.2184696791468346e-07,0.0,0.0,0.0,1.2184696791468346e-07,-0.9284230470657349,-1.2190151214599598,9.195063591003418,8.999999999999999e-08,0.0,0.0,0.0,8.999999999999999e-08,0.0,0.0,0.0,8.999999999999999e-08
1759811072067771968,170826,1759811072061557376,base_link,-0.043607180176968754,0.007642992485573591,0.01110282859692189,-0.9989578599094486,1.0,0.0,0.0,0.0,1.0,0.0,0.0,0.0,1.0,-0.04018431901931763,0.004445256665348948,-0.485107421875,1.2184696791468346e-07,0.0,0.0,0.0,1.2184696791468346e-07,0.0,0.0,0.0,1.2184696791468346e-07,-0.46023687720298767,-0.1563548445701587,9.932395935058594,8.999999999999999e-08,0.0,0.0,0.0,8.999999999999999e-08,0.0,0.0,0.0,8.999999999999999e-08
1759811072073084800,170827,1759811072066557376,base_link,-0.0433755094874165,0.007623357322523581,0.011994023708684763,-0.9989578177626001,1.0,0.0,0.0,0.0,1.0,0.0,0.0,0.0,1.0,-0.042329445481300354,0.01327408105134959,-0.40994006395339966,1.2184696791468346e-07,0.0,0.0,0.0,1.2184696791468346e-07,0.0,0.0,0.0,1.2184696791468346e-07,0.9712737798690796,2.942962169647218,10.107514381408691,8.999999999999999e-08,0.0,0.0,0.0,8.999999999999999e-08,0.0,0.0,0.0,8.999999999999999e-08
1759811072081633664,170828,1759811072077557376,base_link,-0.04281455073880469,0.007310027113981468,0.012039036542894416,-0.9989837802212828,1.0,0.0,0.0,0.0,1.0,0.0,0.0,0.0,1.0,-0.12012887746095657,0.043049320578575134,-0.01760940812528134,1.2184696791468346e-07,0.0,0.0,0.0,1.2184696791468346e-07,0.0,0.0,0.0,1.2184696791468346e-07,0.06273788958787918,1.891170620918275,9.281702995300293,8.999999999999999e-08,0.0,0.0,0.0,8.999999999999999e-08,0.0,0.0,0.0,8.999999999999999e-08
1759811072087859520,170829,1759811072082557376,base_link,-0.04251456791035037,0.007469350103886743,0.011140971494824268,-0.9990058651699025,1.0,0.0,0.0,0.0,1.0,0.0,0.0,0.0,1.0,-0.10934149473905563,-0.015072589740157094,0.27302345633506775,1.2184696791468346e-07,0.0,0.0,0.0,1.2184696791468346e-07,0.0,0.0,0.0,1.2184696791468346e-07,-0.07546258717775345,1.3822386264801039,11.105788230895996,8.999999999999999e-08,0.0,0.0,0.0,8.999999999999999e-08,0.0,0.0,0.0,8.999999999999999e-08
1759811072093946144,170830,1759811072087557376,base_link,-0.042118741831293265,0.007529386972501493,0.010227269965956609,-0.9990319540691308,1.0,0.0,0.0,0.0,1.0,0.0,0.0,0.0,1.0,-0.10699940472841263,-0.039435651153325986,0.3747182786464691,1.2184696791468346e-07,0.0,0.0,0.0,1.2184696791468346e-07,0.0,0.0,0.0,1.2184696791468346e-07,-0.1574593484401703,1.2522667646408092,9.35904312133789,8.999999999999999e-08,0.0,0.0,0.0,8.999999999999999e-08,0.0,0.0,0.0,8.999999999999999e-08
1759811072103347904,170831,1759811072093557376,base_link,-0.04202055152806402,0.007942240378357007,0.009417629006062326,-0.9990408049073181,1.0,0.0,0.0,0.0,1.0,0.0,0.0,0.0,1.0,-0.08354862779378891,-0.07681371271610257,0.28235355019569397,1.2184696791468346e-07,0.0,0.0,0.0,1.2184696791468346e-07,0.0,0.0,0.0,1.2184696791468346e-07,-0.2714141607284546,0.41538366675377014,9.783977508544922,8.999999999999999e-08,0.0,0.0,0.0,8.999999999999999e-08,0.0,0.0,0.0,8.999999999999999e-08
1759811072107276640,170832,1759811072102557376,base_link,-0.041863875887080834,0.008046833051292853,0.009058832884689078,-0.9990498664797478,1.0,0.0,0.0,0.0,1.0,0.0,0.0,0.0,1.0,-0.04266229271888733,-0.1190207451581955,0.04643291607499124,1.2184696791468346e-07,0.0,0.0,0.0,1.2184696791468346e-07,0.0,0.0,0.0,1.2184696791468346e-07,-0.3795039653778076,-0.6228277683258044,9.960783004760742,8.999999999999999e-08,0.0,0.0,0.0,8.999999999999999e-08,0.0,0.0,0.0,8.999999999999999e-08
1759811072115188640,170833,1759811072103557376,base_link,-0.04176176329276205,0.008383861642499234,0.009576691212342435,-0.9990465368787155,1.0,0.0,0.0,0.0,1.0,0.0,0.0,0.0,1.0,-0.053182002156972885,-0.06116643548011784,-0.3330327868461609,1.2184696791468346e-07,0.0,0.0,0.0,1.2184696791468346e-07,0.0,0.0,0.0,1.2184696791468346e-07,-1.0518537759780884,-1.326008915901183,9.505925178527832,8.999999999999999e-08,0.0,0.0,0.0,8.999999999999999e-08,0.0,0.0,0.0,8.999999999999999e-08
1759811072120803136,170834,1759811072114557376,base_link,-0.04143312587567639,0.00834851360748875,0.012159028620604936,-0.9990324598313128,1.0,0.0,0.0,0.0,1.0,0.0,0.0,0.0,1.0,-0.05912251025438309,0.007614336442202268,-0.5015876889228821,1.2184696791468346e-07,0.0,0.0,0.0,1.2184696791468346e-07,0.0,0.0,0.0,1.2184696791468346e-07,0.44603338837623596,2.154130220413209,8.875764846801758,8.999999999999999e-08,0.0,0.0,0.0,8.999999999999999e-08,0.0,0.0,0.0,8.999999999999999e-08
1759811072128668064,170835,1759811072124557376,base_link,-0.040754306099381896,0.00813427327397378,0.013136582624966569,-0.9990497400392023,1.0,0.0,0.0,0.0,1.0,0.0,0.0,0.0,1.0,-0.13658419251441956,0.03889596462249753,-0.20152978599071503,1.2184696791468346e-07,0.0,0.0,0.0,1.2184696791468346e-07,0.0,0.0,0.0,1.2184696791468346e-07,1.502880334854126,2.062349319458009,10.744634628295898,8.999999999999999e-08,0.0,0.0,0.0,8.999999999999999e-08,0.0,0.0,0.0,8.999999999999999e-08
1759811072135994464,170836,1759811072130557376,base_link,-0.040501405251981294,0.008183378303756022,0.012772644588075005,-0.9990643649956357,1.0,0.0,0.0,0.0,1.0,0.0,0.0,0.0,1.0,-0.14159339666366577,0.009534448385238661,0.1171189621090889,1.2184696791468346e-07,0.0,0.0,0.0,1.2184696791468346e-07,0.0,0.0,0.0,1.2184696791468346e-07,-0.09954787790775299,1.5796697139740001,9.652698516845703,8.999999999999999e-08,0.0,0.0,0.0,8.999999999999999e-08,0.0,0.0,0.0,8.999999999999999e-08
1759811072142209440,170837,1759811072135557376,base_link,-0.04023369110441813,0.008254951555061616,0.011658661235083575,-0.9990881779650442,1.0,0.0,0.0,0.0,1.0,0.0,0.0,0.0,1.0,-0.1127638965845108,-0.03596109524369235,0.3875938653945923,1.2184696791468346e-07,0.0,0.0,0.0,1.2184696791468346e-07,0.0,0.0,0.0,1.2184696791468346e-07,0.310243159532547,1.550978779792787,10.706860542297363,8.999999999999999e-08,0.0,0.0,0.0,8.999999999999999e-08,0.0,0.0,0.0,8.999999999999999e-08
1759811072148529152,170838,1759811072140557376,base_link,-0.03981790190714603,0.008538568235403549,0.010658558666768578,-0.9991136768083934,1.0,0.0,0.0,0.0,1.0,0.0,0.0,0.0,1.0,-0.10942459106445312,-0.06103797629475589,0.4007991850376129,1.2184696791468346e-07,0.0,0.0,0.0,1.2184696791468346e-07,0.0,0.0,0.0,1.2184696791468346e-07,0.15185348689556122,0.2910914123058331,9.418535232543945,8.999999999999999e-08,0.0,0.0,0.0,8.999999999999999e-08,0.0,0.0,0.0,8.999999999999999e-08
1759811072153959904,170839,1759811072149557376,base_link,-0.03962986242542566,0.008746432540992232,0.010046544279541868,-0.999125688660219,1.0,0.0,0.0,0.0,1.0,0.0,0.0,0.0,1.0,-0.06953730434179306,-0.08197721838951108,0.21602052450180054,1.2184696791468346e-07,0.0,0.0,0.0,1.2184696791468346e-07,0.0,0.0,0.0,1.2184696791468346e-07,-0.08648008108139038,-0.4459422528743732,9.545817375183105,8.999999999999999e-08,0.0,0.0,0.0,8.999999999999999e-08,0.0,0.0,0.0,8.999999999999999e-08
1759811072157336224,170840,1759811072151557376,base_link,-0.03954066652308645,0.008942860562655286,0.009850055671784123,-0.999129397582888,1.0,0.0,0.0,0.0,1.0,0.0,0.0,0.0,1.0,-0.051608577370643616,-0.07654321193695068,0.038849148899316795,1.2184696791468346e-07,0.0,0.0,0.0,1.2184696791468346e-07,0.0,0.0,0.0,1.2184696791468346e-07,-0.30805617570877075,-0.5631918311119067,9.617984771728516,8.999999999999999e-08,0.0,0.0,0.0,8.999999999999999e-08,0.0,0.0,0.0,8.999999999999999e-08
1759811072163924960,170841,1759811072156556352,base_link,-0.039277807165636135,0.009016143395503601,0.010458276842644831,-0.9991329800650114,1.0,0.0,0.0,0.0,1.0,0.0,0.0,0.0,1.0,-0.048754822462797165,-0.04212020337581637,-0.2360447645187378,1.2184696791468346e-07,0.0,0.0,0.0,1.2184696791468346e-07,0.0,0.0,0.0,1.2184696791468346e-07,-0.5382206439971924,-0.4715266823768604,9.526205062866211,8.999999999999999e-08,0.0,0.0,0.0,8.999999999999999e-08,0.0,0.0,0.0,8.999999999999999e-08
1759811072170327968,170842,1759811072161556352,base_link,-0.039266655372937956,0.009043853631310496,0.01130930600777681,-0.999123876345733,1.0,0.0,0.0,0.0,1.0,0.0,0.0,0.0,1.0,-0.05904732272028923,0.018506167456507638,-0.37145188450813293,1.2184696791468346e-07,0.0,0.0,0.0,1.2184696791468346e-07,0.0,0.0,0.0,1.2184696791468346e-07,0.004713144153356552,0.4455311298370373,9.452072143554688,8.999999999999999e-08,0.0,0.0,0.0,8.999999999999999e-08,0.0,0.0,0.0,8.999999999999999e-08
1759811072176972096,170843,1759811072172556352,base_link,-0.03887621091960008,0.008855642928018053,0.012676760507712716,-0.9991244242547637,1.0,0.0,0.0,0.0,1.0,0.0,0.0,0.0,1.0,-0.05871880427002907,0.02854757010936734,-0.26254114508628845,1.2184696791468346e-07,0.0,0.0,0.0,1.2184696791468346e-07,0.0,0.0,0.0,1.2184696791468346e-07,1.0908772945404053,1.3994156122207655,10.308077812194824,8.999999999999999e-08,0.0,0.0,0.0,8.999999999999999e-08,0.0,0.0,0.0,8.999999999999999e-08
1759811072183294080,170844,1759811072178556352,base_link,-0.038618298548493725,0.008805293249115725,0.012472938348314066,-0.999137405484105,1.0,0.0,0.0,0.0,1.0,0.0,0.0,0.0,1.0,-0.0984007716178894,0.026077771559357643,0.009261820465326306,1.2184696791468346e-07,0.0,0.0,0.0,1.2184696791468346e-07,0.0,0.0,0.0,1.2184696791468346e-07,0.870168924331665,1.6326775550842296,9.254937171936035,8.999999999999999e-08,0.0,0.0,0.0,8.999999999999999e-08,0.0,0.0,0.0,8.999999999999999e-08
1759811072188124416,170845,1759811072183556352,base_link,-0.03819803256565636,0.008751375576069148,0.011748644756654339,-0.999162820033757,1.0,0.0,0.0,0.0,1.0,0.0,0.0,0.0,1.0,-0.12549687922000885,0.01986486092209819,0.24522416293621063,1.2184696791468346e-07,0.0,0.0,0.0,1.2184696791468346e-07,0.0,0.0,0.0,1.2184696791468346e-07,0.3823870122432709,2.0796811580657972,9.72676944732666,8.999999999999999e-08,0.0,0.0,0.0,8.999999999999999e-08,0.0,0.0,0.0,8.999999999999999e-08
1759811072195158240,170846,1759811072188556352,base_link,-0.03802198781360439,0.008900251415899785,0.010313038802676294,-0.9991840620454066,1.0,0.0,0.0,0.0,1.0,0.0,0.0,0.0,1.0,-0.10828591138124466,-0.022195227444171847,0.4728507101535797,1.2184696791468346e-07,0.0,0.0,0.0,1.2184696791468346e-07,0.0,0.0,0.0,1.2184696791468346e-07,0.3538814187049866,1.3731917142868055,10.27334213256836,8.999999999999999e-08,0.0,0.0,0.0,8.999999999999999e-08,0.0,0.0,0.0,8.999999999999999e-08
1759811072198201024,170847,1759811072193556352,base_link,-0.03767807084684451,0.009081365643574209,0.009078515462943677,-0.9992074535463301,1.0,0.0,0.0,0.0,1.0,0.0,0.0,0.0,1.0,-0.10271001607179642,-0.05355373397469514,0.501088559627533,1.2184696791468346e-07,0.0,0.0,0.0,1.2184696791468346e-07,0.0,0.0,0.0,1.2184696791468346e-07,-0.40063560009002686,0.2339469790458691,9.830278396606445,8.999999999999999e-08,0.0,0.0,0.0,8.999999999999999e-08,0.0,0.0,0.0,8.999999999999999e-08
1759811072212458464,170848,1759811072204556352,base_link,-0.03732761058185331,0.009520350095506476,0.00818053470857057,-0.9992243122857344,1.0,0.0,0.0,0.0,1.0,0.0,0.0,0.0,1.0,-0.05585813522338867,-0.06918189674615857,0.1867290437221527,1.2184696791468346e-07,0.0,0.0,0.0,1.2184696791468346e-07,0.0,0.0,0.0,1.2184696791468346e-07,-0.3826274871826172,-0.8706614971160876,9.559012413024902,8.999999999999999e-08,0.0,0.0,0.0,8.999999999999999e-08,0.0,0.0,0.0,8.999999999999999e-08
1759811072213861728,170849,1759811072209556352,base_link,-0.03712814798709748,0.00951419402144585,0.008762962008142625,-0.9992268832434936,1.0,0.0,0.0,0.0,1.0,0.0,0.0,0.0,1.0,-0.06347914785146713,-0.04841246828436853,-0.0904325395822525,1.2184696791468346e-07,0.0,0.0,0.0,1.2184696791468346e-07,0.0,0.0,0.0,1.2184696791468346e-07,-0.1669364869594574,-0.2429174929857243,9.082111358642578,8.999999999999999e-08,0.0,0.0,0.0,8.999999999999999e-08,0.0,0.0,0.0,8.999999999999999e-08
1759811072225543968,170850,1759811072214556352,base_link,-0.03708383189297729,0.009557219368330396,0.009705955596725341,-0.9992193811044586,1.0,0.0,0.0,0.0,1.0,0.0,0.0,0.0,1.0,-0.029622556641697884,0.027216587215661957,-0.3637896180152893,1.2184696791468346e-07,0.0,0.0,0.0,1.2184696791468346e-07,0.0,0.0,0.0,1.2184696791468346e-07,0.26336869597435,0.3547229766845715,9.62186336517334,8.999999999999999e-08,0.0,0.0,0.0,8.999999999999999e-08,0.0,0.0,0.0,8.999999999999999e-08
1759811072230353248,170851,1759811072225556352,base_link,-0.03690939925788086,0.009065852969144167,0.010906635017103712,-0.9992180324053064,1.0,0.0,0.0,0.0,1.0,0.0,0.0,0.0,1.0,-0.04678367078304291,0.07734743505716321,-0.19517353177070618,1.2184696791468346e-07,0.0,0.0,0.0,1.2184696791468346e-07,0.0,0.0,0.0,1.2184696791468346e-07,0.8649375438690186,1.8374389410018932,9.311272621154785,8.999999999999999e-08,0.0,0.0,0.0,8.999999999999999e-08,0.0,0.0,0.0,8.999999999999999e-08
1759811072237224672,170852,1759811072230556352,base_link,-0.036678749312315975,0.009066676149779148,0.01060461070067463,-0.9992297492291924,1.0,0.0,0.0,0.0,1.0,0.0,0.0,0.0,1.0,-0.055563997477293015,0.04639581218361856,0.10030622780323029,1.2184696791468346e-07,0.0,0.0,0.0,1.2184696791468346e-07,0.0,0.0,0.0,1.2184696791468346e-07,0.470627099275589,1.7680612802505506,10.38964557647705,8.999999999999999e-08,0.0,0.0,0.0,8.999999999999999e-08,0.0,0.0,0.0,8.999999999999999e-08
1759811072242813056,170853,1759811072235556352,base_link,-0.036406755942539934,0.008904957374953832,0.009723320098311833,-0.9992501483038716,1.0,0.0,0.0,0.0,1.0,0.0,0.0,0.0,1.0,-0.04984821006655693,-0.005744139663875057,0.3786434233188629,1.2184696791468346e-07,0.0,0.0,0.0,1.2184696791468346e-07,0.0,0.0,0.0,1.2184696791468346e-07,0.08094437420368195,1.6978261470794689,9.679301261901855,8.999999999999999e-08,0.0,0.0,0.0,8.999999999999999e-08,0.0,0.0,0.0,8.999999999999999e-08
1759811072249196864,170854,1759811072241556352,base_link,-0.03649152247451846,0.009155885223008519,0.008565124701232484,-0.999255374513087,1.0,0.0,0.0,0.0,1.0,0.0,0.0,0.0,1.0,-0.07009613513946533,-0.018383204936981146,0.4425891637802124,1.2184696791468346e-07,0.0,0.0,0.0,1.2184696791468346e-07,0.0,0.0,0.0,1.2184696791468346e-07,0.23809760808944702,0.3614402413368237,9.553902626037598,8.999999999999999e-08,0.0,0.0,0.0,8.999999999999999e-08,0.0,0.0,0.0,8.999999999999999e-08
1759811072259020128,170855,1759811072246556352,base_link,-0.03623204803583917,0.009168321177497264,0.007580237145229903,-0.9992726547209765,1.0,0.0,0.0,0.0,1.0,0.0,0.0,0.0,1.0,-0.024683082476258278,-0.02829127013683316,0.2505124807357788,1.2184696791468346e-07,0.0,0.0,0.0,1.2184696791468346e-07,0.0,0.0,0.0,1.2184696791468346e-07,0.2725841999053955,-0.25412958860397217,9.777867317199707,8.999999999999999e-08,0.0,0.0,0.0,8.999999999999999e-08,0.0,0.0,0.0,8.999999999999999e-08
1759811072262509760,170856,1759811072257556352,base_link,-0.036330260729581676,0.009440695185998918,0.007223042604100069,-0.99926915653255,1.0,0.0,0.0,0.0,1.0,0.0,0.0,0.0,1.0,0.006663789041340351,-0.036003615707159035,0.07755507528781891,1.2184696791468346e-07,0.0,0.0,0.0,1.2184696791468346e-07,0.0,0.0,0.0,1.2184696791468346e-07,-0.09465982019901276,-1.0586210489273058,10.830096244812012,8.999999999999999e-08,0.0,0.0,0.0,8.999999999999999e-08,0.0,0.0,0.0,8.999999999999999e-08
1759811072269778016,170857,1759811072262557376,base_link,-0.03633156859897453,0.009301256288967674,0.008087052998573383,-0.9992638460296377,1.0,0.0,0.0,0.0,1.0,0.0,0.0,0.0,1.0,0.027850225567817688,0.010930734686553437,-0.3358459770679474,1.2184696791468346e-07,0.0,0.0,0.0,1.2184696791468346e-07,0.0,0.0,0.0,1.2184696791468346e-07,-0.6689997911453247,-1.0164425373077381,8.94815731048584,8.999999999999999e-08,0.0,0.0,0.0,8.999999999999999e-08,0.0,0.0,0.0,8.999999999999999e-08
1759811072272863968,170858,1759811072267557376,base_link,-0.03659752970105745,0.009261723862153468,0.009556039256572078,-0.9992415081999269,1.0,0.0,0.0,0.0,1.0,0.0,0.0,0.0,1.0,0.04988795146346092,0.015028432942926828,-0.4596327841281891,1.2184696791468346e-07,0.0,0.0,0.0,1.2184696791468346e-07,0.0,0.0,0.0,1.2184696791468346e-07,0.30558332800865173,0.3215062916278851,9.721391677856445,8.999999999999999e-08,0.0,0.0,0.0,8.999999999999999e-08,0.0,0.0,0.0,8.999999999999999e-08
1759811072282149952,170859,1759811072272557376,base_link,-0.036642193506677856,0.008735121380523118,0.010683088132601933,-0.9992332052707703,1.0,0.0,0.0,0.0,1.0,0.0,0.0,0.0,1.0,0.061647407710552216,0.12457179278135296,-0.3954383432865143,1.2184696791468346e-07,0.0,0.0,0.0,1.2184696791468346e-07,0.0,0.0,0.0,1.2184696791468346e-07,1.5313026905059814,2.238526582717897,9.619118690490723,8.999999999999999e-08,0.0,0.0,0.0,8.999999999999999e-08,0.0,0.0,0.0,8.999999999999999e-08
1759811072294498496,170860,1759811072283557376,base_link,-0.036652846122638985,0.00801589594739684,0.011097433800312495,-0.9992343432356801,1.0,0.0,0.0,0.0,1.0,0.0,0.0,0.0,1.0,-0.004286997020244598,0.14746683835983276,-0.014787444844841974,1.2184696791468346e-07,0.0,0.0,0.0,1.2184696791468346e-07,0.0,0.0,0.0,1.2184696791468346e-07,0.40402519702911377,2.290085554122926,9.350701332092285,8.999999999999999e-08,0.0,0.0,0.0,8.999999999999999e-08,0.0,0.0,0.0,8.999999999999999e-08
1759811072294503584,170861,1759811072288557376,base_link,-0.03668252408943573,0.007885908481144161,0.010355143504338669,-0.9992422668432002,1.0,0.0,0.0,0.0,1.0,0.0,0.0,0.0,1.0,-0.0005953112267889082,0.10427248477935794,0.23894952237606049,1.2184696791468346e-07,0.0,0.0,0.0,1.2184696791468346e-07,0.0,0.0,0.0,1.2184696791468346e-07,-0.7627995014190674,1.0517790317535411,9.558274269104004,8.999999999999999e-08,0.0,0.0,0.0,8.999999999999999e-08,0.0,0.0,0.0,8.999999999999999e-08
1759811072302349728,170862,1759811072294557376,base_link,-0.03689519445284367,0.007766572313763597,0.009478489055312051,-0.9992440370108375,1.0,0.0,0.0,0.0,1.0,0.0,0.0,0.0,1.0,0.016896916553378105,0.01207223068922762,0.3155674338340759,1.2184696791468346e-07,0.0,0.0,0.0,1.2184696791468346e-07,0.0,0.0,0.0,1.2184696791468346e-07,0.018092945218086243,0.13148118555545937,10.631682395935059,8.999999999999999e-08,0.0,0.0,0.0,8.999999999999999e-08,0.0,0.0,0.0,8.999999999999999e-08
1759811072304485408,170863,1759811072299557376,base_link,-0.036857238581581575,0.00776107478421096,0.008778556342091619,-0.9992519184715091,1.0,0.0,0.0,0.0,1.0,0.0,0.0,0.0,1.0,0.02881145104765892,0.019195655360817944,0.29015016555786133,1.2184696791468346e-07,0.0,0.0,0.0,1.2184696791468346e-07,0.0,0.0,0.0,1.2184696791468346e-07,0.10977017879486084,0.4042535722255718,9.105978012084961,8.999999999999999e-08,0.0,0.0,0.0,8.999999999999999e-08,0.0,0.0,0.0,8.999999999999999e-08
1759811072310990048,170864,1759811072304557376,base_link,-0.03704603143821908,0.007816638818527493,0.008486310094517112,-0.9992470294370819,1.0,0.0,0.0,0.0,1.0,0.0,0.0,0.0,1.0,0.08138981461524963,-0.005732722580432879,0.10911813378334045,1.2184696791468346e-07,0.0,0.0,0.0,1.2184696791468346e-07,0.0,0.0,0.0,1.2184696791468346e-07,0.2001136988401413,-0.7588577866554247,10.450333595275879,8.999999999999999e-08,0.0,0.0,0.0,8.999999999999999e-08,0.0,0.0,0.0,8.999999999999999e-08
1759811072317175296,170865,1759811072313557376,base_link,-0.03741227174671056,0.007730343146201438,0.008842745992373714,-0.9992309714877992,1.0,0.0,0.0,0.0,1.0,0.0,0.0,0.0,1.0,0.0893595814704895,0.015203711576759786,-0.24419254064559937,1.2184696791468346e-07,0.0,0.0,0.0,1.2184696791468346e-07,0.0,0.0,0.0,1.2184696791468346e-07,-0.630376935005188,-1.4197897911071766,9.243586540222168,8.999999999999999e-08,0.0,0.0,0.0,8.999999999999999e-08,0.0,0.0,0.0,8.999999999999999e-08
1759811072324200992,170866,1759811072320557376,base_link,-0.03801276292213657,0.007289425207593733,0.011342897046039989,-0.9991862958283776,1.0,0.0,0.0,0.0,1.0,0.0,0.0,0.0,1.0,0.12051177024841309,0.07148032635450358,-0.485044926404953,1.2184696791468346e-07,0.0,0.0,0.0,1.2184696791468346e-07,0.0,0.0,0.0,1.2184696791468346e-07,0.41097143292427063,1.290724277496339,9.652313232421875,8.999999999999999e-08,0.0,0.0,0.0,8.999999999999999e-08,0.0,0.0,0.0,8.999999999999999e-08
1759811072335264736,170867,1759811072325557376,base_link,-0.038195213995162194,0.007001117056176933,0.012320366756704622,-0.9991698585574583,1.0,0.0,0.0,0.0,1.0,0.0,0.0,0.0,1.0,0.09329980611801147,0.10329505056142801,-0.41484448313713074,1.2184696791468346e-07,0.0,0.0,0.0,1.2184696791468346e-07,0.0,0.0,0.0,1.2184696791468346e-07,0.6905014514923096,2.690881729125978,10.291813850402832,8.999999999999999e-08,0.0,0.0,0.0,8.999999999999999e-08,0.0,0.0,0.0,8.999999999999999e-08
1759811072343857856,170868,1759811072336557376,base_link,-0.038494631792428666,0.006333288387720671,0.012131127406890702,-0.9991651381104252,1.0,0.0,0.0,0.0,1.0,0.0,0.0,0.0,1.0,0.044090386480093,0.13045236468315127,0.1322110444307327,1.2184696791468346e-07,0.0,0.0,0.0,1.2184696791468346e-07,0.0,0.0,0.0,1.2184696791468346e-07,0.3648275136947632,1.5218411684036266,9.265249252319336,8.999999999999999e-08,0.0,0.0,0.0,8.999999999999999e-08,0.0,0.0,0.0,8.999999999999999e-08
1759811072351608064,170869,1759811072347557376,base_link,-0.03877996595684742,0.006024778724976993,0.010418026602316936,-0.9991753376477648,1.0,0.0,0.0,0.0,1.0,0.0,0.0,0.0,1.0,0.06652374565601349,0.07318115979433064,0.34858062863349915,1.2184696791468346e-07,0.0,0.0,0.0,1.2184696791468346e-07,0.0,0.0,0.0,1.2184696791468346e-07,0.025668911635875702,1.0327317714691175,10.073334693908691,8.999999999999999e-08,0.0,0.0,0.0,8.999999999999999e-08,0.0,0.0,0.0,8.999999999999999e-08
1759811072357084000,170870,1759811072352557376,base_link,-0.03894273313452944,0.006128964417406905,0.009731580880619962,-0.9991752955009163,1.0,0.0,0.0,0.0,1.0,0.0,0.0,0.0,1.0,0.08195626735687256,-0.0001917559420689574,0.29934731125831604,1.2184696791468346e-07,0.0,0.0,0.0,1.2184696791468346e-07,0.0,0.0,0.0,1.2184696791468346e-07,-0.6452934741973877,-0.09729640930890916,9.910867691040039,8.999999999999999e-08,0.0,0.0,0.0,8.999999999999999e-08,0.0,0.0,0.0,8.999999999999999e-08
1759811072365429920,170871,1759811072357556608,base_link,-0.0390446784585432,0.0061627898975149305,0.009594224301322984,-0.9991724716620661,1.0,0.0,0.0,0.0,1.0,0.0,0.0,0.0,1.0,0.09362080693244934,-0.02987621165812015,0.054841015487909324,1.2184696791468346e-07,0.0,0.0,0.0,1.2184696791468346e-07,0.0,0.0,0.0,1.2184696791468346e-07,-0.5343447327613831,-1.0602091550827013,10.048759460449219,8.999999999999999e-08,0.0,0.0,0.0,8.999999999999999e-08,0.0,0.0,0.0,8.999999999999999e-08
1759811072371681376,170872,1759811072362556608,base_link,-0.03956664215265932,0.006331249533923957,0.010082748422412732,-0.9991460455880498,1.0,0.0,0.0,0.0,1.0,0.0,0.0,0.0,1.0,0.10460400581359863,-0.021364385262131722,-0.2636868357658386,1.2184696791468346e-07,0.0,0.0,0.0,1.2184696791468346e-07,0.0,0.0,0.0,1.2184696791468346e-07,-0.5762642621994019,-0.8174118995666493,9.512080192565918,8.999999999999999e-08,0.0,0.0,0.0,8.999999999999999e-08,0.0,0.0,0.0,8.999999999999999e-08
1759811072375948416,170873,1759811072368556608,base_link,-0.039698435347952886,0.006242540954520652,0.011253292846105814,-0.9991288918207059,1.0,0.0,0.0,0.0,1.0,0.0,0.0,0.0,1.0,0.1227487325668335,-0.008583180606365256,-0.41796255111694336,1.2184696791468346e-07,0.0,0.0,0.0,1.2184696791468346e-07,0.0,0.0,0.0,1.2184696791468346e-07,-0.4238553047180176,0.36648687720298884,9.727198600769043,8.999999999999999e-08,0.0,0.0,0.0,8.999999999999999e-08,0.0,0.0,0.0,8.999999999999999e-08
1759811072379872800,170874,1759811072373556608,base_link,-0.040125666097506674,0.006137696717582757,0.012308144170636467,-0.9991000633763243,1.0,0.0,0.0,0.0,1.0,0.0,0.0,0.0,1.0,0.09144431352615356,0.03435359150171275,-0.41346922516822815,1.2184696791468346e-07,0.0,0.0,0.0,1.2184696791468346e-07,0.0,0.0,0.0,1.2184696791468346e-07,0.06105325371026993,1.8575016260147106,9.230646133422852,8.999999999999999e-08,0.0,0.0,0.0,8.999999999999999e-08,0.0,0.0,0.0,8.999999999999999e-08
1759811072386828672,170875,1759811072378556608,base_link,-0.040282102028288955,0.005927433992896002,0.013037411090420456,-0.9990857755946791,1.0,0.0,0.0,0.0,1.0,0.0,0.0,0.0,1.0,0.08888863772153854,0.03945607692003247,-0.22785663604736328,1.2184696791468346e-07,0.0,0.0,0.0,1.2184696791468346e-07,0.0,0.0,0.0,1.2184696791468346e-07,0.44622376561164856,2.3214960098266615,10.104491233825684,8.999999999999999e-08,0.0,0.0,0.0,8.999999999999999e-08,0.0,0.0,0.0,8.999999999999999e-08
1759811072392770528,170876,1759811072389556608,base_link,-0.04053259391987936,0.005796797201758455,0.012738842815569295,-0.9990802122106757,1.0,0.0,0.0,0.0,1.0,0.0,0.0,0.0,1.0,0.042173389345407486,0.03925236314535142,0.05169605091214179,1.2184696791468346e-07,0.0,0.0,0.0,1.2184696791468346e-07,0.0,0.0,0.0,1.2184696791468346e-07,0.6159688234329224,1.5032455921173107,9.792672157287598,8.999999999999999e-08,0.0,0.0,0.0,8.999999999999999e-08,0.0,0.0,0.0,8.999999999999999e-08
1759811072398908320,170877,1759811072394556608,base_link,-0.04053485141045272,0.005945425428854089,0.01189653804807905,-0.9990896109578936,1.0,0.0,0.0,0.0,1.0,0.0,0.0,0.0,1.0,0.03579499572515488,-0.02033755369484421,0.28453847765922546,1.2184696791468346e-07,0.0,0.0,0.0,1.2184696791468346e-07,0.0,0.0,0.0,1.2184696791468346e-07,-0.4220951497554779,1.1590915918350233,10.27202033996582,8.999999999999999e-08,0.0,0.0,0.0,8.999999999999999e-08,0.0,0.0,0.0,8.999999999999999e-08
1759811072409213408,170878,1759811072399556608,base_link,-0.04080569232733979,0.00618439805991086,0.011012255019472,-0.9990872928812256,1.0,0.0,0.0,0.0,1.0,0.0,0.0,0.0,1.0,0.05888012424111366,-0.08284144103527065,0.33525264263153076,1.2184696791468346e-07,0.0,0.0,0.0,1.2184696791468346e-07,0.0,0.0,0.0,1.2184696791468346e-07,-0.07218588888645172,0.8420785665512097,10.238663673400879,8.999999999999999e-08,0.0,0.0,0.0,8.999999999999999e-08,0.0,0.0,0.0,8.999999999999999e-08
1759811072411216608,170879,1759811072405556608,base_link,-0.041017754195622355,0.0064148781009926836,0.010533761848327841,-0.9990823616999498,1.0,0.0,0.0,0.0,1.0,0.0,0.0,0.0,1.0,0.08094826340675354,-0.08121920377016065,0.2441023588180542,1.2184696791468346e-07,0.0,0.0,0.0,1.2184696791468346e-07,0.0,0.0,0.0,1.2184696791468346e-07,-0.1639403998851776,-0.1823461055755604,9.04064655303955,8.999999999999999e-08,0.0,0.0,0.0,8.999999999999999e-08,0.0,0.0,0.0,8.999999999999999e-08
1759811072419833056,170880,1759811072415556608,base_link,-0.04153792664867676,0.006885393663967161,0.01134542585695064,-0.9990488128085351,1.0,0.0,0.0,0.0,1.0,0.0,0.0,0.0,1.0,0.10860121250152588,-0.09667751938104631,-0.16233685612678528,1.2184696791468346e-07,0.0,0.0,0.0,1.2184696791468346e-07,0.0,0.0,0.0,1.2184696791468346e-07,-0.8396344184875488,-0.42362779378890875,9.40732192993164,8.999999999999999e-08,0.0,0.0,0.0,8.999999999999999e-08,0.0,0.0,0.0,8.999999999999999e-08
1759811072433141984,170881,1759811072426556608,base_link,-0.04192536682196922,0.007103524678435293,0.013727439294240815,-0.9990012290165663,1.0,0.0,0.0,0.0,1.0,0.0,0.0,0.0,1.0,0.09137045592069626,-0.04687843099236494,-0.4659824073314667,1.2184696791468346e-07,0.0,0.0,0.0,1.2184696791468346e-07,0.0,0.0,0.0,1.2184696791468346e-07,-0.31994685530662537,1.0276759862899791,9.913496017456055,8.999999999999999e-08,0.0,0.0,0.0,8.999999999999999e-08,0.0,0.0,0.0,8.999999999999999e-08
1759811072439203968,170882,1759811072436556608,base_link,-0.04214558673961667,0.007292598075033197,0.014199736878653882,-0.9989840331023738,1.0,0.0,0.0,0.0,1.0,0.0,0.0,0.0,1.0,0.03281658887863159,-0.034579511731863036,-0.08973430097103119,1.2184696791468346e-07,0.0,0.0,0.0,1.2184696791468346e-07,0.0,0.0,0.0,1.2184696791468346e-07,0.6265568733215332,1.7982758283615123,9.562171936035156,8.999999999999999e-08,0.0,0.0,0.0,8.999999999999999e-08,0.0,0.0,0.0,8.999999999999999e-08
1759811072445222848,170883,1759811072442556608,base_link,-0.042126386215941926,0.0073259599398076015,0.013626329004663203,-0.9989925889126215,1.0,0.0,0.0,0.0,1.0,0.0,0.0,0.0,1.0,0.0008728812681511045,-0.023989589884877188,0.1308533102273941,1.2184696791468346e-07,0.0,0.0,0.0,1.2184696791468346e-07,0.0,0.0,0.0,1.2184696791468346e-07,0.40337327122688293,1.4525905847549452,10.392342567443848,8.999999999999999e-08,0.0,0.0,0.0,8.999999999999999e-08,0.0,0.0,0.0,8.999999999999999e-08
1759811072455036992,170884,1759811072447556608,base_link,-0.04231296504594359,0.00776928156586944,0.012771970238498832,-0.9989926310594701,1.0,0.0,0.0,0.0,1.0,0.0,0.0,0.0,1.0,0.029086356982588768,-0.09880156069993969,0.3134474754333496,1.2184696791468346e-07,0.0,0.0,0.0,1.2184696791468346e-07,0.0,0.0,0.0,1.2184696791468346e-07,0.3656756281852722,0.8494325280189526,10.195650100708008,8.999999999999999e-08,0.0,0.0,0.0,8.999999999999999e-08,0.0,0.0,0.0,8.999999999999999e-08
1759811072459256768,170885,1759811072452556608,base_link,-0.042228705593236215,0.00798165163298174,0.012064113917758365,-0.9990032942121433,1.0,0.0,0.0,0.0,1.0,0.0,0.0,0.0,1.0,0.028923094272613525,-0.12691028416156766,0.2655695676803589,1.2184696791468346e-07,0.0,0.0,0.0,1.2184696791468346e-07,0.0,0.0,0.0,1.2184696791468346e-07,0.3704194724559784,0.6252914071083081,9.690303802490234,8.999999999999999e-08,0.0,0.0,0.0,8.999999999999999e-08,0.0,0.0,0.0,8.999999999999999e-08
1759811072468637920,170886,1759811072458555584,base_link,-0.04232673784578354,0.008406045372795138,0.01185190453550603,-0.9989981944434735,1.0,0.0,0.0,0.0,1.0,0.0,0.0,0.0,1.0,0.04490278288722038,-0.11536698043346405,-0.004514949396252618,1.2184696791468346e-07,0.0,0.0,0.0,1.2184696791468346e-07,0.0,0.0,0.0,1.2184696791468346e-07,-0.6330358982086182,0.10726337134838217,9.127500534057617,8.999999999999999e-08,0.0,0.0,0.0,8.999999999999999e-08,0.0,0.0,0.0,8.999999999999999e-08
1759811072474109632,170887,1759811072468555584,base_link,-0.042558748344301914,0.008819961669486532,0.013125835178596345,-0.9989688602369099,1.0,0.0,0.0,0.0,1.0,0.0,0.0,0.0,1.0,0.038792986422777176,-0.08368278294801716,-0.30457767844200134,1.2184696791468346e-07,0.0,0.0,0.0,1.2184696791468346e-07,0.0,0.0,0.0,1.2184696791468346e-07,-0.5906363725662231,-0.23086950182914626,8.743433952331543,8.999999999999999e-08,0.0,0.0,0.0,8.999999999999999e-08,0.0,0.0,0.0,8.999999999999999e-08
1759811072482669504,170888,1759811072473555584,base_link,-0.042814374248876554,0.009017582973798049,0.014488442790953494,-0.9989373343942238,1.0,0.0,0.0,0.0,1.0,0.0,0.0,0.0,1.0,0.04416528716683388,-0.05160410702228552,-0.4807055592536926,1.2184696791468346e-07,0.0,0.0,0.0,1.2184696791468346e-07,0.0,0.0,0.0,1.2184696791468346e-07,0.324598491191864,0.8657993674278271,10.190598487854004,8.999999999999999e-08,0.0,0.0,0.0,8.999999999999999e-08,0.0,0.0,0.0,8.999999999999999e-08
1759811072487158528,170889,1759811072483555584,base_link,-0.04284442758604285,0.0089693432714993,0.015518848943347853,-0.9989209814170016,1.0,0.0,0.0,0.0,1.0,0.0,0.0,0.0,1.0,0.039177145808935165,-0.009405641816556499,-0.3634478449821472,1.2184696791468346e-07,0.0,0.0,0.0,1.2184696791468346e-07,0.0,0.0,0.0,1.2184696791468346e-07,1.0116163492202759,2.165064334869386,9.70318603515625,8.999999999999999e-08,0.0,0.0,0.0,8.999999999999999e-08,0.0,0.0,0.0,8.999999999999999e-08
1759811072494098336,170890,1759811072484555584,base_link,-0.04286602126045961,0.008929294545790839,0.015945080022338513,-0.9989136900122092,1.0,0.0,0.0,0.0,1.0,0.0,0.0,0.0,1.0,-0.011359872296452522,-0.010367128066718597,-0.1517132818698883,1.2184696791468346e-07,0.0,0.0,0.0,1.2184696791468346e-07,0.0,0.0,0.0,1.2184696791468346e-07,0.9212031364440918,2.4915592670440687,10.206374168395996,8.999999999999999e-08,0.0,0.0,0.0,8.999999999999999e-08,0.0,0.0,0.0,8.999999999999999e-08
1759811072499819712,170891,1759811072495555584,base_link,-0.04256520076339113,0.009218171679662537,0.014935115091471982,-0.9989396103240433,1.0,0.0,0.0,0.0,1.0,0.0,0.0,0.0,1.0,-0.05828607827425003,-0.028937695547938323,0.1957261860370636,1.2184696791468346e-07,0.0,0.0,0.0,1.2184696791468346e-07,0.0,0.0,0.0,1.2184696791468346e-07,0.23898223042488098,1.7520440816879286,10.13418960571289,8.999999999999999e-08,0.0,0.0,0.0,8.999999999999999e-08,0.0,0.0,0.0,8.999999999999999e-08
1759811072507542720,170892,1759811072500555584,base_link,-0.042658079246618984,0.009488309271015084,0.014007210074656115,-0.9989465224071992,1.0,0.0,0.0,0.0,1.0,0.0,0.0,0.0,1.0,-0.05590413883328438,-0.07325448095798488,0.3545207977294922,1.2184696791468346e-07,0.0,0.0,0.0,1.2184696791468346e-07,0.0,0.0,0.0,1.2184696791468346e-07,0.34820082783699036,0.8800604939460767,9.608701705932617,8.999999999999999e-08,0.0,0.0,0.0,8.999999999999999e-08,0.0,0.0,0.0,8.999999999999999e-08
1759811072516880800,170893,1759811072510555584,base_link,-0.042396675272531305,0.009863794227309621,0.013042047243756643,-0.9989670900692724,1.0,0.0,0.0,0.0,1.0,0.0,0.0,0.0,1.0,-0.040036965161561966,-0.06659691035747527,0.10744227468967439,1.2184696791468346e-07,0.0,0.0,0.0,1.2184696791468346e-07,0.0,0.0,0.0,1.2184696791468346e-07,0.05174726992845535,-0.08756472170352815,9.845734596252441,8.999999999999999e-08,0.0,0.0,0.0,8.999999999999999e-08,0.0,0.0,0.0,8.999999999999999e-08
1759811072532970080,170894,1759811072526555584,base_link,-0.04231271611611957,0.00989991671066149,0.0158091985827394,-0.9989302958705224,1.0,0.0,0.0,0.0,1.0,0.0,0.0,0.0,1.0,0.008205593563616276,0.02740464545786375,-0.4849672019481659,1.2184696791468346e-07,0.0,0.0,0.0,1.2184696791468346e-07,0.0,0.0,0.0,1.2184696791468346e-07,0.3629901707172394,1.1063467264175426,9.374927520751953,8.999999999999999e-08,0.0,0.0,0.0,8.999999999999999e-08,0.0,0.0,0.0,8.999999999999999e-08
1759811072541020928,170895,1759811072537555584,base_link,-0.042077788265430835,0.009422425844258458,0.017166200664244652,-0.998922498703548,1.0,0.0,0.0,0.0,1.0,0.0,0.0,0.0,1.0,-0.064076267182827,0.08156043291091916,-0.22428980469703674,1.2184696791468346e-07,0.0,0.0,0.0,1.2184696791468346e-07,0.0,0.0,0.0,1.2184696791468346e-07,1.4475986957550049,1.966854810714723,10.776510238647461,8.999999999999999e-08,0.0,0.0,0.0,8.999999999999999e-08,0.0,0.0,0.0,8.999999999999999e-08
1759811072550039360,170896,1759811072547555584,base_link,-0.0415738739591895,0.009366013604615642,0.01606899175696056,-0.9989623274753907,1.0,0.0,0.0,0.0,1.0,0.0,0.0,0.0,1.0,-0.08537325263023376,0.03959030285477641,0.22891131043434143,1.2184696791468346e-07,0.0,0.0,0.0,1.2184696791468346e-07,0.0,0.0,0.0,1.2184696791468346e-07,1.2905857563018799,2.1697056293487558,8.822651863098145,8.999999999999999e-08,0.0,0.0,0.0,8.999999999999999e-08,0.0,0.0,0.0,8.999999999999999e-08
1759811072561057952,170897,1759811072557555584,base_link,-0.041483006670889035,0.00950336886682363,0.015350893752031948,-0.9989760673480053,1.0,0.0,0.0,0.0,1.0,0.0,0.0,0.0,1.0,-0.08427919447422028,0.004583834670484107,0.32939159870147705,1.2184696791468346e-07,0.0,0.0,0.0,1.2184696791468346e-07,0.0,0.0,0.0,1.2184696791468346e-07,-0.17940787971019745,0.2174678146839153,8.968965530395508,8.999999999999999e-08,0.0,0.0,0.0,8.999999999999999e-08,0.0,0.0,0.0,8.999999999999999e-08
1759811072572947360,170898,1759811072563555328,base_link,-0.04116161982883626,0.009508807127370551,0.014318801725697156,-0.9990047272049927,1.0,0.0,0.0,0.0,1.0,0.0,0.0,0.0,1.0,-0.07924024760723114,0.005683467257767927,0.09277285635471344,1.2184696791468346e-07,0.0,0.0,0.0,1.2184696791468346e-07,0.0,0.0,0.0,1.2184696791468346e-07,-0.033873170614242554,-0.32088807225227245,9.227564811706543,8.999999999999999e-08,0.0,0.0,0.0,8.999999999999999e-08,0.0,0.0,0.0,8.999999999999999e-08
1759811072579486720,170899,1759811072574555328,base_link,-0.04085918194645618,0.009411845668193208,0.015740920688151774,-0.9989966350100786,1.0,0.0,0.0,0.0,1.0,0.0,0.0,0.0,1.0,-0.048624858260154724,0.020839985460042912,-0.3387376666069031,1.2184696791468346e-07,0.0,0.0,0.0,1.2184696791468346e-07,0.0,0.0,0.0,1.2184696791468346e-07,-0.45712706446647644,-0.8158819675445546,8.891770362854004,8.999999999999999e-08,0.0,0.0,0.0,8.999999999999999e-08,0.0,0.0,0.0,8.999999999999999e-08
1759811072589721184,170900,1759811072585555328,base_link,-0.04073463274075042,0.00890088361862745,0.018548659442250523,-0.9989581970842367,1.0,0.0,0.0,0.0,1.0,0.0,0.0,0.0,1.0,-0.04997607320547104,0.09976311028003686,-0.5320793986320496,1.2184696791468346e-07,0.0,0.0,0.0,1.2184696791468346e-07,0.0,0.0,0.0,1.2184696791468346e-07,1.732885718345642,2.7221021652221693,10.52055835723877,8.999999999999999e-08,0.0,0.0,0.0,8.999999999999999e-08,0.0,0.0,0.0,8.999999999999999e-08
1759811072597915968,170901,1759811072590555328,base_link,-0.04060464000614168,0.008602005827857523,0.018926168764362587,-0.9989589978743584,1.0,0.0,0.0,0.0,1.0,0.0,0.0,0.0,1.0,-0.11212313920259476,0.11430180072784422,-0.16578079760074618,1.2184696791468346e-07,0.0,0.0,0.0,1.2184696791468346e-07,0.0,0.0,0.0,1.2184696791468346e-07,1.4701238870620728,2.621540069580079,8.995820045471191,8.999999999999999e-08,0.0,0.0,0.0,8.999999999999999e-08,0.0,0.0,0.0,8.999999999999999e-08
1759811072610468608,170902,1759811072600555328,base_link,-0.040004879815119535,0.008244400354954714,0.017650299366240792,-0.9990095740925714,1.0,0.0,0.0,0.0,1.0,0.0,0.0,0.0,1.0,-0.11524850130081177,0.05006289854645733,0.3253965973854065,1.2184696791468346e-07,0.0,0.0,0.0,1.2184696791468346e-07,0.0,0.0,0.0,1.2184696791468346e-07,-0.48305055499076843,0.6317380666732801,10.679754257202148,8.999999999999999e-08,0.0,0.0,0.0,8.999999999999999e-08,0.0,0.0,0.0,8.999999999999999e-08
1759811072617325504,170903,1759811072606555328,base_link,-0.03967682586846794,0.00822714517175655,0.016871299165213925,-0.9990362530476788,1.0,0.0,0.0,0.0,1.0,0.0,0.0,0.0,1.0,-0.09576515853404999,0.010867008008062881,0.34305980801582336,1.2184696791468346e-07,0.0,0.0,0.0,1.2184696791468346e-07,0.0,0.0,0.0,1.2184696791468346e-07,-0.5188091993331909,0.5796593427658093,9.681957244873047,8.999999999999999e-08,0.0,0.0,0.0,8.999999999999999e-08,0.0,0.0,0.0,8.999999999999999e-08
1759811072620472928,170904,1759811072611555328,base_link,-0.03948587562002229,0.008341140543177377,0.016098789578857735,-0.9990556827448424,1.0,0.0,0.0,0.0,1.0,0.0,0.0,0.0,1.0,-0.04362800717353821,-0.007554570678621499,0.25377824902534485,1.2184696791468346e-07,0.0,0.0,0.0,1.2184696791468346e-07,0.0,0.0,0.0,1.2184696791468346e-07,0.1796700656414032,0.09883328527212258,9.412199020385742,8.999999999999999e-08,0.0,0.0,0.0,8.999999999999999e-08,0.0,0.0,0.0,8.999999999999999e-08
1759811072629831392,170905,1759811072616555328,base_link,-0.03948591118142572,0.008304869228766703,0.015676899625263713,-0.9990626791216951,1.0,0.0,0.0,0.0,1.0,0.0,0.0,0.0,1.0,-0.027141762897372246,-0.02949473261833192,-0.08399825543165207,1.2184696791468346e-07,0.0,0.0,0.0,1.2184696791468346e-07,0.0,0.0,0.0,1.2184696791468346e-07,0.11714823544025421,-0.46236047148704407,9.905685424804688,8.999999999999999e-08,0.0,0.0,0.0,8.999999999999999e-08,0.0,0.0,0.0,8.999999999999999e-08
1759811072633007328,170906,1759811072627555328,base_link,-0.03938972153641173,0.008301518554310086,0.01712009201197374,-0.999042785809198,1.0,0.0,0.0,0.0,1.0,0.0,0.0,0.0,1.0,-0.007493137381970882,0.0035753189586102503,-0.37531065940856934,1.2184696791468346e-07,0.0,0.0,0.0,1.2184696791468346e-07,0.0,0.0,0.0,1.2184696791468346e-07,-0.49033963680267334,-0.44881087541580084,9.425379753112793,8.999999999999999e-08,0.0,0.0,0.0,8.999999999999999e-08,0.0,0.0,0.0,8.999999999999999e-08
1759811072638853664,170907,1759811072633555328,base_link,-0.03948355622626517,0.008118026980961847,0.018466641675048325,-0.9990166126162727,1.0,0.0,0.0,0.0,1.0,0.0,0.0,0.0,1.0,0.0036819390952587128,0.05963276326656335,-0.4950305223464966,1.2184696791468346e-07,0.0,0.0,0.0,1.2184696791468346e-07,0.0,0.0,0.0,1.2184696791468346e-07,0.10197684168815613,1.2113336324691784,9.634722709655762,8.999999999999999e-08,0.0,0.0,0.0,8.999999999999999e-08,0.0,0.0,0.0,8.999999999999999e-08
1759811072652778048,170908,1759811072643555328,base_link,-0.0392249655543156,0.007504040911478256,0.019432225974432896,-0.999013325162089,1.0,0.0,0.0,0.0,1.0,0.0,0.0,0.0,1.0,-0.04520590603351593,0.11480750143527983,-0.12572672963142398,1.2184696791468346e-07,0.0,0.0,0.0,1.2184696791468346e-07,0.0,0.0,0.0,1.2184696791468346e-07,1.6455177068710327,1.7306323051452648,9.789804458618164,8.999999999999999e-08,0.0,0.0,0.0,8.999999999999999e-08,0.0,0.0,0.0,8.999999999999999e-08
1759811072655456224,170909,1759811072648555328,base_link,-0.03898658034495995,0.007188179257847456,0.018994235924707656,-0.9990333870619801,1.0,0.0,0.0,0.0,1.0,0.0,0.0,0.0,1.0,-0.07397706061601639,0.11688598245382312,0.18738289177417752,1.2184696791468346e-07,0.0,0.0,0.0,1.2184696791468346e-07,0.0,0.0,0.0,1.2184696791468346e-07,0.0592181421816349,1.5788313150405895,9.329225540161133,8.999999999999999e-08,0.0,0.0,0.0,8.999999999999999e-08,0.0,0.0,0.0,8.999999999999999e-08
1759811072665110784,170910,1759811072659554560,base_link,-0.0388161556117391,0.006937767708687027,0.016846601111986548,-0.9990803386512213,1.0,0.0,0.0,0.0,1.0,0.0,0.0,0.0,1.0,-0.029612166807055473,0.05045368894934659,0.4160345792770386,1.2184696791468346e-07,0.0,0.0,0.0,1.2184696791468346e-07,0.0,0.0,0.0,1.2184696791468346e-07,-0.33397990465164185,0.7329426407814038,9.836519241333008,8.999999999999999e-08,0.0,0.0,0.0,8.999999999999999e-08,0.0,0.0,0.0,8.999999999999999e-08
1759811072672917568,170911,1759811072664554560,base_link,-0.03868866402917168,0.007003972505163546,0.016093310488551355,-0.9990972395374741,1.0,0.0,0.0,0.0,1.0,0.0,0.0,0.0,1.0,0.022781169041991234,0.009189762175083192,0.25222253799438477,1.2184696791468346e-07,0.0,0.0,0.0,1.2184696791468346e-07,0.0,0.0,0.0,1.2184696791468346e-07,-0.27629733085632324,-0.3821448385715473,9.606246948242188,8.999999999999999e-08,0.0,0.0,0.0,8.999999999999999e-08,0.0,0.0,0.0,8.999999999999999e-08
1759811072680324672,170912,1759811072675554560,base_link,-0.03885476212497508,0.007048840459581425,0.016383491540548828,-0.9990857334478307,1.0,0.0,0.0,0.0,1.0,0.0,0.0,0.0,1.0,0.029288390651345253,-0.01777257956564428,-0.12824393808841705,1.2184696791468346e-07,0.0,0.0,0.0,1.2184696791468346e-07,0.0,0.0,0.0,1.2184696791468346e-07,-0.6517072319984436,-0.5463171005249011,9.822981834411621,8.999999999999999e-08,0.0,0.0,0.0,8.999999999999999e-08,0.0,0.0,0.0,8.999999999999999e-08
1759811072688823584,170913,1759811072684554560,base_link,-0.03886121849533134,0.006954660692405801,0.01764330298938796,-0.9990647021704238,1.0,0.0,0.0,0.0,1.0,0.0,0.0,0.0,1.0,0.04470561444759369,0.04393284767866129,-0.45107710361480713,1.2184696791468346e-07,0.0,0.0,0.0,1.2184696791468346e-07,0.0,0.0,0.0,1.2184696791468346e-07,-0.3450763523578644,0.07016552984714614,8.639195442199707,8.999999999999999e-08,0.0,0.0,0.0,8.999999999999999e-08,0.0,0.0,0.0,8.999999999999999e-08
1759811072695972672,170914,1759811072690554560,base_link,-0.039017530619746124,0.006302496163616416,0.01960915844448161,-0.9990262220977333,1.0,0.0,0.0,0.0,1.0,0.0,0.0,0.0,1.0,-0.0048448569141328335,0.10486634820699688,-0.3090253472328186,1.2184696791468346e-07,0.0,0.0,0.0,1.2184696791468346e-07,0.0,0.0,0.0,1.2184696791468346e-07,0.723876953125,2.224171638488771,9.49959659576416,8.999999999999999e-08,0.0,0.0,0.0,8.999999999999999e-08,0.0,0.0,0.0,8.999999999999999e-08
1759811072704139872,170915,1759811072700554560,base_link,-0.039061795347394686,0.006138044429082973,0.01974230033892751,-0.9990228924967008,1.0,0.0,0.0,0.0,1.0,0.0,0.0,0.0,1.0,-0.038578618317842484,0.1376314014196396,0.014120914041995985,1.2184696791468346e-07,0.0,0.0,0.0,1.2184696791468346e-07,0.0,0.0,0.0,1.2184696791468346e-07,0.8182802796363831,2.0165669918060316,10.101304054260254,8.999999999999999e-08,0.0,0.0,0.0,8.999999999999999e-08,0.0,0.0,0.0,8.999999999999999e-08
1759811072711181792,170916,1759811072701554560,base_link,-0.038874559289974055,0.005718692506022688,0.01911806336563266,-0.999044851004775,1.0,0.0,0.0,0.0,1.0,0.0,0.0,0.0,1.0,-0.020005539059638977,0.07637999206781391,0.3027031123638153,1.2184696791468346e-07,0.0,0.0,0.0,1.2184696791468346e-07,0.0,0.0,0.0,1.2184696791468346e-07,0.3067484498023987,2.2551555633544935,9.949705123901367,8.999999999999999e-08,0.0,0.0,0.0,8.999999999999999e-08,0.0,0.0,0.0,8.999999999999999e-08
1759811072718755232,170917,1759811072711554560,base_link,-0.0389095661989294,0.005578766286055535,0.01719865373759805,-0.9990792006863114,1.0,0.0,0.0,0.0,1.0,0.0,0.0,0.0,1.0,0.006104766856878996,0.03687966614961629,0.37923023104667664,1.2184696791468346e-07,0.0,0.0,0.0,1.2184696791468346e-07,0.0,0.0,0.0,1.2184696791468346e-07,-0.17395341396331787,-0.0092140296474087,9.932902336120605,8.999999999999999e-08,0.0,0.0,0.0,8.999999999999999e-08,0.0,0.0,0.0,8.999999999999999e-08
1759811072728996576,170918,1759811072723554560,base_link,-0.039160696878692544,0.005742724112207995,0.016903120035839683,-0.999073468714914,1.0,0.0,0.0,0.0,1.0,0.0,0.0,0.0,1.0,0.05973612517118454,-0.02144742012023925,0.06874009221792221,1.2184696791468346e-07,0.0,0.0,0.0,1.2184696791468346e-07,0.0,0.0,0.0,1.2184696791468346e-07,-0.2889930307865143,-1.0380743741989122,10.902593612670898,8.999999999999999e-08,0.0,0.0,0.0,8.999999999999999e-08,0.0,0.0,0.0,8.999999999999999e-08
1759811072734489920,170919,1759811072727554560,base_link,-0.039282381415788575,0.005610545009832748,0.017654303316849324,-0.999056483534964,1.0,0.0,0.0,0.0,1.0,0.0,0.0,0.0,1.0,0.05994696170091629,-0.0018991960678249912,-0.25690126419067383,1.2184696791468346e-07,0.0,0.0,0.0,1.2184696791468346e-07,0.0,0.0,0.0,1.2184696791468346e-07,-0.43457740545272827,-0.5957632660865773,9.503950119018555,8.999999999999999e-08,0.0,0.0,0.0,8.999999999999999e-08,0.0,0.0,0.0,8.999999999999999e-08
1759811072740829632,170920,1759811072737554560,base_link,-0.03932145549562523,0.005599877905892445,0.019240879282193413,-0.9990257163355512,1.0,0.0,0.0,0.0,1.0,0.0,0.0,0.0,1.0,0.05182914063334465,0.050797313451766905,-0.5265229940414429,1.2184696791468346e-07,0.0,0.0,0.0,1.2184696791468346e-07,0.0,0.0,0.0,1.2184696791468346e-07,-0.23290757834911346,0.5441511273384105,9.260771751403809,8.999999999999999e-08,0.0,0.0,0.0,8.999999999999999e-08,0.0,0.0,0.0,8.999999999999999e-08
1759811072748078528,170921,1759811072743554560,base_link,-0.039532616475020876,0.004947908306277424,0.021568734019147117,-0.9989732856560035,1.0,0.0,0.0,0.0,1.0,0.0,0.0,0.0,1.0,0.02342539280653,0.09321086108684534,-0.48244160413742065,1.2184696791468346e-07,0.0,0.0,0.0,1.2184696791468346e-07,0.0,0.0,0.0,1.2184696791468346e-07,0.5995112657546997,2.082164764404298,9.818015098571777,8.999999999999999e-08,0.0,0.0,0.0,8.999999999999999e-08,0.0,0.0,0.0,8.999999999999999e-08
1759811072753777888,170922,1759811072748554560,base_link,-0.03943119930370252,0.004729841829171075,0.02191130360384369,-0.99897084113879,1.0,0.0,0.0,0.0,1.0,0.0,0.0,0.0,1.0,-0.036146603524684906,0.08670330792665479,-0.2049015313386917,1.2184696791468346e-07,0.0,0.0,0.0,1.2184696791468346e-07,0.0,0.0,0.0,1.2184696791468346e-07,0.8303268551826477,1.9978350400924696,10.034341812133789,8.999999999999999e-08,0.0,0.0,0.0,8.999999999999999e-08,0.0,0.0,0.0,8.999999999999999e-08
1759811072761057408,170923,1759811072754554560,base_link,-0.039316956319546695,0.004516991024567951,0.021524353387665146,-0.998984791745647,1.0,0.0,0.0,0.0,1.0,0.0,0.0,0.0,1.0,-0.018215706571936607,0.08413754403591157,0.1128944307565689,1.2184696791468346e-07,0.0,0.0,0.0,1.2184696791468346e-07,0.0,0.0,0.0,1.2184696791468346e-07,0.056171294301748276,1.9686784744262706,9.456930160522461,8.999999999999999e-08,0.0,0.0,0.0,8.999999999999999e-08,0.0,0.0,0.0,8.999999999999999e-08
1759811072765825312,170924,1759811072763554048,base_link,-0.03929085293233927,0.0045058761103622166,0.02088633439490721,-0.9989993745552318,1.0,0.0,0.0,0.0,1.0,0.0,0.0,0.0,1.0,-0.0034124674275517464,0.017627980560064354,0.3062889277935028,1.2184696791468346e-07,0.0,0.0,0.0,1.2184696791468346e-07,0.0,0.0,0.0,1.2184696791468346e-07,0.056171294301748276,1.9686784744262706,9.456930160522461,8.999999999999999e-08,0.0,0.0,0.0,8.999999999999999e-08,0.0,0.0,0.0,8.999999999999999e-08
1759811072771630432,170925,1759811072764554048,base_link,-0.03942624704900248,0.004548209985513378,0.019996487982296755,-0.9990120607566336,1.0,0.0,0.0,0.0,1.0,0.0,0.0,0.0,1.0,0.011116508394479752,-0.026500634849071465,0.29973262548446655,1.2184696791468346e-07,0.0,0.0,0.0,1.2184696791468346e-07,0.0,0.0,0.0,1.2184696791468346e-07,-0.03307376056909561,0.10583595186472057,9.619499206542969,8.999999999999999e-08,0.0,0.0,0.0,8.999999999999999e-08,0.0,0.0,0.0,8.999999999999999e-08
1759811072778397376,170926,1759811072770554048,base_link,-0.03958822002200788,0.004710567548511439,0.019715199915335,-0.9990104591763902,1.0,0.0,0.0,0.0,1.0,0.0,0.0,0.0,1.0,0.05761594697833061,-0.02601246163249015,0.06416688114404678,1.2184696791468346e-07,0.0,0.0,0.0,1.2184696791468346e-07,0.0,0.0,0.0,1.2184696791468346e-07,-0.5436857342720032,-0.841643691062926,9.574481964111328,8.999999999999999e-08,0.0,0.0,0.0,8.999999999999999e-08,0.0,0.0,0.0,8.999999999999999e-08
1759811072786819744,170927,1759811072780554048,base_link,-0.039896134360516346,0.004923540842393051,0.020912634028378053,-0.99897282204067,1.0,0.0,0.0,0.0,1.0,0.0,0.0,0.0,1.0,0.07301001250743866,-0.046587627381086384,-0.2930453419685364,1.2184696791468346e-07,0.0,0.0,0.0,1.2184696791468346e-07,0.0,0.0,0.0,1.2184696791468346e-07,-0.06083119288086891,-0.9246775507926928,10.470823287963867,8.999999999999999e-08,0.0,0.0,0.0,8.999999999999999e-08,0.0,0.0,0.0,8.999999999999999e-08
1759811072796799104,170928,1759811072791554048,base_link,-0.04024866772361868,0.004590126343446478,0.02379202242494531,-0.9988958618952891,1.0,0.0,0.0,0.0,1.0,0.0,0.0,0.0,1.0,0.06280332058668137,0.04446172714233392,-0.5377242565155029,1.2184696791468346e-07,0.0,0.0,0.0,1.2184696791468346e-07,0.0,0.0,0.0,1.2184696791468346e-07,0.8170259594917297,1.8800188302993788,10.222820281982422,8.999999999999999e-08,0.0,0.0,0.0,8.999999999999999e-08,0.0,0.0,0.0,8.999999999999999e-08
1759811072807783680,170929,1759811072802554048,base_link,-0.04026213627589594,0.004278147468234744,0.02443889225589051,-0.9988811104983103,1.0,0.0,0.0,0.0,1.0,0.0,0.0,0.0,1.0,-0.012457096949219704,0.06220953539013862,-0.049343585968017585,1.2184696791468346e-07,0.0,0.0,0.0,1.2184696791468346e-07,0.0,0.0,0.0,1.2184696791468346e-07,0.5977383852005005,1.7145069837570202,9.39611530303955,8.999999999999999e-08,0.0,0.0,0.0,8.999999999999999e-08,0.0,0.0,0.0,8.999999999999999e-08
1759811072811907904,170930,1759811072807554048,base_link,-0.04022754951833669,0.004206044747144734,0.023744396486127965,-0.998899570817958,1.0,0.0,0.0,0.0,1.0,0.0,0.0,0.0,1.0,-0.017337888479232788,0.04024686291813853,0.20547883212566376,1.2184696791468346e-07,0.0,0.0,0.0,1.2184696791468346e-07,0.0,0.0,0.0,1.2184696791468346e-07,0.06887413561344147,1.366898894309999,10.622177124023438,8.999999999999999e-08,0.0,0.0,0.0,8.999999999999999e-08,0.0,0.0,0.0,8.999999999999999e-08
1759811072818887008,170931,1759811072812554048,base_link,-0.0401340822963187,0.004229353271460272,0.022998228680091125,-0.9989206442422135,1.0,0.0,0.0,0.0,1.0,0.0,0.0,0.0,1.0,-0.005819454789161682,0.0039669200778007915,0.3307396173477173,1.2184696791468346e-07,0.0,0.0,0.0,1.2184696791468346e-07,0.0,0.0,0.0,1.2184696791468346e-07,-0.3902793824672699,1.1578453779220592,9.908675193786621,8.999999999999999e-08,0.0,0.0,0.0,8.999999999999999e-08,0.0,0.0,0.0,8.999999999999999e-08
1759811072830146688,170932,1759811072823554048,base_link,-0.040399210998143524,0.004533380880282621,0.02188732204704099,-0.9989336254715548,1.0,0.0,0.0,0.0,1.0,0.0,0.0,0.0,1.0,0.039217375218868256,-0.0529392100870609,0.20868654549121857,1.2184696791468346e-07,0.0,0.0,0.0,1.2184696791468346e-07,0.0,0.0,0.0,1.2184696791468346e-07,-0.5479463934898376,-0.1837336421012867,9.357685089111328,8.999999999999999e-08,0.0,0.0,0.0,8.999999999999999e-08,0.0,0.0,0.0,8.999999999999999e-08
1759811072832776928,170933,1759811072828554048,base_link,-0.040472460903766445,0.004769847090942008,0.02225555906248067,-0.9989213607386381,1.0,0.0,0.0,0.0,1.0,0.0,0.0,0.0,1.0,0.04360799491405487,-0.07046211510896683,-0.005374883301556102,1.2184696791468346e-07,0.0,0.0,0.0,1.2184696791468346e-07,0.0,0.0,0.0,1.2184696791468346e-07,-0.6002524495124817,-0.816736042499541,10.239593505859375,8.999999999999999e-08,0.0,0.0,0.0,8.999999999999999e-08,0.0,0.0,0.0,8.999999999999999e-08
1759811072837946912,170934,1759811072833554048,base_link,-0.04061945330630425,0.004771627795291594,0.02329839853518568,-0.998891647210438,1.0,0.0,0.0,0.0,1.0,0.0,0.0,0.0,1.0,0.04471283033490181,-0.040155965834856075,-0.3331703543663025,1.2184696791468346e-07,0.0,0.0,0.0,1.2184696791468346e-07,0.0,0.0,0.0,1.2184696791468346e-07,-0.1299366056919098,-0.552310526371001,9.612299919128418,8.999999999999999e-08,0.0,0.0,0.0,8.999999999999999e-08,0.0,0.0,0.0,8.999999999999999e-08
1759811072846355232,170935,1759811072842554048,base_link,-0.040849323535171685,0.004756090096170252,0.024569716073668292,-0.9988518605854437,1.0,0.0,0.0,0.0,1.0,0.0,0.0,0.0,1.0,0.06722219288349152,0.010802924633026068,-0.4550164043903351,1.2184696791468346e-07,0.0,0.0,0.0,1.2184696791468346e-07,0.0,0.0,0.0,1.2184696791468346e-07,0.05587989464402199,1.5751464366912853,9.59062671661377,8.999999999999999e-08,0.0,0.0,0.0,8.999999999999999e-08,0.0,0.0,0.0,8.999999999999999e-08
1759811072852232928,170936,1759811072844554048,base_link,-0.040789854331922816,0.004597017353178009,0.025475156820227867,-0.9988323465945832,1.0,0.0,0.0,0.0,1.0,0.0,0.0,0.0,1.0,0.03237893432378769,0.04370866715908047,-0.3036528527736664,1.2184696791468346e-07,0.0,0.0,0.0,1.2184696791468346e-07,0.0,0.0,0.0,1.2184696791468346e-07,0.7074608206748962,1.8653398752212536,9.886839866638184,8.999999999999999e-08,0.0,0.0,0.0,8.999999999999999e-08,0.0,0.0,0.0,8.999999999999999e-08
1759811072860120064,170937,1759811072854554048,base_link,-0.04085664918427848,0.004307576505207475,0.0254296803706846,-0.9988321358603406,1.0,0.0,0.0,0.0,1.0,0.0,0.0,0.0,1.0,-0.018383236601948738,0.06107738986611367,0.06676228344440459,1.2184696791468346e-07,0.0,0.0,0.0,1.2184696791468346e-07,0.0,0.0,0.0,1.2184696791468346e-07,0.24325984716415405,1.6177650690078746,9.067340850830078,8.999999999999999e-08,0.0,0.0,0.0,8.999999999999999e-08,0.0,0.0,0.0,8.999999999999999e-08
1759811072868125792,170938,1759811072860553024,base_link,-0.040971987986495595,0.004429371677780849,0.02452807498733954,-0.9988494160682301,1.0,0.0,0.0,0.0,1.0,0.0,0.0,0.0,1.0,-0.009339854121208191,-0.013864637352526143,0.37103167176246643,1.2184696791468346e-07,0.0,0.0,0.0,1.2184696791468346e-07,0.0,0.0,0.0,1.2184696791468346e-07,0.4484300911426544,1.630519509315492,10.992952346801758,8.999999999999999e-08,0.0,0.0,0.0,8.999999999999999e-08,0.0,0.0,0.0,8.999999999999999e-08
1759811072876794752,170939,1759811072870553024,base_link,-0.040798610339700954,0.004749378210544891,0.022791498388145193,-0.9988961569232286,1.0,0.0,0.0,0.0,1.0,0.0,0.0,0.0,1.0,0.02337653748691082,-0.04812660068273541,0.29022279381752014,1.2184696791468346e-07,0.0,0.0,0.0,1.2184696791468346e-07,0.0,0.0,0.0,1.2184696791468346e-07,-0.3024533987045288,-0.028712777420877234,9.596245765686035,8.999999999999999e-08,0.0,0.0,0.0,8.999999999999999e-08,0.0,0.0,0.0,8.999999999999999e-08
1759811072886828832,170940,1759811072881553024,base_link,-0.041089614572333434,0.004879394652755921,0.02312643939326128,-0.9988758842890949,1.0,0.0,0.0,0.0,1.0,0.0,0.0,0.0,1.0,0.048089515417814255,-0.03221240639686586,-0.1301361620426178,1.2184696791468346e-07,0.0,0.0,0.0,1.2184696791468346e-07,0.0,0.0,0.0,1.2184696791468346e-07,-0.3416411876678467,-0.35847035050392034,9.501317977905273,8.999999999999999e-08,0.0,0.0,0.0,8.999999999999999e-08,0.0,0.0,0.0,8.999999999999999e-08
1759811072898878528,170941,1759811072891553024,base_link,-0.04148861483591902,0.0046059972660888624,0.02544106001978253,-0.9988044032340204,1.0,0.0,0.0,0.0,1.0,0.0,0.0,0.0,1.0,0.045402489602565765,0.06630139797925944,-0.4164971113204956,1.2184696791468346e-07,0.0,0.0,0.0,1.2184696791468346e-07,0.0,0.0,0.0,1.2184696791468346e-07,0.5190169215202332,1.6299976110458387,10.062616348266602,8.999999999999999e-08,0.0,0.0,0.0,8.999999999999999e-08,0.0,0.0,0.0,8.999999999999999e-08
1759811072904846912,170942,1759811072897553024,base_link,-0.04147130433498219,0.004220863315663359,0.026079289746783016,-0.9987903683334663,1.0,0.0,0.0,0.0,1.0,0.0,0.0,0.0,1.0,0.02019127644598484,0.09639929234981534,-0.19403304159641266,1.2184696791468346e-07,0.0,0.0,0.0,1.2184696791468346e-07,0.0,0.0,0.0,1.2184696791468346e-07,0.6478564143180847,2.5377509593963636,9.513168334960938,8.999999999999999e-08,0.0,0.0,0.0,8.999999999999999e-08,0.0,0.0,0.0,8.999999999999999e-08
1759811072909970304,170943,1759811072902553024,base_link,-0.041469493337585234,0.004144876499065267,0.026092186682427344,-0.9987904526271634,1.0,0.0,0.0,0.0,1.0,0.0,0.0,0.0,1.0,-0.021361885592341423,0.11217835545539856,0.04423710703849791,1.2184696791468346e-07,0.0,0.0,0.0,1.2184696791468346e-07,0.0,0.0,0.0,1.2184696791468346e-07,0.8684048056602478,1.5484569072723402,10.424580574035645,8.999999999999999e-08,0.0,0.0,0.0,8.999999999999999e-08,0.0,0.0,0.0,8.999999999999999e-08
1759811072916666176,170944,1759811072913553024,base_link,-0.04147573238825387,0.0038455324587836903,0.024554543208204396,-0.9988303656927031,1.0,0.0,0.0,0.0,1.0,0.0,0.0,0.0,1.0,0.0015741559909656644,0.044506378471851384,0.30634617805480957,1.2184696791468346e-07,0.0,0.0,0.0,1.2184696791468346e-07,0.0,0.0,0.0,1.2184696791468346e-07,0.05989040806889534,1.2724709510803234,9.53463077545166,8.999999999999999e-08,0.0,0.0,0.0,8.999999999999999e-08,0.0,0.0,0.0,8.999999999999999e-08
1759811072924821280,170945,1759811072918553024,base_link,-0.04140015123507269,0.0038035555147558535,0.02361441560532036,-0.9988563281513858,1.0,0.0,0.0,0.0,1.0,0.0,0.0,0.0,1.0,0.012385861948132515,0.0006594857550226551,0.3254028558731079,1.2184696791468346e-07,0.0,0.0,0.0,1.2184696791468346e-07,0.0,0.0,0.0,1.2184696791468346e-07,0.08360554277896881,0.6108727455139173,10.513650894165039,8.999999999999999e-08,0.0,0.0,0.0,8.999999999999999e-08,0.0,0.0,0.0,8.999999999999999e-08
1759811072929469632,170946,1759811072923553024,base_link,-0.04149259903019232,0.0037185677118226537,0.022960043635340256,-0.9988680449752719,1.0,0.0,0.0,0.0,1.0,0.0,0.0,0.0,1.0,0.01424112357199192,0.024058848619461087,0.2355177104473114,1.2184696791468346e-07,0.0,0.0,0.0,1.2184696791468346e-07,0.0,0.0,0.0,1.2184696791468346e-07,-0.24946458637714386,0.32397457957267867,8.748942375183105,8.999999999999999e-08,0.0,0.0,0.0,8.999999999999999e-08,0.0,0.0,0.0,8.999999999999999e-08
1759811072936881600,170947,1759811072928553024,base_link,-0.041609660584842306,0.003829320410086171,0.02302271599907595,-0.9988613436263587,1.0,0.0,0.0,0.0,1.0,0.0,0.0,0.0,1.0,0.05636945739388466,0.03204619884490966,-0.06792613863945007,1.2184696791468346e-07,0.0,0.0,0.0,1.2184696791468346e-07,0.0,0.0,0.0,1.2184696791468346e-07,-0.19213975965976715,-1.115124940872191,10.458382606506348,8.999999999999999e-08,0.0,0.0,0.0,8.999999999999999e-08,0.0,0.0,0.0,8.999999999999999e-08
1759811072942312960,170948,1759811072934553024,base_link,-0.04171081960671353,0.003540360299606464,0.023712533468653717,-0.9988420825165891,1.0,0.0,0.0,0.0,1.0,0.0,0.0,0.0,1.0,0.037613678723573685,0.0384067557752132,-0.35629040002822876,1.2184696791468346e-07,0.0,0.0,0.0,1.2184696791468346e-07,0.0,0.0,0.0,1.2184696791468346e-07,-0.38716360926628113,-1.2148796319961537,9.650964736938477,8.999999999999999e-08,0.0,0.0,0.0,8.999999999999999e-08,0.0,0.0,0.0,8.999999999999999e-08
1759811072950019136,170949,1759811072945553024,base_link,-0.04185567832504548,0.0029636913132122206,0.02609273459145798,-0.9987785250690348,1.0,0.0,0.0,0.0,1.0,0.0,0.0,0.0,1.0,0.02083764411509037,0.11774893850088114,-0.4397695064544678,1.2184696791468346e-07,0.0,0.0,0.0,1.2184696791468346e-07,0.0,0.0,0.0,1.2184696791468346e-07,0.8954705595970154,2.132163524627687,10.110549926757812,8.999999999999999e-08,0.0,0.0,0.0,8.999999999999999e-08,0.0,0.0,0.0,8.999999999999999e-08
1759811072960712640,170950,1759811072949553024,base_link,-0.04201659894392712,0.0025628444908262524,0.026441036147551996,-0.9987636893783589,1.0,0.0,0.0,0.0,1.0,0.0,0.0,0.0,1.0,-0.02348141558468342,0.1480093151330948,-0.1076263412833214,1.2184696791468346e-07,0.0,0.0,0.0,1.2184696791468346e-07,0.0,0.0,0.0,1.2184696791468346e-07,1.0805922746658325,1.9848790168762218,9.596819877624512,8.999999999999999e-08,0.0,0.0,0.0,8.999999999999999e-08,0.0,0.0,0.0,8.999999999999999e-08
1759811072963242528,170951,1759811072959551744,base_link,-0.04187183373891531,0.0022105244961445137,0.026229163940087737,-0.9987762069923666,1.0,0.0,0.0,0.0,1.0,0.0,0.0,0.0,1.0,-0.015168125741183758,0.12885342538356784,0.14157198369503018,1.2184696791468346e-07,0.0,0.0,0.0,1.2184696791468346e-07,0.0,0.0,0.0,1.2184696791468346e-07,0.046845246106386185,1.7485469579696666,9.93730640411377,8.999999999999999e-08,0.0,0.0,0.0,8.999999999999999e-08,0.0,0.0,0.0,8.999999999999999e-08
1759811072971138272,170952,1759811072965551744,base_link,-0.04188432632823174,0.0017719720494094834,0.024575869513550928,-0.9988186488688171,1.0,0.0,0.0,0.0,1.0,0.0,0.0,0.0,1.0,-0.013125878758728504,0.0952055007219315,0.3153257369995117,1.2184696791468346e-07,0.0,0.0,0.0,1.2184696791468346e-07,0.0,0.0,0.0,1.2184696791468346e-07,0.21949276328086853,1.7618324756622328,10.174883842468262,8.999999999999999e-08,0.0,0.0,0.0,8.999999999999999e-08,0.0,0.0,0.0,8.999999999999999e-08
1759811072980926080,170953,1759811072976551744,base_link,-0.041826496900807746,0.0015546194345497878,0.023211618174101774,-0.9988540100747177,1.0,0.0,0.0,0.0,1.0,0.0,0.0,0.0,1.0,0.013195955194532871,0.045543123036623036,0.2647661566734314,1.2184696791468346e-07,0.0,0.0,0.0,1.2184696791468346e-07,0.0,0.0,0.0,1.2184696791468346e-07,-0.45364606380462646,-0.9845094084739673,9.569725036621094,8.999999999999999e-08,0.0,0.0,0.0,8.999999999999999e-08,0.0,0.0,0.0,8.999999999999999e-08
1759811072987131168,170954,1759811072981551744,base_link,-0.04189448240163385,0.0014493708512839918,0.023344170012668527,-0.9988482359564718,1.0,0.0,0.0,0.0,1.0,0.0,0.0,0.0,1.0,0.035195402801036835,0.03813468664884567,0.00018368894234299194,1.2184696791468346e-07,0.0,0.0,0.0,1.2184696791468346e-07,0.0,0.0,0.0,1.2184696791468346e-07,-0.6788908243179321,-0.3157130181789386,10.194774627685547,8.999999999999999e-08,0.0,0.0,0.0,8.999999999999999e-08,0.0,0.0,0.0,8.999999999999999e-08
1759811072991982272,170955,1759811072987551744,base_link,-0.04185320614896251,0.001229470986267417,0.024125783318303038,-0.998831756538704,1.0,0.0,0.0,0.0,1.0,0.0,0.0,0.0,1.0,0.009350012987852097,0.06180829927325246,-0.242497518658638,1.2184696791468346e-07,0.0,0.0,0.0,1.2184696791468346e-07,0.0,0.0,0.0,1.2184696791468346e-07,-0.5066267848014832,-0.4011440575122822,9.149752616882324,8.999999999999999e-08,0.0,0.0,0.0,8.999999999999999e-08,0.0,0.0,0.0,8.999999999999999e-08
1759811073002501632,170956,1759811072996551744,base_link,-0.0420693457248385,0.0009949527502626416,0.025099164784662162,-0.998798924143714,1.0,0.0,0.0,0.0,1.0,0.0,0.0,0.0,1.0,0.006782909855246544,0.10134597122669216,-0.37117546796798706,1.2184696791468346e-07,0.0,0.0,0.0,1.2184696791468346e-07,0.0,0.0,0.0,1.2184696791468346e-07,-0.5066267848014832,-0.4011440575122822,9.149752616882324,8.999999999999999e-08,0.0,0.0,0.0,8.999999999999999e-08,0.0,0.0,0.0,8.999999999999999e-08
1759811073007565152,170957,1759811072997551744,base_link,-0.042024510697646025,0.0005272109767557874,0.025847144905185016,-0.9987821075511581,1.0,0.0,0.0,0.0,1.0,0.0,0.0,0.0,1.0,-0.0022474899888038635,0.12276247888803478,-0.287346214056015,1.2184696791468346e-07,0.0,0.0,0.0,1.2184696791468346e-07,0.0,0.0,0.0,1.2184696791468346e-07,0.2605578899383545,2.1654574871063246,9.59953784942627,8.999999999999999e-08,0.0,0.0,0.0,8.999999999999999e-08,0.0,0.0,0.0,8.999999999999999e-08
1759811073015301216,170958,1759811073003551744,base_link,-0.04200531675941636,0.0003586090947330376,0.026139770474396112,-0.9987754062022449,1.0,0.0,0.0,0.0,1.0,0.0,0.0,0.0,1.0,-0.04952732473611832,0.12966321408748627,-0.03218242153525354,1.2184696791468346e-07,0.0,0.0,0.0,1.2184696791468346e-07,0.0,0.0,0.0,1.2184696791468346e-07,0.7232962250709534,1.7053025960922252,9.966578483581543,8.999999999999999e-08,0.0,0.0,0.0,8.999999999999999e-08,0.0,0.0,0.0,8.999999999999999e-08
1759811073015308320,170959,1759811073008551744,base_link,-0.04184256406971351,-8.695421683397563e-05,0.02560539058212652,-0.9987961003048638,1.0,0.0,0.0,0.0,1.0,0.0,0.0,0.0,1.0,-0.053087711334228516,0.10393574833869937,0.1701674908399582,1.2184696791468346e-07,0.0,0.0,0.0,1.2184696791468346e-07,0.0,0.0,0.0,1.2184696791468346e-07,0.7232962250709534,1.7053025960922252,9.966578483581543,8.999999999999999e-08,0.0,0.0,0.0,8.999999999999999e-08,0.0,0.0,0.0,8.999999999999999e-08
1759811073022410848,170960,1759811073013551744,base_link,-0.041657414281294165,-0.00020003289429968636,0.024722245518429255,-0.9988261088610035,1.0,0.0,0.0,0.0,1.0,0.0,0.0,0.0,1.0,-0.047896791249513626,0.09988573193550114,0.37690481543540955,1.2184696791468346e-07,0.0,0.0,0.0,1.2184696791468346e-07,0.0,0.0,0.0,1.2184696791468346e-07,-0.3763561248779297,1.2042797803878795,9.796404838562012,8.999999999999999e-08,0.0,0.0,0.0,8.999999999999999e-08,0.0,0.0,0.0,8.999999999999999e-08
1759811073028372224,170961,1759811073024551744,base_link,-0.041497906898926656,-0.00027010202994904903,0.022723346934103036,-0.998880183267643,1.0,0.0,0.0,0.0,1.0,0.0,0.0,0.0,1.0,-0.03380444645881653,0.01636637747287755,0.3957778215408325,1.2184696791468346e-07,0.0,0.0,0.0,1.2184696791468346e-07,0.0,0.0,0.0,1.2184696791468346e-07,-0.17174211144447327,1.0680295228958143,10.945121765136719,8.999999999999999e-08,0.0,0.0,0.0,8.999999999999999e-08,0.0,0.0,0.0,8.999999999999999e-08
1759811073035284736,170962,1759811073029551744,base_link,-0.0413644475860279,-0.00022509578118449413,0.02260010954905722,-0.9988885283436482,1.0,0.0,0.0,0.0,1.0,0.0,0.0,0.0,1.0,-0.016172999516129494,-0.0006130598485469712,0.086329884827137,1.2184696791468346e-07,0.0,0.0,0.0,1.2184696791468346e-07,0.0,0.0,0.0,1.2184696791468346e-07,-0.5724537968635559,-0.6659253239631641,10.0557222366333,8.999999999999999e-08,0.0,0.0,0.0,8.999999999999999e-08,0.0,0.0,0.0,8.999999999999999e-08
1759811073044168448,170963,1759811073034551744,base_link,-0.041537985917682485,-0.00026673291624620813,0.022955070307215986,-0.9988731868907902,1.0,0.0,0.0,0.0,1.0,0.0,0.0,0.0,1.0,-0.015329388901591301,-0.020347386598587067,-0.24383510649204254,1.2184696791468346e-07,0.0,0.0,0.0,1.2184696791468346e-07,0.0,0.0,0.0,1.2184696791468346e-07,-0.45820969343185425,-0.4196580648422229,9.817952156066895,8.999999999999999e-08,0.0,0.0,0.0,8.999999999999999e-08,0.0,0.0,0.0,8.999999999999999e-08
1759811073049941408,170964,1759811073045551744,base_link,-0.04138969749955297,-0.00040455574505486597,0.0250338793163188,-0.9988293963151874,1.0,0.0,0.0,0.0,1.0,0.0,0.0,0.0,1.0,-0.010605107992887497,0.013750035315751979,-0.4042348265647888,1.2184696791468346e-07,0.0,0.0,0.0,1.2184696791468346e-07,0.0,0.0,0.0,1.2184696791468346e-07,-0.08452274650335312,1.427032828330995,10.307887077331543,8.999999999999999e-08,0.0,0.0,0.0,8.999999999999999e-08,0.0,0.0,0.0,8.999999999999999e-08
1759811073057228672,170965,1759811073050551744,base_link,-0.041271866764917654,-0.0006665998244043009,0.025691960208967878,-0.9988174266102102,1.0,0.0,0.0,0.0,1.0,0.0,0.0,0.0,1.0,-0.042005203664302826,0.05552178248763081,-0.2589810788631439,1.2184696791468346e-07,0.0,0.0,0.0,1.2184696791468346e-07,0.0,0.0,0.0,1.2184696791468346e-07,0.38751062750816345,2.1379158496856703,9.564419746398926,8.999999999999999e-08,0.0,0.0,0.0,8.999999999999999e-08,0.0,0.0,0.0,8.999999999999999e-08
1759811073063890432,170966,1759811073059549440,base_link,-0.04118899947530016,-0.0007479366565852452,0.025768330298469633,-0.9988187753093627,1.0,0.0,0.0,0.0,1.0,0.0,0.0,0.0,1.0,-0.07536768913269043,0.06121874228119851,0.06782209873199462,1.2184696791468346e-07,0.0,0.0,0.0,1.2184696791468346e-07,0.0,0.0,0.0,1.2184696791468346e-07,0.44390198588371277,2.219031095504762,9.66622543334961,8.999999999999999e-08,0.0,0.0,0.0,8.999999999999999e-08,0.0,0.0,0.0,8.999999999999999e-08
1759811073069443008,170967,1759811073061549440,base_link,-0.04091904627640985,-0.00089858002987531,0.025013943856973156,-0.9988489103060479,1.0,0.0,0.0,0.0,1.0,0.0,0.0,0.0,1.0,-0.06871951371431351,0.022864677011966743,0.299416184425354,1.2184696791468346e-07,0.0,0.0,0.0,1.2184696791468346e-07,0.0,0.0,0.0,1.2184696791468346e-07,0.0491979755461216,1.6019686460495006,9.900985717773438,8.999999999999999e-08,0.0,0.0,0.0,8.999999999999999e-08,0.0,0.0,0.0,8.999999999999999e-08
1759811073080039360,170968,1759811073071549440,base_link,-0.04056791824728755,-0.000590481298904612,0.023088633670147,-0.9989098125021462,1.0,0.0,0.0,0.0,1.0,0.0,0.0,0.0,1.0,-0.060181643813848495,-0.05178935453295703,0.3746684789657593,1.2184696791468346e-07,0.0,0.0,0.0,1.2184696791468346e-07,0.0,0.0,0.0,1.2184696791468346e-07,-0.3478562831878662,0.3072761297225965,10.60988998413086,8.999999999999999e-08,0.0,0.0,0.0,8.999999999999999e-08,0.0,0.0,0.0,8.999999999999999e-08
1759811073083216512,170969,1759811073076549440,base_link,-0.04036875463173834,-0.00047430746225137984,0.022504267615543454,-0.9989313495417352,1.0,0.0,0.0,0.0,1.0,0.0,0.0,0.0,1.0,-0.050838325172662735,-0.058612108230590786,0.25814568996429443,1.2184696791468346e-07,0.0,0.0,0.0,1.2184696791468346e-07,0.0,0.0,0.0,1.2184696791468346e-07,-0.2000560462474823,0.10982661694288365,9.048324584960938,8.999999999999999e-08,0.0,0.0,0.0,8.999999999999999e-08,0.0,0.0,0.0,8.999999999999999e-08
1759811073087061152,170970,1759811073082549440,base_link,-0.04035863016847262,-0.0001812722783562755,0.022653383165574987,-0.9989284835560365,1.0,0.0,0.0,0.0,1.0,0.0,0.0,0.0,1.0,-0.022666485980153084,-0.08164779096841812,0.029750579968094836,1.2184696791468346e-07,0.0,0.0,0.0,1.2184696791468346e-07,0.0,0.0,0.0,1.2184696791468346e-07,-0.5686370134353638,-0.6936517357826221,9.615633010864258,8.999999999999999e-08,0.0,0.0,0.0,8.999999999999999e-08,0.0,0.0,0.0,8.999999999999999e-08
1759811073097031136,170971,1759811073092549440,base_link,-0.04037464333672872,-0.0001264207891973806,0.02474728074644473,-0.998878118072066,1.0,0.0,0.0,0.0,1.0,0.0,0.0,0.0,1.0,-0.003209243528544903,-0.051835291087627466,-0.4273067116737366,1.2184696791468346e-07,0.0,0.0,0.0,1.2184696791468346e-07,0.0,0.0,0.0,1.2184696791468346e-07,-0.672141432762146,1.4854073524475109,9.071954727172852,8.999999999999999e-08,0.0,0.0,0.0,8.999999999999999e-08,0.0,0.0,0.0,8.999999999999999e-08
1759811073102852832,170972,1759811073098549440,base_link,-0.040265901833392584,-0.00013201314915916971,0.025738363889178394,-0.9988575082631441,1.0,0.0,0.0,0.0,1.0,0.0,0.0,0.0,1.0,-0.017819903790950775,-0.006656087934970909,-0.4295845329761505,1.2184696791468346e-07,0.0,0.0,0.0,1.2184696791468346e-07,0.0,0.0,0.0,1.2184696791468346e-07,0.7516379952430725,2.2957158088684095,10.82231330871582,8.999999999999999e-08,0.0,0.0,0.0,8.999999999999999e-08,0.0,0.0,0.0,8.999999999999999e-08
1759811073109089792,170973,1759811073103549440,base_link,-0.040113600245031425,-0.0003214540135925246,0.02614760978821914,-0.998852956403505,1.0,0.0,0.0,0.0,1.0,0.0,0.0,0.0,1.0,-0.07140958309173584,0.03313797712326048,-0.18963630497455597,1.2184696791468346e-07,0.0,0.0,0.0,1.2184696791468346e-07,0.0,0.0,0.0,1.2184696791468346e-07,1.1995775699615479,1.8112101554870617,9.38772964477539,8.999999999999999e-08,0.0,0.0,0.0,8.999999999999999e-08,0.0,0.0,0.0,8.999999999999999e-08
1759811073120908064,170974,1759811073114549440,base_link,-0.03954487989084853,-0.0002638985406838524,0.025227544085226344,-0.9988992336431699,1.0,0.0,0.0,0.0,1.0,0.0,0.0,0.0,1.0,-0.10723663866519928,-0.003414387581869931,0.23419494926929474,1.2184696791468346e-07,0.0,0.0,0.0,1.2184696791468346e-07,0.0,0.0,0.0,1.2184696791468346e-07,-0.7562750577926636,0.8379856348037732,9.953213691711426,8.999999999999999e-08,0.0,0.0,0.0,8.999999999999999e-08,0.0,0.0,0.0,8.999999999999999e-08
1759811073125166336,170975,1759811073119549440,base_link,-0.039418360319974886,-0.00011460386654613837,0.02440201376344344,-0.998924816780216,1.0,0.0,0.0,0.0,1.0,0.0,0.0,0.0,1.0,-0.07967827469110489,-0.033872220665216404,0.3344705104827881,1.2184696791468346e-07,0.0,0.0,0.0,1.2184696791468346e-07,0.0,0.0,0.0,1.2184696791468346e-07,-0.48914825916290283,1.2921694517135631,9.398898124694824,8.999999999999999e-08,0.0,0.0,0.0,8.999999999999999e-08,0.0,0.0,0.0,8.999999999999999e-08
1759811073131276704,170976,1759811073124549440,base_link,-0.03927960367505391,0.00022523802679834406,0.02352342055938538,-0.9989513692947779,1.0,0.0,0.0,0.0,1.0,0.0,0.0,0.0,1.0,-0.03858844190835953,-0.10292147845029827,0.3245416283607483,1.2184696791468346e-07,0.0,0.0,0.0,1.2184696791468346e-07,0.0,0.0,0.0,1.2184696791468346e-07,0.25974488258361816,0.2351013123989118,10.323307991027832,8.999999999999999e-08,0.0,0.0,0.0,8.999999999999999e-08,0.0,0.0,0.0,8.999999999999999e-08
1759811073140947008,170977,1759811073135549440,base_link,-0.03919401396244042,0.0007613617449251078,0.023324192406474348,-0.9989590821680554,1.0,0.0,0.0,0.0,1.0,0.0,0.0,0.0,1.0,0.00405165133997798,-0.11054212599992752,-0.02391797117888926,1.2184696791468346e-07,0.0,0.0,0.0,1.2184696791468346e-07,0.0,0.0,0.0,1.2184696791468346e-07,-1.0316299200057983,-0.5843908190727222,10.186100006103516,8.999999999999999e-08,0.0,0.0,0.0,8.999999999999999e-08,0.0,0.0,0.0,8.999999999999999e-08
1759811073147152480,170978,1759811073140549440,base_link,-0.039184018573898256,0.0008199471814442672,0.02430473883708031,-0.998936112135617,1.0,0.0,0.0,0.0,1.0,0.0,0.0,0.0,1.0,-0.010274956934154034,-0.06512854993343357,-0.37099897861480713,1.2184696791468346e-07,0.0,0.0,0.0,1.2184696791468346e-07,0.0,0.0,0.0,1.2184696791468346e-07,-0.29903823137283325,-0.9512878060340869,9.772639274597168,8.999999999999999e-08,0.0,0.0,0.0,8.999999999999999e-08,0.0,0.0,0.0,8.999999999999999e-08
1759811073155740992,170979,1759811073149549440,base_link,-0.03924464286421413,0.0008689494782832617,0.025661867359131098,-0.9988996972585036,1.0,0.0,0.0,0.0,1.0,0.0,0.0,0.0,1.0,-0.0036653149873018265,0.01092616841197008,-0.4813435673713684,1.2184696791468346e-07,0.0,0.0,0.0,1.2184696791468346e-07,0.0,0.0,0.0,1.2184696791468346e-07,0.3535676598548889,1.5758517980575573,9.382803916931152,8.999999999999999e-08,0.0,0.0,0.0,8.999999999999999e-08,0.0,0.0,0.0,8.999999999999999e-08
1759811073160020256,170980,1759811073156549440,base_link,-0.039007643232503275,0.0005437602002413932,0.0268990038034714,-0.9988766429323681,1.0,0.0,0.0,0.0,1.0,0.0,0.0,0.0,1.0,-0.026885291561484337,0.04231381788849828,-0.2526151239871979,1.2184696791468346e-07,0.0,0.0,0.0,1.2184696791468346e-07,0.0,0.0,0.0,1.2184696791468346e-07,1.1410773992538452,2.1213028430938734,10.062192916870117,8.999999999999999e-08,0.0,0.0,0.0,8.999999999999999e-08,0.0,0.0,0.0,8.999999999999999e-08
1759811073167164896,170981,1759811073161547392,base_link,-0.03876556753972489,0.0004245320341601392,0.02649418332352425,-0.9988969998601989,1.0,0.0,0.0,0.0,1.0,0.0,0.0,0.0,1.0,-0.06906988471746445,0.0495966710150242,0.09089461714029312,1.2184696791468346e-07,0.0,0.0,0.0,1.2184696791468346e-07,0.0,0.0,0.0,1.2184696791468346e-07,-0.27957722544670105,1.6819987297058117,9.812500953674316,8.999999999999999e-08,0.0,0.0,0.0,8.999999999999999e-08,0.0,0.0,0.0,8.999999999999999e-08
1759811073177912512,170982,1759811073172547392,base_link,-0.03857679970777869,0.000482958102908364,0.024588429274407138,-0.9989530130218698,1.0,0.0,0.0,0.0,1.0,0.0,0.0,0.0,1.0,-0.03838660567998886,-0.011847908608615352,0.3836904466152191,1.2184696791468346e-07,0.0,0.0,0.0,1.2184696791468346e-07,0.0,0.0,0.0,1.2184696791468346e-07,0.03499947860836983,0.9839577674865735,10.208011627197266,8.999999999999999e-08,0.0,0.0,0.0,8.999999999999999e-08,0.0,0.0,0.0,8.999999999999999e-08
1759811073190555264,170983,1759811073182547392,base_link,-0.038479003214165225,0.0007554690886676791,0.02347482524305228,-0.9989833587527976,1.0,0.0,0.0,0.0,1.0,0.0,0.0,0.0,1.0,-0.0030384897254407406,-0.043344359844923006,0.10925908386707306,1.2184696791468346e-07,0.0,0.0,0.0,1.2184696791468346e-07,0.0,0.0,0.0,1.2184696791468346e-07,-0.04772428423166275,-0.9495144486427295,9.708905220031738,8.999999999999999e-08,0.0,0.0,0.0,8.999999999999999e-08,0.0,0.0,0.0,8.999999999999999e-08
1759811073197700704,170984,1759811073193547392,base_link,-0.03851126267543327,0.0008261901833799434,0.024597785874776585,-0.9989550360705983,1.0,0.0,0.0,0.0,1.0,0.0,0.0,0.0,1.0,0.014128574170172215,-0.009402861818671261,-0.2800816595554352,1.2184696791468346e-07,0.0,0.0,0.0,1.2184696791468346e-07,0.0,0.0,0.0,1.2184696791468346e-07,-0.3271408677101135,-0.46646437048911943,8.756752967834473,8.999999999999999e-08,0.0,0.0,0.0,8.999999999999999e-08,0.0,0.0,0.0,8.999999999999999e-08
1759811073206811264,170985,1759811073198547392,base_link,-0.03871308022534965,0.000643615303986812,0.025746961846274577,-0.9989184526060909,1.0,0.0,0.0,0.0,1.0,0.0,0.0,0.0,1.0,0.017496123909950256,0.08163732290267939,-0.4329267144203186,1.2184696791468346e-07,0.0,0.0,0.0,1.2184696791468346e-07,0.0,0.0,0.0,1.2184696791468346e-07,0.3098185658454895,1.3979833126068129,10.000869750976562,8.999999999999999e-08,0.0,0.0,0.0,8.999999999999999e-08,0.0,0.0,0.0,8.999999999999999e-08
1759811073215548576,170986,1759811073209547392,base_link,-0.03857428670193623,-4.6827782873574016e-05,0.026940265568163556,-0.9988925322942567,1.0,0.0,0.0,0.0,1.0,0.0,0.0,0.0,1.0,-0.021818816661834717,0.11689941585063932,-0.23792587220668796,1.2184696791468346e-07,0.0,0.0,0.0,1.2184696791468346e-07,0.0,0.0,0.0,1.2184696791468346e-07,1.2736382484436035,1.8047873973846447,9.954407691955566,8.999999999999999e-08,0.0,0.0,0.0,8.999999999999999e-08,0.0,0.0,0.0,8.999999999999999e-08
1759811073225854880,170987,1759811073219547392,base_link,-0.03821855281252511,-0.000709224776227989,0.025528051115109033,-0.9989430663656212,1.0,0.0,0.0,0.0,1.0,0.0,0.0,0.0,1.0,-0.06536354869604111,0.11912373453378682,0.32498931884765625,1.2184696791468346e-07,0.0,0.0,0.0,1.2184696791468346e-07,0.0,0.0,0.0,1.2184696791468346e-07,-0.45182716846466064,1.627236604690553,10.017396926879883,8.999999999999999e-08,0.0,0.0,0.0,8.999999999999999e-08,0.0,0.0,0.0,8.999999999999999e-08
1759811073235290656,170988,1759811073225547392,base_link,-0.038181308169331636,-0.0006888362382608462,0.02428193739203595,-0.9989756037326717,1.0,0.0,0.0,0.0,1.0,0.0,0.0,0.0,1.0,-0.02434447407722473,0.01885865628719335,0.42982006072998047,1.2184696791468346e-07,0.0,0.0,0.0,1.2184696791468346e-07,0.0,0.0,0.0,1.2184696791468346e-07,-0.11775927245616913,0.19901870191097393,10.813820838928223,8.999999999999999e-08,0.0,0.0,0.0,8.999999999999999e-08,0.0,0.0,0.0,8.999999999999999e-08
1759811073238029152,170989,1759811073234547392,base_link,-0.03818491567614637,-0.0008326215290447765,0.023393734706517337,-0.998996508569533,1.0,0.0,0.0,0.0,1.0,0.0,0.0,0.0,1.0,0.007192689925432205,0.01275393087416891,0.2985939085483551,1.2184696791468346e-07,0.0,0.0,0.0,1.2184696791468346e-07,0.0,0.0,0.0,1.2184696791468346e-07,-0.33731481432914734,-0.6009135842323293,8.223551750183105,8.999999999999999e-08,0.0,0.0,0.0,8.999999999999999e-08,0.0,0.0,0.0,8.999999999999999e-08
1759811073246978976,170990,1759811073240547392,base_link,-0.0383986581500133,-0.0008884028830489464,0.023269317209713206,-0.9989911980666207,1.0,0.0,0.0,0.0,1.0,0.0,0.0,0.0,1.0,-0.0036395592615008354,-0.00020283751655371322,-0.10829295217990875,1.2184696791468346e-07,0.0,0.0,0.0,1.2184696791468346e-07,0.0,0.0,0.0,1.2184696791468346e-07,-0.0689140185713768,-0.8388238549232471,9.919983863830566,8.999999999999999e-08,0.0,0.0,0.0,8.999999999999999e-08,0.0,0.0,0.0,8.999999999999999e-08
1759811073252876832,170991,1759811073246547392,base_link,-0.03845823403747247,-0.000935869454095324,0.024042248264554457,-0.9989705882576989,1.0,0.0,0.0,0.0,1.0,0.0,0.0,0.0,1.0,0.039811473339796066,0.06294111907482143,-0.3310239315032959,1.2184696791468346e-07,0.0,0.0,0.0,1.2184696791468346e-07,0.0,0.0,0.0,1.2184696791468346e-07,-0.732028603553772,0.9379600286483776,8.980402946472168,8.999999999999999e-08,0.0,0.0,0.0,8.999999999999999e-08,0.0,0.0,0.0,8.999999999999999e-08
1759811073260151040,170992,1759811073251547392,base_link,-0.03833810234832626,-0.0011886688856416977,0.02511197742660949,-0.9989485454559277,1.0,0.0,0.0,0.0,1.0,0.0,0.0,0.0,1.0,0.02770151011645794,0.10646182298660273,-0.4253275692462921,1.2184696791468346e-07,0.0,0.0,0.0,1.2184696791468346e-07,0.0,0.0,0.0,1.2184696791468346e-07,-0.14777636528015137,0.005728129297496167,10.441804885864258,8.999999999999999e-08,0.0,0.0,0.0,8.999999999999999e-08,0.0,0.0,0.0,8.999999999999999e-08
1759811073267853216,170993,1759811073262545856,base_link,-0.03835353468032633,-0.0020365093782660163,0.026475765150724972,-0.998911371935541,1.0,0.0,0.0,0.0,1.0,0.0,0.0,0.0,1.0,-0.02735476940870285,0.14915767312049863,-0.20563468337059024,1.2184696791468346e-07,0.0,0.0,0.0,1.2184696791468346e-07,0.0,0.0,0.0,1.2184696791468346e-07,1.271222472190857,2.7877056598663343,9.952682495117188,8.999999999999999e-08,0.0,0.0,0.0,8.999999999999999e-08,0.0,0.0,0.0,8.999999999999999e-08
1759811073274551424,170994,1759811073267545856,base_link,-0.038157198854894395,-0.0024462531369548336,0.025978727366236017,-0.9989310545137957,1.0,0.0,0.0,0.0,1.0,0.0,0.0,0.0,1.0,-0.08417094498872757,0.13909283280372622,0.1744500398635864,1.2184696791468346e-07,0.0,0.0,0.0,1.2184696791468346e-07,0.0,0.0,0.0,1.2184696791468346e-07,0.5621505975723267,2.43907403945923,9.449832916259766,8.999999999999999e-08,0.0,0.0,0.0,8.999999999999999e-08,0.0,0.0,0.0,8.999999999999999e-08
1759811073282413728,170995,1759811073272545856,base_link,-0.0381858257846564,-0.002693832944730936,0.024855387412875175,-0.9989579020562971,1.0,0.0,0.0,0.0,1.0,0.0,0.0,0.0,1.0,-0.037138067185878754,0.09539668262004858,0.43207213282585144,1.2184696791468346e-07,0.0,0.0,0.0,1.2184696791468346e-07,0.0,0.0,0.0,1.2184696791468346e-07,-0.4060611426830292,1.8695123195648204,9.63856315612793,8.999999999999999e-08,0.0,0.0,0.0,8.999999999999999e-08,0.0,0.0,0.0,8.999999999999999e-08
1759811073287817952,170996,1759811073283545856,base_link,-0.038122280190903114,-0.002667258039655803,0.022768528355706714,-0.9990100798547535,1.0,0.0,0.0,0.0,1.0,0.0,0.0,0.0,1.0,0.005120948422700167,-0.003928425721824123,0.37719544768333435,1.2184696791468346e-07,0.0,0.0,0.0,1.2184696791468346e-07,0.0,0.0,0.0,1.2184696791468346e-07,-0.7233783602714539,-1.154235839843749,9.557703018188477,8.999999999999999e-08,0.0,0.0,0.0,8.999999999999999e-08,0.0,0.0,0.0,8.999999999999999e-08
1759811073294202912,170997,1759811073288545856,base_link,-0.038115643379351666,-0.0026063729657147664,0.022479148093830968,-0.9990170762316064,1.0,0.0,0.0,0.0,1.0,0.0,0.0,0.0,1.0,0.03718499094247818,-0.016325481235980967,0.17818567156791687,1.2184696791468346e-07,0.0,0.0,0.0,1.2184696791468346e-07,0.0,0.0,0.0,1.2184696791468346e-07,-0.7405770421028137,-0.3035433888435352,9.42642593383789,8.999999999999999e-08,0.0,0.0,0.0,8.999999999999999e-08,0.0,0.0,0.0,8.999999999999999e-08
1759811073303959104,170998,1759811073299545856,base_link,-0.03855649941477562,-0.002560237971663531,0.02385170236243674,-0.9989685230621218,1.0,0.0,0.0,0.0,1.0,0.0,0.0,0.0,1.0,0.05945785343647003,-0.017631111666560208,-0.26920971274375916,1.2184696791468346e-07,0.0,0.0,0.0,1.2184696791468346e-07,0.0,0.0,0.0,1.2184696791468346e-07,-0.611946702003479,0.4163476824760448,9.170461654663086,8.999999999999999e-08,0.0,0.0,0.0,8.999999999999999e-08,0.0,0.0,0.0,8.999999999999999e-08
1759811073312077632,170999,1759811073304545856,base_link,-0.03858143586111489,-0.002715123688674018,0.02510097709914815,-0.9989365336041021,1.0,0.0,0.0,0.0,1.0,0.0,0.0,0.0,1.0,0.04317633435130119,0.04311601817607874,-0.4572441577911377,1.2184696791468346e-07,0.0,0.0,0.0,1.2184696791468346e-07,0.0,0.0,0.0,1.2184696791468346e-07,-0.6298818588256836,1.175127148628236,9.483175277709961,8.999999999999999e-08,0.0,0.0,0.0,8.999999999999999e-08,0.0,0.0,0.0,8.999999999999999e-08
1759811073316890400,171000,1759811073309545856,base_link,-0.03864388036845083,-0.0030046949284571333,0.02617445733072059,-0.9989056821109921,1.0,0.0,0.0,0.0,1.0,0.0,0.0,0.0,1.0,0.0036896937526762486,0.09847833961248394,-0.3724360167980194,1.2184696791468346e-07,0.0,0.0,0.0,1.2184696791468346e-07,0.0,0.0,0.0,1.2184696791468346e-07,0.7585961222648621,1.8766572475433363,10.478036880493164,8.999999999999999e-08,0.0,0.0,0.0,8.999999999999999e-08,0.0,0.0,0.0,8.999999999999999e-08
1759811073323813408,171001,1759811073314545856,base_link,-0.03857465416977169,-0.0032552052592937576,0.026213611752987195,-0.9989065671948109,1.0,0.0,0.0,0.0,1.0,0.0,0.0,0.0,1.0,-0.05624774098396301,0.08592811226844789,0.09514977782964705,1.2184696791468346e-07,0.0,0.0,0.0,1.2184696791468346e-07,0.0,0.0,0.0,1.2184696791468346e-07,1.3440542221069336,3.052092313766481,10.157352447509766,8.999999999999999e-08,0.0,0.0,0.0,8.999999999999999e-08,0.0,0.0,0.0,8.999999999999999e-08
1759811073331718304,171002,1759811073325545856,base_link,-0.03846324160991117,-0.003487581908558572,0.024401297267018795,-0.9989559633012656,1.0,0.0,0.0,0.0,1.0,0.0,0.0,0.0,1.0,-0.026982368901371956,0.06224882975220685,0.37238994240760803,1.2184696791468346e-07,0.0,0.0,0.0,1.2184696791468346e-07,0.0,0.0,0.0,1.2184696791468346e-07,-0.7006826400756836,0.6718393564224255,10.34900188446045,8.999999999999999e-08,0.0,0.0,0.0,8.999999999999999e-08,0.0,0.0,0.0,8.999999999999999e-08
1759811073336876000,171003,1759811073330545856,base_link,-0.038322269621265344,-0.003483444931959423,0.02342618777987073,-0.998984791745647,1.0,0.0,0.0,0.0,1.0,0.0,0.0,0.0,1.0,-0.009667142294347286,-0.007933140732347918,0.3787435293197632,1.2184696791468346e-07,0.0,0.0,0.0,1.2184696791468346e-07,0.0,0.0,0.0,1.2184696791468346e-07,-0.8675776124000549,-0.10891876369714616,9.905929565429688,8.999999999999999e-08,0.0,0.0,0.0,8.999999999999999e-08,0.0,0.0,0.0,8.999999999999999e-08
1759811073342021664,171004,1759811073336545856,base_link,-0.038438689753564556,-0.0032558150715081484,0.022900490138394354,-0.9989932632621977,1.0,0.0,0.0,0.0,1.0,0.0,0.0,0.0,1.0,0.02128790132701397,-0.05798640847206113,0.22729717195034027,1.2184696791468346e-07,0.0,0.0,0.0,1.2184696791468346e-07,0.0,0.0,0.0,1.2184696791468346e-07,-0.2705761194229126,-0.33723232150077703,9.658295631408691,8.999999999999999e-08,0.0,0.0,0.0,8.999999999999999e-08,0.0,0.0,0.0,8.999999999999999e-08
1759811073352465312,171005,1759811073341545856,base_link,-0.03866734167509222,-0.003086906307744677,0.02282774467786457,-0.9989866040601331,1.0,0.0,0.0,0.0,1.0,0.0,0.0,0.0,1.0,0.07034424692392349,-0.07766576856374742,-0.08401754498481749,1.2184696791468346e-07,0.0,0.0,0.0,1.2184696791468346e-07,0.0,0.0,0.0,1.2184696791468346e-07,-0.4664103388786316,-0.5486332178115834,9.442768096923828,8.999999999999999e-08,0.0,0.0,0.0,8.999999999999999e-08,0.0,0.0,0.0,8.999999999999999e-08
1759811073357074176,171006,1759811073352545856,base_link,-0.03905417730452635,-0.0028770690028100793,0.02494760471741696,-0.9989214871791837,1.0,0.0,0.0,0.0,1.0,0.0,0.0,0.0,1.0,0.07935462892055511,-0.04091407731175428,-0.4499164819717407,1.2184696791468346e-07,0.0,0.0,0.0,1.2184696791468346e-07,0.0,0.0,0.0,1.2184696791468346e-07,-0.27289852499961853,0.16927364468574646,9.963221549987793,8.999999999999999e-08,0.0,0.0,0.0,8.999999999999999e-08,0.0,0.0,0.0,8.999999999999999e-08
1759811073362776864,171007,1759811073357545088,base_link,-0.03917619111387637,-0.0030398440830262012,0.02613686234184886,-0.998885873092192,1.0,0.0,0.0,0.0,1.0,0.0,0.0,0.0,1.0,0.06117165461182594,0.018823817372322024,-0.47932201623916626,1.2184696791468346e-07,0.0,0.0,0.0,1.2184696791468346e-07,0.0,0.0,0.0,1.2184696791468346e-07,0.36828818917274475,1.9843651056289684,9.335168838500977,8.999999999999999e-08,0.0,0.0,0.0,8.999999999999999e-08,0.0,0.0,0.0,8.999999999999999e-08
1759811073368939232,171008,1759811073362545088,base_link,-0.039243843391181435,-0.0032297090501227,0.026921425926879176,-0.9988617229479952,1.0,0.0,0.0,0.0,1.0,0.0,0.0,0.0,1.0,0.02980291098356247,0.06692956387996671,-0.2784104347229004,1.2184696791468346e-07,0.0,0.0,0.0,1.2184696791468346e-07,0.0,0.0,0.0,1.2184696791468346e-07,0.7465319037437439,2.0775575637817396,9.792226791381836,8.999999999999999e-08,0.0,0.0,0.0,8.999999999999999e-08,0.0,0.0,0.0,8.999999999999999e-08
1759811073378415616,171009,1759811073373545088,base_link,-0.03909055662023633,-0.003411126208270794,0.026314342720928276,-0.9988833864281299,1.0,0.0,0.0,0.0,1.0,0.0,0.0,0.0,1.0,-0.047075241804122925,0.031924597918987295,0.167012020945549,1.2184696791468346e-07,0.0,0.0,0.0,1.2184696791468346e-07,0.0,0.0,0.0,1.2184696791468346e-07,-0.8182551264762878,1.7126331329345714,9.50518798828125,8.999999999999999e-08,0.0,0.0,0.0,8.999999999999999e-08,0.0,0.0,0.0,8.999999999999999e-08
1759811073388152672,171010,1759811073383545088,base_link,-0.0391536465011901,-0.0031940633529946093,0.024672975852519995,-0.9989235102279121,1.0,0.0,0.0,0.0,1.0,0.0,0.0,0.0,1.0,0.0026260651648044586,-0.02670683152973648,0.3218807280063629,1.2184696791468346e-07,0.0,0.0,0.0,1.2184696791468346e-07,0.0,0.0,0.0,1.2184696791468346e-07,-0.3668915629386902,0.5749391317367566,9.743056297302246,8.999999999999999e-08,0.0,0.0,0.0,8.999999999999999e-08,0.0,0.0,0.0,8.999999999999999e-08
1759811073393976288,171011,1759811073389545088,base_link,-0.03920626552446693,-0.0029596728746243833,0.02429407568440709,-0.9989314338354323,1.0,0.0,0.0,0.0,1.0,0.0,0.0,0.0,1.0,0.03716512396931648,-0.06783259660005567,0.20195366442203522,1.2184696791468346e-07,0.0,0.0,0.0,1.2184696791468346e-07,0.0,0.0,0.0,1.2184696791468346e-07,-0.5017889738082886,-0.45170602202415355,9.166080474853516,8.999999999999999e-08,0.0,0.0,0.0,8.999999999999999e-08,0.0,0.0,0.0,8.999999999999999e-08
1759811073403089760,171012,1759811073398545088,base_link,-0.039570027071430355,-0.0028555859638706694,0.024446394394925408,-0.9989136478653606,1.0,0.0,0.0,0.0,1.0,0.0,0.0,0.0,1.0,0.06123890355229378,-0.08179460465908052,-0.14815255999565125,1.2184696791468346e-07,0.0,0.0,0.0,1.2184696791468346e-07,0.0,0.0,0.0,1.2184696791468346e-07,-0.6513593196868896,-0.9974471330642689,9.35775375366211,8.999999999999999e-08,0.0,0.0,0.0,8.999999999999999e-08,0.0,0.0,0.0,8.999999999999999e-08
1759811073410976512,171013,1759811073404545088,base_link,-0.03993540732079441,-0.002709611671142202,0.026689576113220745,-0.9988421246634377,1.0,0.0,0.0,0.0,1.0,0.0,0.0,0.0,1.0,0.07540164887905121,-0.023036057129502355,-0.47027304768562317,1.2184696791468346e-07,0.0,0.0,0.0,1.2184696791468346e-07,0.0,0.0,0.0,1.2184696791468346e-07,0.07543498277664185,0.6337969899177563,10.013265609741211,8.999999999999999e-08,0.0,0.0,0.0,8.999999999999999e-08,0.0,0.0,0.0,8.999999999999999e-08
1759811073417084224,171014,1759811073414545088,base_link,-0.04011220676485253,-0.002769717028385786,0.027787080048444403,-0.998804951143051,1.0,0.0,0.0,0.0,1.0,0.0,0.0,0.0,1.0,0.03497740253806114,0.04831973835825915,-0.3719997704029083,1.2184696791468346e-07,0.0,0.0,0.0,1.2184696791468346e-07,0.0,0.0,0.0,1.2184696791468346e-07,0.8290228843688965,2.248492479324342,9.827884674072266,8.999999999999999e-08,0.0,0.0,0.0,8.999999999999999e-08,0.0,0.0,0.0,8.999999999999999e-08
1759811073422956672,171015,1759811073415545088,base_link,-0.04008061770189362,-0.0030131150785361973,0.028265151751103522,-0.9987920963542553,1.0,0.0,0.0,0.0,1.0,0.0,0.0,0.0,1.0,0.020761659368872643,0.04579512402415274,-0.11865895241498947,1.2184696791468346e-07,0.0,0.0,0.0,1.2184696791468346e-07,0.0,0.0,0.0,1.2184696791468346e-07,0.8914810419082642,2.309949874877931,9.317688941955566,8.999999999999999e-08,0.0,0.0,0.0,8.999999999999999e-08,0.0,0.0,0.0,8.999999999999999e-08
1759811073432868736,171016,1759811073426545088,base_link,-0.03999081988987411,-0.0032475108252624884,0.027322916805793976,-0.9988211776797278,1.0,0.0,0.0,0.0,1.0,0.0,0.0,0.0,1.0,-0.043695300817489624,0.06305596977472308,0.17496749758720398,1.2184696791468346e-07,0.0,0.0,0.0,1.2184696791468346e-07,0.0,0.0,0.0,1.2184696791468346e-07,-0.37954506278038025,1.8886015415191664,10.452192306518555,8.999999999999999e-08,0.0,0.0,0.0,8.999999999999999e-08,0.0,0.0,0.0,8.999999999999999e-08
1759811073437907712,171017,1759811073431545088,base_link,-0.039991957854783905,-0.003229877637516742,0.026321001922992998,-0.9988480673690777,1.0,0.0,0.0,0.0,1.0,0.0,0.0,0.0,1.0,-0.023686083033680916,0.017023945227265403,0.36819347739219666,1.2184696791468346e-07,0.0,0.0,0.0,1.2184696791468346e-07,0.0,0.0,0.0,1.2184696791468346e-07,-0.09179844707250595,0.3920202553272259,9.648309707641602,8.999999999999999e-08,0.0,0.0,0.0,8.999999999999999e-08,0.0,0.0,0.0,8.999999999999999e-08
1759811073443041600,171018,1759811073436545088,base_link,-0.040076869266554176,-0.0029912645717613323,0.025606697134430374,-0.9988639988778149,1.0,0.0,0.0,0.0,1.0,0.0,0.0,0.0,1.0,0.011376211419701576,-0.04843267053365704,0.29560860991477966,1.2184696791468346e-07,0.0,0.0,0.0,1.2184696791468346e-07,0.0,0.0,0.0,1.2184696791468346e-07,-0.27440929412841797,0.03554906696081288,10.33575439453125,8.999999999999999e-08,0.0,0.0,0.0,8.999999999999999e-08,0.0,0.0,0.0,8.999999999999999e-08
1759811073448971040,171019,1759811073441545088,base_link,-0.0400855080534099,-0.002928216837656081,0.02511269392303413,-0.9988763479044285,1.0,0.0,0.0,0.0,1.0,0.0,0.0,0.0,1.0,0.043870724737644196,-0.0654935464262962,0.17883706092834473,1.2184696791468346e-07,0.0,0.0,0.0,1.2184696791468346e-07,0.0,0.0,0.0,1.2184696791468346e-07,-0.6226690411567688,0.23085826635360834,9.520668029785156,8.999999999999999e-08,0.0,0.0,0.0,8.999999999999999e-08,0.0,0.0,0.0,8.999999999999999e-08
1759811073457767808,171020,1759811073452545088,base_link,-0.04041438122942942,-0.0026946613937219805,0.025981256177146642,-0.9988415346075585,1.0,0.0,0.0,0.0,1.0,0.0,0.0,0.0,1.0,0.05923706665635109,-0.036538749933242826,-0.23076006770133972,1.2184696791468346e-07,0.0,0.0,0.0,1.2184696791468346e-07,0.0,0.0,0.0,1.2184696791468346e-07,-0.17006653547286987,-0.3754458427429187,9.825963973999023,8.999999999999999e-08,0.0,0.0,0.0,8.999999999999999e-08,0.0,0.0,0.0,8.999999999999999e-08
1759811073469936448,171021,1759811073463544576,base_link,-0.04058237329923778,-0.00288074499825364,0.027928651312592534,-0.9987816439358246,1.0,0.0,0.0,0.0,1.0,0.0,0.0,0.0,1.0,0.02738323248922825,0.03439408913254733,-0.3780478537082672,1.2184696791468346e-07,0.0,0.0,0.0,1.2184696791468346e-07,0.0,0.0,0.0,1.2184696791468346e-07,0.6886414885520935,1.669522047042848,10.89633560180664,8.999999999999999e-08,0.0,0.0,0.0,8.999999999999999e-08,0.0,0.0,0.0,8.999999999999999e-08
1759811073474518624,171022,1759811073468544576,base_link,-0.0405850232823379,-0.003268638250167589,0.028157677287400724,-0.9987739732093955,1.0,0.0,0.0,0.0,1.0,0.0,0.0,0.0,1.0,-0.0045044515281915665,0.09677046537399289,-0.17072874307632446,1.2184696791468346e-07,0.0,0.0,0.0,1.2184696791468346e-07,0.0,0.0,0.0,1.2184696791468346e-07,0.6617068648338318,2.7655405998229994,9.165375709533691,8.999999999999999e-08,0.0,0.0,0.0,8.999999999999999e-08,0.0,0.0,0.0,8.999999999999999e-08
1759811073481224256,171023,1759811073477544576,base_link,-0.04051536902972857,-0.0032987376854494467,0.027744048116114788,-0.9987882188441922,1.0,0.0,0.0,0.0,1.0,0.0,0.0,0.0,1.0,-0.056212011724710464,0.08943381160497668,0.20611950755119324,1.2184696791468346e-07,0.0,0.0,0.0,1.2184696791468346e-07,0.0,0.0,0.0,1.2184696791468346e-07,0.059962350875139236,1.539959192276002,9.275290489196777,8.999999999999999e-08,0.0,0.0,0.0,8.999999999999999e-08,0.0,0.0,0.0,8.999999999999999e-08
1759811073485056992,171024,1759811073478544576,base_link,-0.04039311287599961,-0.0035505295438986078,0.02685694124865749,-0.9988165415263915,1.0,0.0,0.0,0.0,1.0,0.0,0.0,0.0,1.0,-0.05352126434445381,0.04074753820896153,0.3435249924659729,1.2184696791468346e-07,0.0,0.0,0.0,1.2184696791468346e-07,0.0,0.0,0.0,1.2184696791468346e-07,0.22320100665092468,1.3335623741149916,10.731438636779785,8.999999999999999e-08,0.0,0.0,0.0,8.999999999999999e-08,0.0,0.0,0.0,8.999999999999999e-08
1759811073491422688,171025,1759811073484544576,base_link,-0.04037149681106958,-0.0035170227993324486,0.02558730958411534,-0.9988508490610793,1.0,0.0,0.0,0.0,1.0,0.0,0.0,0.0,1.0,-0.020235028117895126,0.016598846763372473,0.4378483295440674,1.2184696791468346e-07,0.0,0.0,0.0,1.2184696791468346e-07,0.0,0.0,0.0,1.2184696791468346e-07,-0.17368435859680176,1.105756163597108,9.554180145263672,8.999999999999999e-08,0.0,0.0,0.0,8.999999999999999e-08,0.0,0.0,0.0,8.999999999999999e-08
1759811073496844608,171026,1759811073489544576,base_link,-0.04021711290497418,-0.0033308812428840843,0.02473678618116547,-0.9988791717432788,1.0,0.0,0.0,0.0,1.0,0.0,0.0,0.0,1.0,0.018677981570363045,-0.022839827463030777,0.30254948139190674,1.2184696791468346e-07,0.0,0.0,0.0,1.2184696791468346e-07,0.0,0.0,0.0,1.2184696791468346e-07,-0.24469977617263794,-0.4538547992706286,10.571459770202637,8.999999999999999e-08,0.0,0.0,0.0,8.999999999999999e-08,0.0,0.0,0.0,8.999999999999999e-08
1759811073506819456,171027,1759811073500544576,base_link,-0.040420297593289134,-0.0031372428157568455,0.02476489812912227,-0.9988709531078191,1.0,0.0,0.0,0.0,1.0,0.0,0.0,0.0,1.0,0.02307358756661415,-0.052337124943733215,-0.007834360934793942,1.2184696791468346e-07,0.0,0.0,0.0,1.2184696791468346e-07,0.0,0.0,0.0,1.2184696791468346e-07,-0.6479656100273132,-0.7483270168304431,9.880767822265625,8.999999999999999e-08,0.0,0.0,0.0,8.999999999999999e-08,0.0,0.0,0.0,8.999999999999999e-08
1759811073510283232,171028,1759811073505544576,base_link,-0.04053075262943505,-0.0032523814204435298,0.025956768858161852,-0.9988358447830096,1.0,0.0,0.0,0.0,1.0,0.0,0.0,0.0,1.0,0.04041116312146187,-0.017037488520145454,-0.3095056116580963,1.2184696791468346e-07,0.0,0.0,0.0,1.2184696791468346e-07,0.0,0.0,0.0,1.2184696791468346e-07,-0.26482126116752625,-0.6540548205375659,9.734495162963867,8.999999999999999e-08,0.0,0.0,0.0,8.999999999999999e-08,0.0,0.0,0.0,8.999999999999999e-08
1759811073519021184,171029,1759811073514544576,base_link,-0.04072533409229771,-0.003474303017099609,0.027119178940092276,-0.9987963110391064,1.0,0.0,0.0,0.0,1.0,0.0,0.0,0.0,1.0,0.02263473905622959,0.06333657354116434,-0.43343526124954224,1.2184696791468346e-07,0.0,0.0,0.0,1.2184696791468346e-07,0.0,0.0,0.0,1.2184696791468346e-07,0.5141465067863464,2.5064325332641615,9.324790954589844,8.999999999999999e-08,0.0,0.0,0.0,8.999999999999999e-08,0.0,0.0,0.0,8.999999999999999e-08
1759811073526155424,171030,1759811073515544576,base_link,-0.04070198868948973,-0.0037474475226755995,0.027889033274992276,-0.9987750690274568,1.0,0.0,0.0,0.0,1.0,0.0,0.0,0.0,1.0,-0.03382635861635208,0.10180645436048506,-0.1015184447169304,1.2184696791468346e-07,0.0,0.0,0.0,1.2184696791468346e-07,0.0,0.0,0.0,1.2184696791468346e-07,0.9745355844497681,2.2109329700469984,10.20180892944336,8.999999999999999e-08,0.0,0.0,0.0,8.999999999999999e-08,0.0,0.0,0.0,8.999999999999999e-08
1759811073537195776,171031,1759811073526544576,base_link,-0.04049487644172916,-0.0042620842505959045,0.02736784534630659,-0.9987958052769242,1.0,0.0,0.0,0.0,1.0,0.0,0.0,0.0,1.0,-0.04252563416957855,0.11324550956487658,0.19978924095630646,1.2184696791468346e-07,0.0,0.0,0.0,1.2184696791468346e-07,0.0,0.0,0.0,1.2184696791468346e-07,-0.41378453373908997,1.4439995288848888,9.295686721801758,8.999999999999999e-08,0.0,0.0,0.0,8.999999999999999e-08,0.0,0.0,0.0,8.999999999999999e-08
1759811073541778080,171032,1759811073535544576,base_link,-0.040326618319939576,-0.004457237330091503,0.026624248498028847,-0.9988218941761524,1.0,0.0,0.0,0.0,1.0,0.0,0.0,0.0,1.0,-0.041163552552461624,0.04811412096023564,0.3493203818798065,1.2184696791468346e-07,0.0,0.0,0.0,1.2184696791468346e-07,0.0,0.0,0.0,1.2184696791468346e-07,-0.1845599114894867,1.1038959026336683,10.006505966186523,8.999999999999999e-08,0.0,0.0,0.0,8.999999999999999e-08,0.0,0.0,0.0,8.999999999999999e-08
1759811073545680032,171033,1759811073537544576,base_link,-0.040351370373816614,-0.004429766804485513,0.02557824801168547,-0.9988483623970172,1.0,0.0,0.0,0.0,1.0,0.0,0.0,0.0,1.0,-0.03775831684470177,0.007499244064092677,0.3293636441230774,1.2184696791468346e-07,0.0,0.0,0.0,1.2184696791468346e-07,0.0,0.0,0.0,1.2184696791468346e-07,0.10704456269741058,0.9330263733863843,9.749015808105469,8.999999999999999e-08,0.0,0.0,0.0,8.999999999999999e-08,0.0,0.0,0.0,8.999999999999999e-08
1759811073553130240,171034,1759811073542544576,base_link,-0.040333212984642514,-0.004413153043638124,0.02502663005837493,-0.9988631137939961,1.0,0.0,0.0,0.0,1.0,0.0,0.0,0.0,1.0,0.01774178072810173,-0.010519093833863732,0.033541470766067505,1.2184696791468346e-07,0.0,0.0,0.0,1.2184696791468346e-07,0.0,0.0,0.0,1.2184696791468346e-07,-0.38387686014175415,-0.2745170295238483,9.682394981384277,8.999999999999999e-08,0.0,0.0,0.0,8.999999999999999e-08,0.0,0.0,0.0,8.999999999999999e-08
1759811073559601440,171035,1759811073553544576,base_link,-0.04062013687550354,-0.0043921968403051,0.025799898288004258,-0.9988318829792495,1.0,0.0,0.0,0.0,1.0,0.0,0.0,0.0,1.0,0.05608242005109787,-0.005823955871164826,-0.21635256707668304,1.2184696791468346e-07,0.0,0.0,0.0,1.2184696791468346e-07,0.0,0.0,0.0,1.2184696791468346e-07,-0.6578034162521362,-0.3850951790809619,9.968523025512695,8.999999999999999e-08,0.0,0.0,0.0,8.999999999999999e-08,0.0,0.0,0.0,8.999999999999999e-08
1759811073568248384,171036,1759811073563543808,base_link,-0.040780628123365976,-0.004827324855598616,0.028137783974903557,-0.998760233336781,1.0,0.0,0.0,0.0,1.0,0.0,0.0,0.0,1.0,0.05607535317540169,0.06241773068904871,-0.4512900412082672,1.2184696791468346e-07,0.0,0.0,0.0,1.2184696791468346e-07,0.0,0.0,0.0,1.2184696791468346e-07,0.48783689737319946,2.002562522888185,9.761530876159668,8.999999999999999e-08,0.0,0.0,0.0,8.999999999999999e-08,0.0,0.0,0.0,8.999999999999999e-08
1759811073573321184,171037,1759811073569543808,base_link,-0.04081184313304436,-0.005167966221975788,0.028675619908751105,-0.9987418994576788,1.0,0.0,0.0,0.0,1.0,0.0,0.0,0.0,1.0,0.019953528419137,0.10668864101171491,-0.2631785273551941,1.2184696791468346e-07,0.0,0.0,0.0,1.2184696791468346e-07,0.0,0.0,0.0,1.2184696791468346e-07,0.8165249824523926,2.151246786117555,10.316193580627441,8.999999999999999e-08,0.0,0.0,0.0,8.999999999999999e-08,0.0,0.0,0.0,8.999999999999999e-08
1759811073580031520,171038,1759811073574543808,base_link,-0.0406591793452038,-0.005421108096666315,0.02856119121504404,-0.9987501180931384,1.0,0.0,0.0,0.0,1.0,0.0,0.0,0.0,1.0,-0.03321319445967674,0.11514350026845932,-0.025405075401067748,1.2184696791468346e-07,0.0,0.0,0.0,1.2184696791468346e-07,0.0,0.0,0.0,1.2184696791468346e-07,0.4432365298271179,1.7086689472198497,9.451451301574707,8.999999999999999e-08,0.0,0.0,0.0,8.999999999999999e-08,0.0,0.0,0.0,8.999999999999999e-08
1759811073590841024,171039,1759811073584543808,base_link,-0.040486250825763605,-0.005843930549283667,0.026865075590420125,-0.9988018322762613,1.0,0.0,0.0,0.0,1.0,0.0,0.0,0.0,1.0,-0.047121718525886536,0.07874771207571034,0.3409329950809479,1.2184696791468346e-07,0.0,0.0,0.0,1.2184696791468346e-07,0.0,0.0,0.0,1.2184696791468346e-07,-0.6587923169136047,0.6750002503395093,9.937960624694824,8.999999999999999e-08,0.0,0.0,0.0,8.999999999999999e-08,0.0,0.0,0.0,8.999999999999999e-08
1759811073600915136,171040,1759811073595543808,base_link,-0.04063022577736584,-0.005843212735769966,0.02550680910345951,-0.9988315458044614,1.0,0.0,0.0,0.0,1.0,0.0,0.0,0.0,1.0,0.030370106920599937,0.003524468746036318,0.2206273376941681,1.2184696791468346e-07,0.0,0.0,0.0,1.2184696791468346e-07,0.0,0.0,0.0,1.2184696791468346e-07,-0.5192379951477051,-0.5496667027473437,9.531490325927734,8.999999999999999e-08,0.0,0.0,0.0,8.999999999999999e-08,0.0,0.0,0.0,8.999999999999999e-08
1759811073610053504,171041,1759811073600543808,base_link,-0.040535897179131405,-0.005848737924191941,0.025612007637342723,-0.9988327259162197,1.0,0.0,0.0,0.0,1.0,0.0,0.0,0.0,1.0,0.07766757160425186,-0.005849741399288197,-0.155902698636055,1.2184696791468346e-07,0.0,0.0,0.0,1.2184696791468346e-07,0.0,0.0,0.0,1.2184696791468346e-07,-0.514488697052002,-0.5770097970962512,9.940699577331543,8.999999999999999e-08,0.0,0.0,0.0,8.999999999999999e-08,0.0,0.0,0.0,8.999999999999999e-08
1759811073617105440,171042,1759811073611543808,base_link,-0.041060676809563657,-0.006190739843522606,0.02745302412714708,-0.9987602754836294,1.0,0.0,0.0,0.0,1.0,0.0,0.0,0.0,1.0,0.074336938560009,0.06143188849091525,-0.3924224078655243,1.2184696791468346e-07,0.0,0.0,0.0,1.2184696791468346e-07,0.0,0.0,0.0,1.2184696791468346e-07,0.016944367438554764,1.3247722387313854,9.76754379272461,8.999999999999999e-08,0.0,0.0,0.0,8.999999999999999e-08,0.0,0.0,0.0,8.999999999999999e-08
1759811073628200896,171043,1759811073616543808,base_link,-0.04114565802705178,-0.006438550141876503,0.028334483316903903,-0.9987306041022779,1.0,0.0,0.0,0.0,1.0,0.0,0.0,0.0,1.0,0.030516086146235466,0.11819819360971447,-0.345528244972229,1.2184696791468346e-07,0.0,0.0,0.0,1.2184696791468346e-07,0.0,0.0,0.0,1.2184696791468346e-07,0.2621164917945862,1.8456032276153576,9.443535804748535,8.999999999999999e-08,0.0,0.0,0.0,8.999999999999999e-08,0.0,0.0,0.0,8.999999999999999e-08
1759811073630512544,171044,1759811073625543808,base_link,-0.04117266362023514,-0.00681046446984876,0.028603885972585535,-0.998719308746877,1.0,0.0,0.0,0.0,1.0,0.0,0.0,0.0,1.0,0.01611948013305664,0.09740907698869704,-0.07448621839284898,1.2184696791468346e-07,0.0,0.0,0.0,1.2184696791468346e-07,0.0,0.0,0.0,1.2184696791468346e-07,0.5395334959030151,2.2450852394104017,10.536057472229004,8.999999999999999e-08,0.0,0.0,0.0,8.999999999999999e-08,0.0,0.0,0.0,8.999999999999999e-08
1759811073634783808,171045,1759811073627543808,base_link,-0.04116313316411561,-0.0071400212150675695,0.028329594282476642,-0.9987252093056684,1.0,0.0,0.0,0.0,1.0,0.0,0.0,0.0,1.0,-0.02795834094285965,0.12279743701219561,0.17028984427452085,1.2184696791468346e-07,0.0,0.0,0.0,1.2184696791468346e-07,0.0,0.0,0.0,1.2184696791468346e-07,-0.020555585622787476,1.372065544128419,9.161263465881348,8.999999999999999e-08,0.0,0.0,0.0,8.999999999999999e-08,0.0,0.0,0.0,8.999999999999999e-08
1759811073645390400,171046,1759811073637543808,base_link,-0.04113076306737023,-0.007435572038983167,0.026205477411224608,-0.9987824447259462,1.0,0.0,0.0,0.0,1.0,0.0,0.0,0.0,1.0,0.005827638320624828,0.05206079035997396,0.4305371046066284,1.2184696791468346e-07,0.0,0.0,0.0,1.2184696791468346e-07,0.0,0.0,0.0,1.2184696791468346e-07,-0.5657399296760559,0.5493826270103466,9.319666862487793,8.999999999999999e-08,0.0,0.0,0.0,8.999999999999999e-08,0.0,0.0,0.0,8.999999999999999e-08
1759811073653498368,171047,1759811073642543808,base_link,-0.04125116475976471,-0.007279219084808893,0.025453282605850707,-0.9987980812067438,1.0,0.0,0.0,0.0,1.0,0.0,0.0,0.0,1.0,0.06906425952911377,-0.006392260082066034,0.20661583542823792,1.2184696791468346e-07,0.0,0.0,0.0,1.2184696791468346e-07,0.0,0.0,0.0,1.2184696791468346e-07,-1.004624843597412,-0.10447607934474828,9.548541069030762,8.999999999999999e-08,0.0,0.0,0.0,8.999999999999999e-08,0.0,0.0,0.0,8.999999999999999e-08
1759811073658808704,171048,1759811073653543808,base_link,-0.041727219999140336,-0.00733770705674087,0.025250134796028178,-0.9987829926349768,1.0,0.0,0.0,0.0,1.0,0.0,0.0,0.0,1.0,0.10388274490833282,0.012154645286500444,-0.09161863476037979,1.2184696791468346e-07,0.0,0.0,0.0,1.2184696791468346e-07,0.0,0.0,0.0,1.2184696791468346e-07,-0.6136727333068848,-0.39630159735679515,9.075770378112793,8.999999999999999e-08,0.0,0.0,0.0,8.999999999999999e-08,0.0,0.0,0.0,8.999999999999999e-08
1759811073667991136,171049,1759811073658543040,base_link,-0.04190440008192407,-0.007264771935392767,0.026030694430449954,-0.998756102945627,1.0,0.0,0.0,0.0,1.0,0.0,0.0,0.0,1.0,0.08657027035951614,0.024343246594071347,-0.3269656002521515,1.2184696791468346e-07,0.0,0.0,0.0,1.2184696791468346e-07,0.0,0.0,0.0,1.2184696791468346e-07,-0.27768853306770325,0.12714162468910348,10.757774353027344,8.999999999999999e-08,0.0,0.0,0.0,8.999999999999999e-08,0.0,0.0,0.0,8.999999999999999e-08
1759811073675007456,171050,1759811073669543040,base_link,-0.042200082614741265,-0.007612397824821608,0.027534957600652263,-0.9987006798398351,1.0,0.0,0.0,0.0,1.0,0.0,0.0,0.0,1.0,0.050042781978845596,0.05593007057905194,-0.273086816072464,1.2184696791468346e-07,0.0,0.0,0.0,1.2184696791468346e-07,0.0,0.0,0.0,1.2184696791468346e-07,-0.3041835129261017,1.9998340606689464,9.80516242980957,8.999999999999999e-08,0.0,0.0,0.0,8.999999999999999e-08,0.0,0.0,0.0,8.999999999999999e-08
1759811073681367168,171051,1759811073674543040,base_link,-0.042341963394808106,-0.007901199884619394,0.027647321098782294,-0.9986893001907372,1.0,0.0,0.0,0.0,1.0,0.0,0.0,0.0,1.0,0.019803466275334358,0.0751500055193901,-0.04144954681396485,1.2184696791468346e-07,0.0,0.0,0.0,1.2184696791468346e-07,0.0,0.0,0.0,1.2184696791468346e-07,0.570278525352478,1.8536044359207164,9.903420448303223,8.999999999999999e-08,0.0,0.0,0.0,8.999999999999999e-08,0.0,0.0,0.0,8.999999999999999e-08
1759811073687263744,171052,1759811073679543040,base_link,-0.042419136908609587,-0.008103001629467586,0.027007658378932438,-0.9987019863921389,1.0,0.0,0.0,0.0,1.0,0.0,0.0,0.0,1.0,0.007064715959131718,0.07986956089735034,0.23265044391155243,1.2184696791468346e-07,0.0,0.0,0.0,1.2184696791468346e-07,0.0,0.0,0.0,1.2184696791468346e-07,0.38311848044395447,2.4190251827240004,9.548666000366211,8.999999999999999e-08,0.0,0.0,0.0,8.999999999999999e-08,0.0,0.0,0.0,8.999999999999999e-08
1759811073694757568,171053,1759811073690543040,base_link,-0.04251688730410749,-0.008121176140798894,0.0246869686062256,-0.9987577045258703,1.0,0.0,0.0,0.0,1.0,0.0,0.0,0.0,1.0,0.01720478944480419,0.02936528623104101,0.45742809772491455,1.2184696791468346e-07,0.0,0.0,0.0,1.2184696791468346e-07,0.0,0.0,0.0,1.2184696791468346e-07,-0.7323469519615173,0.3613230288028729,9.852335929870605,8.999999999999999e-08,0.0,0.0,0.0,8.999999999999999e-08,0.0,0.0,0.0,8.999999999999999e-08
1759811073701935296,171054,1759811073695543040,base_link,-0.04252577897205428,-0.007873490965901512,0.023845085307220525,-0.9987797473276415,1.0,0.0,0.0,0.0,1.0,0.0,0.0,0.0,1.0,0.023602958768606186,-0.036300454288721036,0.4031268060207367,1.2184696791468346e-07,0.0,0.0,0.0,1.2184696791468346e-07,0.0,0.0,0.0,1.2184696791468346e-07,-0.9588180780410767,-0.2562274634838092,9.929286003112793,8.999999999999999e-08,0.0,0.0,0.0,8.999999999999999e-08,0.0,0.0,0.0,8.999999999999999e-08
1759811073711080640,171055,1759811073706543040,base_link,-0.04299820826536895,-0.007557152526046935,0.023921792571510343,-0.9987601911899325,1.0,0.0,0.0,0.0,1.0,0.0,0.0,0.0,1.0,0.08399994671344757,-0.06807385385036469,-0.009216568432748309,1.2184696791468346e-07,0.0,0.0,0.0,1.2184696791468346e-07,0.0,0.0,0.0,1.2184696791468346e-07,-0.5018850564956665,-0.06372603029012562,9.654702186584473,8.999999999999999e-08,0.0,0.0,0.0,8.999999999999999e-08,0.0,0.0,0.0,8.999999999999999e-08
1759811073719686784,171056,1759811073712543040,base_link,-0.043016309019715364,-0.007462934563289847,0.025006610305332244,-0.9987335122348251,1.0,0.0,0.0,0.0,1.0,0.0,0.0,0.0,1.0,0.057234011590480804,-0.04874960705637936,-0.33713191747665405,1.2184696791468346e-07,0.0,0.0,0.0,1.2184696791468346e-07,0.0,0.0,0.0,1.2184696791468346e-07,-0.6111243963241577,0.2009895592927945,10.022637367248535,8.999999999999999e-08,0.0,0.0,0.0,8.999999999999999e-08,0.0,0.0,0.0,8.999999999999999e-08
1759811073723027840,171057,1759811073717543040,base_link,-0.043232613231718356,-0.007549386969208803,0.026000980902249775,-0.9986981510289245,1.0,0.0,0.0,0.0,1.0,0.0,0.0,0.0,1.0,0.05178067460656166,0.0025929333642124627,-0.41184544563293457,1.2184696791468346e-07,0.0,0.0,0.0,1.2184696791468346e-07,0.0,0.0,0.0,1.2184696791468346e-07,0.018133502453565598,1.1895171403884899,9.608444213867188,8.999999999999999e-08,0.0,0.0,0.0,8.999999999999999e-08,0.0,0.0,0.0,8.999999999999999e-08
1759811073730842560,171058,1759811073726543040,base_link,-0.04329915520298296,-0.0077326282956440085,0.026908065375901204,-0.9986698283467251,1.0,0.0,0.0,0.0,1.0,0.0,0.0,0.0,1.0,0.04787444695830345,0.054615881294012035,-0.2606707513332367,1.2184696791468346e-07,0.0,0.0,0.0,1.2184696791468346e-07,0.0,0.0,0.0,1.2184696791468346e-07,0.0009180046617984772,2.1098287105560316,9.5858736038208,8.999999999999999e-08,0.0,0.0,0.0,8.999999999999999e-08,0.0,0.0,0.0,8.999999999999999e-08
1759811073733900448,171059,1759811073727543040,base_link,-0.0432940686052033,-0.007785114292930233,0.027083438412555026,-0.9986648971654494,1.0,0.0,0.0,0.0,1.0,0.0,0.0,0.0,1.0,0.004238396883010864,0.03608101978898048,-0.06756898015737534,1.2184696791468346e-07,0.0,0.0,0.0,1.2184696791468346e-07,0.0,0.0,0.0,1.2184696791468346e-07,0.7884707450866699,2.304771423339845,10.508671760559082,8.999999999999999e-08,0.0,0.0,0.0,8.999999999999999e-08,0.0,0.0,0.0,8.999999999999999e-08
1759811073741761664,171060,1759811073732543040,base_link,-0.04334298002290019,-0.007903989479155212,0.026409088836380722,-0.9986799014435193,1.0,0.0,0.0,0.0,1.0,0.0,0.0,0.0,1.0,0.002934524090960622,0.031505871564149884,0.2173219621181488,1.2184696791468346e-07,0.0,0.0,0.0,1.2184696791468346e-07,0.0,0.0,0.0,1.2184696791468346e-07,0.04726462438702583,2.5145683288574228,8.773285865783691,8.999999999999999e-08,0.0,0.0,0.0,8.999999999999999e-08,0.0,0.0,0.0,8.999999999999999e-08
1759811073747904448,171061,1759811073743543040,base_link,-0.04353393290552388,-0.007595652355072619,0.02438953829628423,-0.9987253778930625,1.0,0.0,0.0,0.0,1.0,0.0,0.0,0.0,1.0,0.0428025983273983,-0.034799113869667005,0.4135326147079468,1.2184696791468346e-07,0.0,0.0,0.0,1.2184696791468346e-07,0.0,0.0,0.0,1.2184696791468346e-07,-0.36993637681007385,-0.524681210517882,10.535284042358398,8.999999999999999e-08,0.0,0.0,0.0,8.999999999999999e-08,0.0,0.0,0.0,8.999999999999999e-08
1759811073753794080,171062,1759811073748543040,base_link,-0.043550530861303074,-0.0072423010796913816,0.023935363856730826,-0.9987382748287068,1.0,0.0,0.0,0.0,1.0,0.0,0.0,0.0,1.0,0.039324212819337845,-0.09455925971269605,0.25448790192604065,1.2184696791468346e-07,0.0,0.0,0.0,1.2184696791468346e-07,0.0,0.0,0.0,1.2184696791468346e-07,-0.589346706867218,-0.17768362164497256,9.700029373168945,8.999999999999999e-08,0.0,0.0,0.0,8.999999999999999e-08,0.0,0.0,0.0,8.999999999999999e-08
1759811073763859648,171063,1759811073759542272,base_link,-0.044148896255057316,-0.006842594856393239,0.02461582472593922,-0.9986982774694699,1.0,0.0,0.0,0.0,1.0,0.0,0.0,0.0,1.0,0.12277057021856308,-0.09047588706016542,-0.1287955343723297,1.2184696791468346e-07,0.0,0.0,0.0,1.2184696791468346e-07,0.0,0.0,0.0,1.2184696791468346e-07,-0.48920443654060364,-0.5904927253723133,8.896418571472168,8.999999999999999e-08,0.0,0.0,0.0,8.999999999999999e-08,0.0,0.0,0.0,8.999999999999999e-08
1759811073774105952,171064,1759811073769542272,base_link,-0.044586154003289656,-0.0070223564336482636,0.027362872018182254,-0.9986061444586252,1.0,0.0,0.0,0.0,1.0,0.0,0.0,0.0,1.0,0.11376046389341354,0.014970375224947865,-0.5228851437568665,1.2184696791468346e-07,0.0,0.0,0.0,1.2184696791468346e-07,0.0,0.0,0.0,1.2184696791468346e-07,0.3942823112010956,1.4734276533126842,9.958504676818848,8.999999999999999e-08,0.0,0.0,0.0,8.999999999999999e-08,0.0,0.0,0.0,8.999999999999999e-08
1759811073784479488,171065,1759811073779542272,base_link,-0.04477155272153301,-0.007188688971296508,0.028173861677228927,-0.9985740285600598,1.0,0.0,0.0,0.0,1.0,0.0,0.0,0.0,1.0,0.0494818277657032,0.06622069329023358,-0.2372252196073532,1.2184696791468346e-07,0.0,0.0,0.0,1.2184696791468346e-07,0.0,0.0,0.0,1.2184696791468346e-07,0.8347012400627136,2.734951972961427,10.156606674194336,8.999999999999999e-08,0.0,0.0,0.0,8.999999999999999e-08,0.0,0.0,0.0,8.999999999999999e-08
1759811073792553856,171066,1759811073785542272,base_link,-0.044861570487418186,-0.00746920522409486,0.027508489379787435,-0.9985864618803706,1.0,0.0,0.0,0.0,1.0,0.0,0.0,0.0,1.0,0.022776035591959953,0.06262810528278352,0.12983286380767822,1.2184696791468346e-07,0.0,0.0,0.0,1.2184696791468346e-07,0.0,0.0,0.0,1.2184696791468346e-07,0.10076941549777985,1.8374454975128187,10.06500244140625,8.999999999999999e-08,0.0,0.0,0.0,8.999999999999999e-08,0.0,0.0,0.0,8.999999999999999e-08
1759811073798988576,171067,1759811073795542272,base_link,-0.04473112204000992,-0.007498369526175382,0.02666201207429463,-0.998615121737358,1.0,0.0,0.0,0.0,1.0,0.0,0.0,0.0,1.0,0.03532440587878227,0.007394499611109538,0.34938594698905945,1.2184696791468346e-07,0.0,0.0,0.0,1.2184696791468346e-07,0.0,0.0,0.0,1.2184696791468346e-07,-0.4005718231201172,0.8543365597724927,10.120185852050781,8.999999999999999e-08,0.0,0.0,0.0,8.999999999999999e-08,0.0,0.0,0.0,8.999999999999999e-08
1759811073807398528,171068,1759811073801542272,base_link,-0.04520300474138297,-0.0072879553362517925,0.025423526930802014,-0.9986277236450628,1.0,0.0,0.0,0.0,1.0,0.0,0.0,0.0,1.0,0.08281069993972778,-0.028887387365102744,0.20590132474899292,1.2184696791468346e-07,0.0,0.0,0.0,1.2184696791468346e-07,0.0,0.0,0.0,1.2184696791468346e-07,-0.7055108547210693,0.010372598655523056,9.693349838256836,8.999999999999999e-08,0.0,0.0,0.0,8.999999999999999e-08,0.0,0.0,0.0,8.999999999999999e-08
1759811073813643936,171069,1759811073806542272,base_link,-0.0453193682388545,-0.007242893769748567,0.025483333308838958,-0.9986212751772405,1.0,0.0,0.0,0.0,1.0,0.0,0.0,0.0,1.0,0.08151011914014816,-0.028655057772994038,0.021486818790435794,1.2184696791468346e-07,0.0,0.0,0.0,1.2184696791468346e-07,0.0,0.0,0.0,1.2184696791468346e-07,-0.5956910252571106,0.07618036866188166,9.487567901611328,8.999999999999999e-08,0.0,0.0,0.0,8.999999999999999e-08,0.0,0.0,0.0,8.999999999999999e-08
1759811073825053568,171070,1759811073817542272,base_link,-0.04594645012442383,-0.007365662271104737,0.02745766028048328,-0.9985393417037354,1.0,0.0,0.0,0.0,1.0,0.0,0.0,0.0,1.0,0.10155288130044937,0.019236190244555425,-0.3898789584636688,1.2184696791468346e-07,0.0,0.0,0.0,1.2184696791468346e-07,0.0,0.0,0.0,1.2184696791468346e-07,-0.4188275933265686,0.8794414997100842,9.713825225830078,8.999999999999999e-08,0.0,0.0,0.0,8.999999999999999e-08,0.0,0.0,0.0,8.999999999999999e-08
1759811073835120032,171071,1759811073822542272,base_link,-0.04600817154989001,-0.007530132444884404,0.028611261671074934,-0.9985028846797734,1.0,0.0,0.0,0.0,1.0,0.0,0.0,0.0,1.0,0.04159346595406532,0.08985677361488337,-0.4265502393245697,1.2184696791468346e-07,0.0,0.0,0.0,1.2184696791468346e-07,0.0,0.0,0.0,1.2184696791468346e-07,0.4536859393119812,2.029974937438966,9.787154197692871,8.999999999999999e-08,0.0,0.0,0.0,8.999999999999999e-08,0.0,0.0,0.0,8.999999999999999e-08
1759811073850066112,171072,1759811073833542272,base_link,-0.04604370529445174,-0.008249749053448425,0.028969257002326505,-0.998485267297096,1.0,0.0,0.0,0.0,1.0,0.0,0.0,0.0,1.0,-0.0038040003273636103,0.13640695810317993,-0.006134924944490211,1.2184696791468346e-07,0.0,0.0,0.0,1.2184696791468346e-07,0.0,0.0,0.0,1.2184696791468346e-07,0.5525883436203003,2.218987464904786,8.856117248535156,8.999999999999999e-08,0.0,0.0,0.0,8.999999999999999e-08,0.0,0.0,0.0,8.999999999999999e-08
1759811073850070560,171073,1759811073838542272,base_link,-0.04617444350144352,-0.008436929793130384,0.0282679755899537,-0.9984977006174066,1.0,0.0,0.0,0.0,1.0,0.0,0.0,0.0,1.0,0.007606963627040386,0.1036772280931473,0.21868090331554413,1.2184696791468346e-07,0.0,0.0,0.0,1.2184696791468346e-07,0.0,0.0,0.0,1.2184696791468346e-07,0.07774069905281067,0.7176625132560743,10.454294204711914,8.999999999999999e-08,0.0,0.0,0.0,8.999999999999999e-08,0.0,0.0,0.0,8.999999999999999e-08
1759811073859445888,171074,1759811073849542272,base_link,-0.0462028702336751,-0.00861033905006141,0.0265567292467144,-0.998541870514646,1.0,0.0,0.0,0.0,1.0,0.0,0.0,0.0,1.0,0.008768978528678417,0.023855287581682243,0.3181689381599426,1.2184696791468346e-07,0.0,0.0,0.0,1.2184696791468346e-07,0.0,0.0,0.0,1.2184696791468346e-07,-0.1735525280237198,0.5398855805397046,10.299358367919922,8.999999999999999e-08,0.0,0.0,0.0,8.999999999999999e-08,0.0,0.0,0.0,8.999999999999999e-08
1759811073862019360,171075,1759811073854542272,base_link,-0.046363063819419924,-0.008760720322637297,0.025938730006999193,-0.9985494148005295,1.0,0.0,0.0,0.0,1.0,0.0,0.0,0.0,1.0,0.03640872612595558,0.021952873095870046,0.21588557958602905,1.2184696791468346e-07,0.0,0.0,0.0,1.2184696791468346e-07,0.0,0.0,0.0,1.2184696791468346e-07,-0.13970907032489777,0.17024084925651664,9.352696418762207,8.999999999999999e-08,0.0,0.0,0.0,8.999999999999999e-08,0.0,0.0,0.0,8.999999999999999e-08
1759811073866863296,171076,1759811073860544320,base_link,-0.04644151095829985,-0.00871983129413665,0.025908215688677304,-0.9985468859896188,1.0,0.0,0.0,0.0,1.0,0.0,0.0,0.0,1.0,0.048599038273096085,0.022443415597081177,-0.05393259972333908,1.2184696791468346e-07,0.0,0.0,0.0,1.2184696791468346e-07,0.0,0.0,0.0,1.2184696791468346e-07,-0.5839014649391174,-0.722211956977843,9.779282569885254,8.999999999999999e-08,0.0,0.0,0.0,8.999999999999999e-08,0.0,0.0,0.0,8.999999999999999e-08
1759811073875064544,171077,1759811073869544320,base_link,-0.04657091495411845,-0.008883300480264183,0.02658281814594266,-0.9985217664679064,1.0,0.0,0.0,0.0,1.0,0.0,0.0,0.0,1.0,0.03783529996871948,0.02539539150893685,-0.26800838112831116,1.2184696791468346e-07,0.0,0.0,0.0,1.2184696791468346e-07,0.0,0.0,0.0,1.2184696791468346e-07,-0.6240704655647278,-0.22786004841327545,9.995591163635254,8.999999999999999e-08,0.0,0.0,0.0,8.999999999999999e-08,0.0,0.0,0.0,8.999999999999999e-08
1759811073882329152,171078,1759811073875544320,base_link,-0.04660192318082133,-0.009354809128356699,0.0281991076394869,-0.9984716538650269,1.0,0.0,0.0,0.0,1.0,0.0,0.0,0.0,1.0,0.01999248005449772,0.08610230684280391,-0.34249815344810486,1.2184696791468346e-07,0.0,0.0,0.0,1.2184696791468346e-07,0.0,0.0,0.0,1.2184696791468346e-07,0.2149379551410675,2.1311578750610365,9.922137260437012,8.999999999999999e-08,0.0,0.0,0.0,8.999999999999999e-08,0.0,0.0,0.0,8.999999999999999e-08
1759811073891928320,171079,1759811073886544320,base_link,-0.04642637365423936,-0.009973848868394551,0.02805332169048773,-0.998477933745455,1.0,0.0,0.0,0.0,1.0,0.0,0.0,0.0,1.0,-0.06640289723873138,0.12802331149578094,0.06619275361299513,1.2184696791468346e-07,0.0,0.0,0.0,1.2184696791468346e-07,0.0,0.0,0.0,1.2184696791468346e-07,0.3690279424190521,1.8126665353775038,9.98929214477539,8.999999999999999e-08,0.0,0.0,0.0,8.999999999999999e-08,0.0,0.0,0.0,8.999999999999999e-08
1759811073898262464,171080,1759811073891544320,base_link,-0.046354933428924376,-0.010130378312496963,0.02723782231865046,-0.9985022524770458,1.0,0.0,0.0,0.0,1.0,0.0,0.0,0.0,1.0,-0.07316313683986664,0.10343246161937718,0.3132992088794708,1.2184696791468346e-07,0.0,0.0,0.0,1.2184696791468346e-07,0.0,0.0,0.0,1.2184696791468346e-07,-0.07425457239151001,1.5049914121627819,9.472532272338867,8.999999999999999e-08,0.0,0.0,0.0,8.999999999999999e-08,0.0,0.0,0.0,8.999999999999999e-08
1759811073903911520,171081,1759811073900544320,base_link,-0.04613347017924585,-0.010294606141897695,0.02605391734397945,-0.9985424605705252,1.0,0.0,0.0,0.0,1.0,0.0,0.0,0.0,1.0,-0.04344572499394417,0.04118055850267415,0.4161067605018616,1.2184696791468346e-07,0.0,0.0,0.0,1.2184696791468346e-07,0.0,0.0,0.0,1.2184696791468346e-07,-0.592602550983429,1.0223512649536144,9.94976806640625,8.999999999999999e-08,0.0,0.0,0.0,8.999999999999999e-08,0.0,0.0,0.0,8.999999999999999e-08
1759811073911000448,171082,1759811073907544320,base_link,-0.04597424465392776,-0.01026434470466687,0.024587207015800316,-0.9985873048173408,1.0,0.0,0.0,0.0,1.0,0.0,0.0,0.0,1.0,-0.042763177305459976,0.014057457447052038,0.2963555157184601,1.2184696791468346e-07,0.0,0.0,0.0,1.2184696791468346e-07,0.0,0.0,0.0,1.2184696791468346e-07,-0.5395483374595642,-0.35236763954162476,10.024125099182129,8.999999999999999e-08,0.0,0.0,0.0,8.999999999999999e-08,0.0,0.0,0.0,8.999999999999999e-08
1759811073918100832,171083,1759811073912544320,base_link,-0.04599918110026703,-0.01025932791260506,0.02472688167176543,-0.9985827529577016,1.0,0.0,0.0,0.0,1.0,0.0,0.0,0.0,1.0,-0.005197871942073107,-0.006861250847578048,0.008046310395002365,1.2184696791468346e-07,0.0,0.0,0.0,1.2184696791468346e-07,0.0,0.0,0.0,1.2184696791468346e-07,-0.9265605211257935,-0.2781426608562458,9.491957664489746,8.999999999999999e-08,0.0,0.0,0.0,8.999999999999999e-08,0.0,0.0,0.0,8.999999999999999e-08
1759811073927957344,171084,1759811073923544320,base_link,-0.045775557824602325,-0.010516536958176888,0.02687590733048741,-0.9985348319909447,1.0,0.0,0.0,0.0,1.0,0.0,0.0,0.0,1.0,-0.03565644472837448,0.03277401626110072,-0.42299526929855347,1.2184696791468346e-07,0.0,0.0,0.0,1.2184696791468346e-07,0.0,0.0,0.0,1.2184696791468346e-07,-0.2971060276031494,1.915799379348756,9.586339950561523,8.999999999999999e-08,0.0,0.0,0.0,8.999999999999999e-08,0.0,0.0,0.0,8.999999999999999e-08
1759811073940049984,171085,1759811073933544320,base_link,-0.04535465832194828,-0.011084154908853415,0.02812379122119797,-0.9985135056855983,1.0,0.0,0.0,0.0,1.0,0.0,0.0,0.0,1.0,-0.09014976024627686,0.09648721665143964,-0.25302547216415405,1.2184696791468346e-07,0.0,0.0,0.0,1.2184696791468346e-07,0.0,0.0,0.0,1.2184696791468346e-07,0.5882400274276733,1.8674758672714247,10.297904968261719,8.999999999999999e-08,0.0,0.0,0.0,8.999999999999999e-08,0.0,0.0,0.0,8.999999999999999e-08
1759811073942943424,171086,1759811073939544320,base_link,-0.045037259625435845,-0.011413154525418471,0.027922202844770337,-0.998529816515972,1.0,0.0,0.0,0.0,1.0,0.0,0.0,0.0,1.0,-0.1160963624715805,0.11013863235712051,-0.046279445290565505,1.2184696791468346e-07,0.0,0.0,0.0,1.2184696791468346e-07,0.0,0.0,0.0,1.2184696791468346e-07,-0.29377812147140503,2.0764076709747328,9.811796188354492,8.999999999999999e-08,0.0,0.0,0.0,8.999999999999999e-08,0.0,0.0,0.0,8.999999999999999e-08
1759811073951350016,171087,1759811073944544320,base_link,-0.04479230214189053,-0.011431809774240603,0.027203851958750646,-0.9985604151279909,1.0,0.0,0.0,0.0,1.0,0.0,0.0,0.0,1.0,-0.11918187141418457,0.05164490640163425,0.255209356546402,1.2184696791468346e-07,0.0,0.0,0.0,1.2184696791468346e-07,0.0,0.0,0.0,1.2184696791468346e-07,-0.6735914349555969,1.3986899852752697,9.74807071685791,8.999999999999999e-08,0.0,0.0,0.0,8.999999999999999e-08,0.0,0.0,0.0,8.999999999999999e-08
1759811073958950848,171088,1759811073955544320,base_link,-0.044309022669262337,-0.011333789375494424,0.02582737803323336,-0.9986197157438457,1.0,0.0,0.0,0.0,1.0,0.0,0.0,0.0,1.0,-0.08268829435110092,-0.019922794774174656,0.27524346113204956,1.2184696791468346e-07,0.0,0.0,0.0,1.2184696791468346e-07,0.0,0.0,0.0,1.2184696791468346e-07,-0.41608455777168274,-0.00432576471939566,9.54897689819336,8.999999999999999e-08,0.0,0.0,0.0,8.999999999999999e-08,0.0,0.0,0.0,8.999999999999999e-08
1759811073965357152,171089,1759811073960543552,base_link,-0.04412087650333167,-0.011145975115995785,0.025624188076562367,-0.9986353522246432,1.0,0.0,0.0,0.0,1.0,0.0,0.0,0.0,1.0,-0.0768418237566948,-0.04264664277434347,0.16325406730175018,1.2184696791468346e-07,0.0,0.0,0.0,1.2184696791468346e-07,0.0,0.0,0.0,1.2184696791468346e-07,-0.19368909299373627,-0.3845332562923419,10.165431022644043,8.999999999999999e-08,0.0,0.0,0.0,8.999999999999999e-08,0.0,0.0,0.0,8.999999999999999e-08
1759811073970915424,171090,1759811073965543552,base_link,-0.04396044715865298,-0.011148353778758618,0.026110478414681056,-0.9986297888406398,1.0,0.0,0.0,0.0,1.0,0.0,0.0,0.0,1.0,-0.049083247780799866,-0.03300418332219125,-0.11908791959285736,1.2184696791468346e-07,0.0,0.0,0.0,1.2184696791468346e-07,0.0,0.0,0.0,1.2184696791468346e-07,-1.0596808195114136,-0.7170016169548024,9.068121910095215,8.999999999999999e-08,0.0,0.0,0.0,8.999999999999999e-08,0.0,0.0,0.0,8.999999999999999e-08
1759811073981143904,171091,1759811073976543552,base_link,-0.043649369172328166,-0.011276640883091686,0.028463410526498728,-0.9985777374827288,1.0,0.0,0.0,0.0,1.0,0.0,0.0,0.0,1.0,-0.06878601759672165,0.013275525532662811,-0.4605642259120941,1.2184696791468346e-07,0.0,0.0,0.0,1.2184696791468346e-07,0.0,0.0,0.0,1.2184696791468346e-07,-0.15387354791164398,1.2635111808776867,9.432473182678223,8.999999999999999e-08,0.0,0.0,0.0,8.999999999999999e-08,0.0,0.0,0.0,8.999999999999999e-08
1759811073989104864,171092,1759811073981543552,base_link,-0.04348306824481631,-0.01154824044325195,0.0295229401512141,-0.9985511428213184,1.0,0.0,0.0,0.0,1.0,0.0,0.0,0.0,1.0,-0.10248241573572159,0.06972207874059673,-0.3177618682384491,1.2184696791468346e-07,0.0,0.0,0.0,1.2184696791468346e-07,0.0,0.0,0.0,1.2184696791468346e-07,0.28973814845085144,2.334197521209718,9.30522346496582,8.999999999999999e-08,0.0,0.0,0.0,8.999999999999999e-08,0.0,0.0,0.0,8.999999999999999e-08
1759811073995037664,171093,1759811073992543552,base_link,-0.04269386192100474,-0.011938284501528972,0.029403706716776792,-0.9985841438037024,1.0,0.0,0.0,0.0,1.0,0.0,0.0,0.0,1.0,-0.14320433139801025,0.07502835243940353,0.0040925755165517235,1.2184696791468346e-07,0.0,0.0,0.0,1.2184696791468346e-07,0.0,0.0,0.0,1.2184696791468346e-07,-0.23230139911174774,1.9007427692413341,9.295051574707031,8.999999999999999e-08,0.0,0.0,0.0,8.999999999999999e-08,0.0,0.0,0.0,8.999999999999999e-08
1759811074005037600,171094,1759811074001543552,base_link,-0.042601989693785085,-0.011713923656015323,0.02865614806473906,-0.9986124243390533,1.0,0.0,0.0,0.0,1.0,0.0,0.0,0.0,1.0,-0.12080521881580353,0.012100109830498735,0.32964494824409485,1.2184696791468346e-07,0.0,0.0,0.0,1.2184696791468346e-07,0.0,0.0,0.0,1.2184696791468346e-07,-0.23230139911174774,1.9007427692413341,9.295051574707031,8.999999999999999e-08,0.0,0.0,0.0,8.999999999999999e-08,0.0,0.0,0.0,8.999999999999999e-08
1759811074014727456,171095,1759811074007543552,base_link,-0.042082546908045526,-0.011372069250654444,0.02728393097092137,-0.9986768247235779,1.0,0.0,0.0,0.0,1.0,0.0,0.0,0.0,1.0,-0.08678438514471054,-0.08412676304578778,0.2491832971572876,1.2184696791468346e-07,0.0,0.0,0.0,1.2184696791468346e-07,0.0,0.0,0.0,1.2184696791468346e-07,-0.8033568263053894,-0.25071713328361395,9.471158981323242,8.999999999999999e-08,0.0,0.0,0.0,8.999999999999999e-08,0.0,0.0,0.0,8.999999999999999e-08
1759811074023329152,171096,1759811074018543552,base_link,-0.04177298489117809,-0.011012887222199527,0.027740929249325003,-0.9986812501426716,1.0,0.0,0.0,0.0,1.0,0.0,0.0,0.0,1.0,-0.03685813024640083,-0.10669316351413728,-0.09911830723285674,1.2184696791468346e-07,0.0,0.0,0.0,1.2184696791468346e-07,0.0,0.0,0.0,1.2184696791468346e-07,-1.2333358526229858,-0.6113093495368948,8.399696350097656,8.999999999999999e-08,0.0,0.0,0.0,8.999999999999999e-08,0.0,0.0,0.0,8.999999999999999e-08
1759811074029128928,171097,1759811074024543552,base_link,-0.041693717205841224,-0.010884170746847254,0.028889220137004283,-0.9986534753695029,1.0,0.0,0.0,0.0,1.0,0.0,0.0,0.0,1.0,-0.03657430037856102,-0.06918256729841236,-0.38222435116767883,1.2184696791468346e-07,0.0,0.0,0.0,1.2184696791468346e-07,0.0,0.0,0.0,1.2184696791468346e-07,-0.3210896849632263,0.002701678313316241,10.829033851623535,8.999999999999999e-08,0.0,0.0,0.0,8.999999999999999e-08,0.0,0.0,0.0,8.999999999999999e-08
1759811074034834336,171098,1759811074029543552,base_link,-0.0414821703193639,-0.011128381440920519,0.030054791232573104,-0.9986251105404551,1.0,0.0,0.0,0.0,1.0,0.0,0.0,0.0,1.0,-0.06237080320715904,0.01748476922512049,-0.4600197374820709,1.2184696791468346e-07,0.0,0.0,0.0,1.2184696791468346e-07,0.0,0.0,0.0,1.2184696791468346e-07,-0.07890990376472473,1.3742536306381237,8.611721992492676,8.999999999999999e-08,0.0,0.0,0.0,8.999999999999999e-08,0.0,0.0,0.0,8.999999999999999e-08
1759811074039962112,171099,1759811074034543552,base_link,-0.041368923054504146,-0.011128222073149587,0.030927315290445605,-0.9986031941792294,1.0,0.0,0.0,0.0,1.0,0.0,0.0,0.0,1.0,-0.06717657297849655,0.0303289275616407,-0.3136746287345886,1.2184696791468346e-07,0.0,0.0,0.0,1.2184696791468346e-07,0.0,0.0,0.0,1.2184696791468346e-07,0.5266640782356262,2.0542681217193617,10.407646179199219,8.999999999999999e-08,0.0,0.0,0.0,8.999999999999999e-08,0.0,0.0,0.0,8.999999999999999e-08
1759811074052970144,171100,1759811074044543552,base_link,-0.040788582023933394,-0.011339309295560335,0.030562028554401672,-0.9986359422805223,1.0,0.0,0.0,0.0,1.0,0.0,0.0,0.0,1.0,-0.1205224096775055,0.033003162592649474,0.13266918063163757,1.2184696791468346e-07,0.0,0.0,0.0,1.2184696791468346e-07,0.0,0.0,0.0,1.2184696791468346e-07,-0.15242058038711548,1.8058292865753185,9.643940925598145,8.999999999999999e-08,0.0,0.0,0.0,8.999999999999999e-08,0.0,0.0,0.0,8.999999999999999e-08
1759811074059328736,171101,1759811074054543552,base_link,-0.04063189189497103,-0.011251199991659296,0.02949900074125994,-0.9986753074370316,1.0,0.0,0.0,0.0,1.0,0.0,0.0,0.0,1.0,-0.08043122291564941,-0.041786856949329335,0.3480508029460907,1.2184696791468346e-07,0.0,0.0,0.0,1.2184696791468346e-07,0.0,0.0,0.0,1.2184696791468346e-07,-0.2719023823738098,0.5308166742324842,10.664560317993164,8.999999999999999e-08,0.0,0.0,0.0,8.999999999999999e-08,0.0,0.0,0.0,8.999999999999999e-08
1759811074060882464,171102,1759811074055543552,base_link,-0.040294325931446134,-0.011078641574232584,0.028745162208794077,-0.9987129024259033,1.0,0.0,0.0,0.0,1.0,0.0,0.0,0.0,1.0,-0.08001543581485748,-0.059768639504909474,0.3297220468521118,1.2184696791468346e-07,0.0,0.0,0.0,1.2184696791468346e-07,0.0,0.0,0.0,1.2184696791468346e-07,-0.7841180562973022,0.10772394388914226,9.590539932250977,8.999999999999999e-08,0.0,0.0,0.0,8.999999999999999e-08,0.0,0.0,0.0,8.999999999999999e-08
1759811074071965664,171103,1759811074066541248,base_link,-0.04007812181820836,-0.01065580990199212,0.028012734275371737,-0.9987470413731971,1.0,0.0,0.0,0.0,1.0,0.0,0.0,0.0,1.0,-0.02124815434217453,-0.07139486074447632,0.027644725516438495,1.2184696791468346e-07,0.0,0.0,0.0,1.2184696791468346e-07,0.0,0.0,0.0,1.2184696791468346e-07,-0.4214184880256653,-0.2261136174201954,9.246272087097168,8.999999999999999e-08,0.0,0.0,0.0,8.999999999999999e-08,0.0,0.0,0.0,8.999999999999999e-08
1759811074078561312,171104,1759811074071541248,base_link,-0.040076563701902476,-0.010380452686869305,0.02862238843908184,-0.9987326692978549,1.0,0.0,0.0,0.0,1.0,0.0,0.0,0.0,1.0,-0.02548275515437126,-0.05684582144021991,-0.20162439346313477,1.2184696791468346e-07,0.0,0.0,0.0,1.2184696791468346e-07,0.0,0.0,0.0,1.2184696791468346e-07,-0.5724207758903503,-0.5448583364486682,10.369094848632812,8.999999999999999e-08,0.0,0.0,0.0,8.999999999999999e-08,0.0,0.0,0.0,8.999999999999999e-08
1759811074088500800,171105,1759811074081541248,base_link,-0.039841040526978524,-0.010575204054215035,0.030761804616343327,-0.9986764875487898,1.0,0.0,0.0,0.0,1.0,0.0,0.0,0.0,1.0,-0.04310671240091324,0.021808108314871736,-0.42887288331985474,1.2184696791468346e-07,0.0,0.0,0.0,1.2184696791468346e-07,0.0,0.0,0.0,1.2184696791468346e-07,-0.1894170194864273,1.585633158683778,8.775022506713867,8.999999999999999e-08,0.0,0.0,0.0,8.999999999999999e-08,0.0,0.0,0.0,8.999999999999999e-08
1759811074098520640,171106,1759811074092541248,base_link,-0.03950822266935618,-0.01093277791698146,0.031294835809460624,-0.9986692804376945,1.0,0.0,0.0,0.0,1.0,0.0,0.0,0.0,1.0,-0.07208766043186188,0.06402108073234558,-0.03260640427470208,1.2184696791468346e-07,0.0,0.0,0.0,1.2184696791468346e-07,0.0,0.0,0.0,1.2184696791468346e-07,-0.1894170194864273,1.585633158683778,8.775022506713867,8.999999999999999e-08,0.0,0.0,0.0,8.999999999999999e-08,0.0,0.0,0.0,8.999999999999999e-08
1759811074102217312,171107,1759811074097541248,base_link,-0.039387238823616645,-0.01097870349387916,0.030507785560368192,-0.9986978560009849,1.0,0.0,0.0,0.0,1.0,0.0,0.0,0.0,1.0,-0.08210092037916183,0.040042769163847,0.25151222944259644,1.2184696791468346e-07,0.0,0.0,0.0,1.2184696791468346e-07,0.0,0.0,0.0,1.2184696791468346e-07,1.2337815761566162,2.4221735000610365,9.492487907409668,8.999999999999999e-08,0.0,0.0,0.0,8.999999999999999e-08,0.0,0.0,0.0,8.999999999999999e-08
1759811074111346080,171108,1759811074107541248,base_link,-0.03931354242481731,-0.010909311341984003,0.029342425199041944,-0.9987364625142209,1.0,0.0,0.0,0.0,1.0,0.0,0.0,0.0,1.0,-0.03232436254620552,-0.021881887689232774,0.4283221960067749,1.2184696791468346e-07,0.0,0.0,0.0,1.2184696791468346e-07,0.0,0.0,0.0,1.2184696791468346e-07,-0.36311691999435425,1.2903527021408092,9.656052589416504,8.999999999999999e-08,0.0,0.0,0.0,8.999999999999999e-08,0.0,0.0,0.0,8.999999999999999e-08
1759811074120872544,171109,1759811074114541248,base_link,-0.03908392244286291,-0.01047109343585903,0.02801901415579989,-0.9987881345504952,1.0,0.0,0.0,0.0,1.0,0.0,0.0,0.0,1.0,0.001319395611062646,-0.06768877804279326,0.16764256358146667,1.2184696791468346e-07,0.0,0.0,0.0,1.2184696791468346e-07,0.0,0.0,0.0,1.2184696791468346e-07,-0.5344558954238892,-0.29356914758682134,9.473901748657227,8.999999999999999e-08,0.0,0.0,0.0,8.999999999999999e-08,0.0,0.0,0.0,8.999999999999999e-08
1759811074126300256,171110,1759811074119541248,base_link,-0.039102576374596035,-0.010419780964886034,0.02805812643121799,-0.9987868701450399,1.0,0.0,0.0,0.0,1.0,0.0,0.0,0.0,1.0,0.03937471657991409,-0.06197030842304231,-0.13632142543792725,1.2184696791468346e-07,0.0,0.0,0.0,1.2184696791468346e-07,0.0,0.0,0.0,1.2184696791468346e-07,-0.1806153804063797,-0.6266921162605275,9.415210723876953,8.999999999999999e-08,0.0,0.0,0.0,8.999999999999999e-08,0.0,0.0,0.0,8.999999999999999e-08
1759811074136064480,171111,1759811074124541248,base_link,-0.0392386343041233,-0.010290324285506792,0.029087984674581662,-0.9987534476941707,1.0,0.0,0.0,0.0,1.0,0.0,0.0,0.0,1.0,0.01474636048078537,0.001801799633540159,-0.4431053400039673,1.2184696791468346e-07,0.0,0.0,0.0,1.2184696791468346e-07,0.0,0.0,0.0,1.2184696791468346e-07,-0.6739792823791504,-0.6451371908187854,10.081894874572754,8.999999999999999e-08,0.0,0.0,0.0,8.999999999999999e-08,0.0,0.0,0.0,8.999999999999999e-08
1759811074139948800,171112,1759811074134541248,base_link,-0.03944084302947742,-0.01062279574871793,0.031291042593094606,-0.99867534958388,1.0,0.0,0.0,0.0,1.0,0.0,0.0,0.0,1.0,0.0396604910492897,0.05216404795646662,-0.42651820182800293,1.2184696791468346e-07,0.0,0.0,0.0,1.2184696791468346e-07,0.0,0.0,0.0,1.2184696791468346e-07,0.18157251179218292,1.590238094329835,9.284928321838379,8.999999999999999e-08,0.0,0.0,0.0,8.999999999999999e-08,0.0,0.0,0.0,8.999999999999999e-08
1759811074145885440,171113,1759811074140541248,base_link,-0.03937446306016178,-0.010803024892573626,0.031867274305935556,-0.9986578164948995,1.0,0.0,0.0,0.0,1.0,0.0,0.0,0.0,1.0,0.011990494094789028,0.06799675524234769,-0.19372321665287018,1.2184696791468346e-07,0.0,0.0,0.0,1.2184696791468346e-07,0.0,0.0,0.0,1.2184696791468346e-07,0.8532270193099976,2.572564840316774,10.287334442138672,8.999999999999999e-08,0.0,0.0,0.0,8.999999999999999e-08,0.0,0.0,0.0,8.999999999999999e-08
1759811074148985952,171114,1759811074145541248,base_link,-0.039294621124013954,-0.010974309684921899,0.031472569069631036,-0.9986715985143626,1.0,0.0,0.0,0.0,1.0,0.0,0.0,0.0,1.0,0.0005931314080953598,0.06899794936180115,-0.03311602771282197,1.2184696791468346e-07,0.0,0.0,0.0,1.2184696791468346e-07,0.0,0.0,0.0,1.2184696791468346e-07,0.8532270193099976,2.572564840316774,10.287334442138672,8.999999999999999e-08,0.0,0.0,0.0,8.999999999999999e-08,0.0,0.0,0.0,8.999999999999999e-08
1759811074161774880,171115,1759811074156541248,base_link,-0.03913843017178864,-0.010966496712879192,0.029749732343051245,-0.9987306462491263,1.0,0.0,0.0,0.0,1.0,0.0,0.0,0.0,1.0,-0.023007377982139587,-0.000879796221852258,0.3638935387134552,1.2184696791468346e-07,0.0,0.0,0.0,1.2184696791468346e-07,0.0,0.0,0.0,1.2184696791468346e-07,-0.33011767268180847,0.19415290653705725,10.374085426330566,8.999999999999999e-08,0.0,0.0,0.0,8.999999999999999e-08,0.0,0.0,0.0,8.999999999999999e-08
1759811074172305920,171116,1759811074165540480,base_link,-0.03924585722028685,-0.010827275135535582,0.029099280029982594,-0.998747125666894,1.0,0.0,0.0,0.0,1.0,0.0,0.0,0.0,1.0,-0.003898574970662594,-0.03994746506214139,0.2226085066795349,1.2184696791468346e-07,0.0,0.0,0.0,1.2184696791468346e-07,0.0,0.0,0.0,1.2184696791468346e-07,-0.6375151872634888,-0.09126672148704412,9.56596565246582,8.999999999999999e-08,0.0,0.0,0.0,8.999999999999999e-08,0.0,0.0,0.0,8.999999999999999e-08
1759811074176182144,171117,1759811074166540480,base_link,-0.03925479762052722,-0.010706461194279104,0.028865660048686702,-0.9987548385401716,1.0,0.0,0.0,0.0,1.0,0.0,0.0,0.0,1.0,0.05878528952598572,-0.04327721148729323,0.10386162996292114,1.2184696791468346e-07,0.0,0.0,0.0,1.2184696791468346e-07,0.0,0.0,0.0,1.2184696791468346e-07,-0.623935878276825,-0.20001341402530556,9.218910217285156,8.999999999999999e-08,0.0,0.0,0.0,8.999999999999999e-08,0.0,0.0,0.0,8.999999999999999e-08
1759811074178216000,171118,1759811074171540480,base_link,-0.03964540934417013,-0.01057729164030534,0.029016882941143792,-0.9987363782205239,1.0,0.0,0.0,0.0,1.0,0.0,0.0,0.0,1.0,0.0821356251835823,-0.03295956179499628,-0.17443811893463135,1.2184696791468346e-07,0.0,0.0,0.0,1.2184696791468346e-07,0.0,0.0,0.0,1.2184696791468346e-07,-0.3035997152328491,-0.9688376784324634,10.076761245727539,8.999999999999999e-08,0.0,0.0,0.0,8.999999999999999e-08,0.0,0.0,0.0,8.999999999999999e-08
1759811074189147040,171119,1759811074177540480,base_link,-0.039802258840903416,-0.010637155970259,0.030104988129149548,-0.9986973080919542,1.0,0.0,0.0,0.0,1.0,0.0,0.0,0.0,1.0,0.08976465463638306,0.026014294475316946,-0.44053933024406433,1.2184696791468346e-07,0.0,0.0,0.0,1.2184696791468346e-07,0.0,0.0,0.0,1.2184696791468346e-07,-0.7430199980735779,-0.46256166696548345,9.575254440307617,8.999999999999999e-08,0.0,0.0,0.0,8.999999999999999e-08,0.0,0.0,0.0,8.999999999999999e-08
1759811074196712480,171120,1759811074187540480,base_link,-0.04030478888658897,-0.01107477460088171,0.032351710182719796,-0.9986021826548652,1.0,0.0,0.0,0.0,1.0,0.0,0.0,0.0,1.0,0.07730628550052643,0.07928422093391413,-0.4049661457538605,1.2184696791468346e-07,0.0,0.0,0.0,1.2184696791468346e-07,0.0,0.0,0.0,1.2184696791468346e-07,0.5213268995285034,1.6442980766296398,9.899365425109863,8.999999999999999e-08,0.0,0.0,0.0,8.999999999999999e-08,0.0,0.0,0.0,8.999999999999999e-08
1759811074203167616,171121,1759811074198540480,base_link,-0.04037795054724781,-0.01144707351884663,0.032447004207202895,-0.998591940970677,1.0,0.0,0.0,0.0,1.0,0.0,0.0,0.0,1.0,0.028394902125000954,0.07194304466247559,-0.0183289758861065,1.2184696791468346e-07,0.0,0.0,0.0,1.2184696791468346e-07,0.0,0.0,0.0,1.2184696791468346e-07,0.013316091150045395,1.642137408256532,10.136455535888672,8.999999999999999e-08,0.0,0.0,0.0,8.999999999999999e-08,0.0,0.0,0.0,8.999999999999999e-08
1759811074212985728,171122,1759811074207540480,base_link,-0.04027577604974528,-0.011629643129883694,0.03165295758125769,-0.9986194207159061,1.0,0.0,0.0,0.0,1.0,0.0,0.0,0.0,1.0,0.05165426433086395,0.03742058575153355,0.34641924500465393,1.2184696791468346e-07,0.0,0.0,0.0,1.2184696791468346e-07,0.0,0.0,0.0,1.2184696791468346e-07,-0.8837313055992126,1.7329950332641615,10.135924339294434,8.999999999999999e-08,0.0,0.0,0.0,8.999999999999999e-08,0.0,0.0,0.0,8.999999999999999e-08
1759811074218809216,171123,1759811074214540480,base_link,-0.04067049050567292,-0.011511306633066248,0.02997079256349088,-0.9986567628236868,1.0,0.0,0.0,0.0,1.0,0.0,0.0,0.0,1.0,0.039571382105350494,-0.0006697846110909766,0.3357774615287781,1.2184696791468346e-07,0.0,0.0,0.0,1.2184696791468346e-07,0.0,0.0,0.0,1.2184696791468346e-07,-0.19876687228679657,-0.3291352689266193,9.511130332946777,8.999999999999999e-08,0.0,0.0,0.0,8.999999999999999e-08,0.0,0.0,0.0,8.999999999999999e-08
1759811074226845088,171124,1759811074219540480,base_link,-0.0408613854363799,-0.011461977698151294,0.029730007617948136,-0.9986567206768382,1.0,0.0,0.0,0.0,1.0,0.0,0.0,0.0,1.0,0.0846303328871727,-0.012051695957779872,0.10018190741539001,1.2184696791468346e-07,0.0,0.0,0.0,1.2184696791468346e-07,0.0,0.0,0.0,1.2184696791468346e-07,-0.847363293170929,-0.26107797026634105,8.990584373474121,8.999999999999999e-08,0.0,0.0,0.0,8.999999999999999e-08,0.0,0.0,0.0,8.999999999999999e-08
1759811074235002432,171125,1759811074224540480,base_link,-0.04140589769444934,-0.01138776631754672,0.03016816625506737,-0.9986219916736653,1.0,0.0,0.0,0.0,1.0,0.0,0.0,0.0,1.0,0.1270252764225006,-0.0073130335658789,-0.26141422986984253,1.2184696791468346e-07,0.0,0.0,0.0,1.2184696791468346e-07,0.0,0.0,0.0,1.2184696791468346e-07,-0.7745134234428406,-1.0187003612518297,10.129913330078125,8.999999999999999e-08,0.0,0.0,0.0,8.999999999999999e-08,0.0,0.0,0.0,8.999999999999999e-08
1759811074242711072,171126,1759811074235540480,base_link,-0.04189259106180693,-0.011738551903524859,0.03254284614071671,-0.9985230730202103,1.0,0.0,0.0,0.0,1.0,0.0,0.0,0.0,1.0,0.11094414442777634,0.05189443379640574,-0.4714612662792206,1.2184696791468346e-07,0.0,0.0,0.0,1.2184696791468346e-07,0.0,0.0,0.0,1.2184696791468346e-07,0.24918854236602783,1.310617804527284,9.976264953613281,8.999999999999999e-08,0.0,0.0,0.0,8.999999999999999e-08,0.0,0.0,0.0,8.999999999999999e-08
1759811074251648928,171127,1759811074245540480,base_link,-0.042370637739774696,-0.012388333818284362,0.033739100142001405,-0.9984553430346532,1.0,0.0,0.0,0.0,1.0,0.0,0.0,0.0,1.0,0.08544814586639404,0.11604362726211545,-0.18584860861301425,1.2184696791468346e-07,0.0,0.0,0.0,1.2184696791468346e-07,0.0,0.0,0.0,1.2184696791468346e-07,0.5699368119239807,1.482142448425294,9.801941871643066,8.999999999999999e-08,0.0,0.0,0.0,8.999999999999999e-08,0.0,0.0,0.0,8.999999999999999e-08
1759811074261854720,171128,1759811074256540480,base_link,-0.04256127583812356,-0.012834460843950206,0.03249130054498784,-0.9984829913672764,1.0,0.0,0.0,0.0,1.0,0.0,0.0,0.0,1.0,0.03736810386180878,0.07530434429645541,0.231725811958313,1.2184696791468346e-07,0.0,0.0,0.0,1.2184696791468346e-07,0.0,0.0,0.0,1.2184696791468346e-07,-1.0308139324188232,1.4838609695434581,8.791855812072754,8.999999999999999e-08,0.0,0.0,0.0,8.999999999999999e-08,0.0,0.0,0.0,8.999999999999999e-08
1759811074270670688,171129,1759811074261539712,base_link,-0.042990284657848904,-0.012791143103304118,0.03152314528784411,-0.9984961833308602,1.0,0.0,0.0,0.0,1.0,0.0,0.0,0.0,1.0,0.08951206505298615,0.006202199496328874,0.35532867908477783,1.2184696791468346e-07,0.0,0.0,0.0,1.2184696791468346e-07,0.0,0.0,0.0,1.2184696791468346e-07,-0.5184295177459717,0.6647337675094618,11.249957084655762,8.999999999999999e-08,0.0,0.0,0.0,8.999999999999999e-08,0.0,0.0,0.0,8.999999999999999e-08
1759811074274143136,171130,1759811074267539712,base_link,-0.04315474297782743,-0.01282917404864012,0.030788314984056656,-0.9985115669305668,1.0,0.0,0.0,0.0,1.0,0.0,0.0,0.0,1.0,0.10821443051099777,-0.006943046115338774,0.23530443012714386,1.2184696791468346e-07,0.0,0.0,0.0,1.2184696791468346e-07,0.0,0.0,0.0,1.2184696791468346e-07,-0.8121805191040039,0.22644384205341456,9.44521427154541,8.999999999999999e-08,0.0,0.0,0.0,8.999999999999999e-08,0.0,0.0,0.0,8.999999999999999e-08
1759811074278138400,171131,1759811074272539712,base_link,-0.04354252164299699,-0.012679230049617535,0.030558614659672297,-0.9985036433230466,1.0,0.0,0.0,0.0,1.0,0.0,0.0,0.0,1.0,0.13238002359867096,-0.018288614228367788,0.14405982196331024,1.2184696791468346e-07,0.0,0.0,0.0,1.2184696791468346e-07,0.0,0.0,0.0,1.2184696791468346e-07,-0.4966700077056885,-0.9293859601020801,9.881258010864258,8.999999999999999e-08,0.0,0.0,0.0,8.999999999999999e-08,0.0,0.0,0.0,8.999999999999999e-08
1759811074292924064,171132,1759811074283539712,base_link,-0.04431802497268646,-0.012820910632153954,0.03181973266081527,-0.9984283690516063,1.0,0.0,0.0,0.0,1.0,0.0,0.0,0.0,1.0,0.1375741958618164,0.028829734772443733,-0.3223266303539276,1.2184696791468346e-07,0.0,0.0,0.0,1.2184696791468346e-07,0.0,0.0,0.0,1.2184696791468346e-07,-1.0228590965270996,0.7032795548439038,9.792906761169434,8.999999999999999e-08,0.0,0.0,0.0,8.999999999999999e-08,0.0,0.0,0.0,8.999999999999999e-08
1759811074298234944,171133,1759811074293539712,base_link,-0.04491154084468391,-0.013280381086640545,0.03343041662350762,-0.9983431481239172,1.0,0.0,0.0,0.0,1.0,0.0,0.0,0.0,1.0,0.11425755172967911,0.07467958331108089,-0.33602485060691833,1.2184696791468346e-07,0.0,0.0,0.0,1.2184696791468346e-07,0.0,0.0,0.0,1.2184696791468346e-07,0.09816368669271469,2.5803694725036634,9.254858016967773,8.999999999999999e-08,0.0,0.0,0.0,8.999999999999999e-08,0.0,0.0,0.0,8.999999999999999e-08
1759811074303469696,171134,1759811074298539712,base_link,-0.0452208842247747,-0.013424885508027194,0.03361413473616658,-0.998321105322146,1.0,0.0,0.0,0.0,1.0,0.0,0.0,0.0,1.0,0.09735998511314392,0.07071028649806975,-0.12630055844783783,1.2184696791468346e-07,0.0,0.0,0.0,1.2184696791468346e-07,0.0,0.0,0.0,1.2184696791468346e-07,0.8493505716323853,1.5943638086318983,10.686898231506348,8.999999999999999e-08,0.0,0.0,0.0,8.999999999999999e-08,0.0,0.0,0.0,8.999999999999999e-08
1759811074310014048,171135,1759811074304539712,base_link,-0.04526922139166063,-0.013557031683177038,0.033044899400178476,-0.9983361096002159,1.0,0.0,0.0,0.0,1.0,0.0,0.0,0.0,1.0,0.06575343757867813,0.04291762411594393,0.18428049981594086,1.2184696791468346e-07,0.0,0.0,0.0,1.2184696791468346e-07,0.0,0.0,0.0,1.2184696791468346e-07,0.1831582486629486,2.230395555496217,9.95273494720459,8.999999999999999e-08,0.0,0.0,0.0,8.999999999999999e-08,0.0,0.0,0.0,8.999999999999999e-08
1759811074319307072,171136,1759811074309539712,base_link,-0.04540727075978003,-0.01347901523240534,0.032186241655466,-0.9983589953389573,1.0,0.0,0.0,0.0,1.0,0.0,0.0,0.0,1.0,0.07324980944395065,0.012024365365505264,0.3742976486682892,1.2184696791468346e-07,0.0,0.0,0.0,1.2184696791468346e-07,0.0,0.0,0.0,1.2184696791468346e-07,-1.2298449277877808,1.2584867477417003,9.101367950439453,8.999999999999999e-08,0.0,0.0,0.0,8.999999999999999e-08,0.0,0.0,0.0,8.999999999999999e-08
1759811074327091744,171137,1759811074320539712,base_link,-0.0459838673062784,-0.013156421936813944,0.030495225799511947,-0.9983899311257644,1.0,0.0,0.0,0.0,1.0,0.0,0.0,0.0,1.0,0.08401671051979065,-0.05798901617527004,0.33838123083114624,1.2184696791468346e-07,0.0,0.0,0.0,1.2184696791468346e-07,0.0,0.0,0.0,1.2184696791468346e-07,-0.5656368732452393,0.06961296498775602,9.776252746582031,8.999999999999999e-08,0.0,0.0,0.0,8.999999999999999e-08,0.0,0.0,0.0,8.999999999999999e-08
1759811074331909888,171138,1759811074325539712,base_link,-0.04635370853613952,-0.012985692956030406,0.030401659795817715,-0.9983779614207872,1.0,0.0,0.0,0.0,1.0,0.0,0.0,0.0,1.0,0.11836828291416168,-0.06673880666494368,0.1138138771057129,1.2184696791468346e-07,0.0,0.0,0.0,1.2184696791468346e-07,0.0,0.0,0.0,1.2184696791468346e-07,-0.7845157980918884,-0.13161410391330605,9.280218124389648,8.999999999999999e-08,0.0,0.0,0.0,8.999999999999999e-08,0.0,0.0,0.0,8.999999999999999e-08
1759811074336187200,171139,1759811074330539712,base_link,-0.04675656918763091,-0.01271705421197803,0.030772509915865085,-0.9983512824656798,1.0,0.0,0.0,0.0,1.0,0.0,0.0,0.0,1.0,0.15350843966007233,-0.08459957689046863,-0.18370236456394196,1.2184696791468346e-07,0.0,0.0,0.0,1.2184696791468346e-07,0.0,0.0,0.0,1.2184696791468346e-07,-1.0020719766616821,-0.4101693630218493,10.436736106872559,8.999999999999999e-08,0.0,0.0,0.0,8.999999999999999e-08,0.0,0.0,0.0,8.999999999999999e-08
1759811074341909152,171140,1759811074336539712,base_link,-0.04692933307094411,-0.012759929410714754,0.031889443548252315,-0.998307576183774,1.0,0.0,0.0,0.0,1.0,0.0,0.0,0.0,1.0,0.10570846498012543,-0.04053160548210149,-0.3828846514225006,1.2184696791468346e-07,0.0,0.0,0.0,1.2184696791468346e-07,0.0,0.0,0.0,1.2184696791468346e-07,-1.3614341020584106,0.3592401742935193,9.79366683959961,8.999999999999999e-08,0.0,0.0,0.0,8.999999999999999e-08,0.0,0.0,0.0,8.999999999999999e-08
1759811074353254112,171141,1759811074341539712,base_link,-0.04728314005912487,-0.012582522788620274,0.03305349735727466,-0.9982552719447719,1.0,0.0,0.0,0.0,1.0,0.0,0.0,0.0,1.0,0.08642370998859406,-0.012740875594317965,-0.42659470438957214,1.2184696791468346e-07,0.0,0.0,0.0,1.2184696791468346e-07,0.0,0.0,0.0,1.2184696791468346e-07,-0.33919569849967957,1.0522228479385387,9.78369426727295,8.999999999999999e-08,0.0,0.0,0.0,8.999999999999999e-08,0.0,0.0,0.0,8.999999999999999e-08
1759811074360214848,171142,1759811074351539712,base_link,-0.047737157765085365,-0.012469694358067595,0.033770794572081576,-0.998211059900684,1.0,0.0,0.0,0.0,1.0,0.0,0.0,0.0,1.0,0.03682943433523178,-0.024305704981088628,0.09500106424093246,1.2184696791468346e-07,0.0,0.0,0.0,1.2184696791468346e-07,0.0,0.0,0.0,1.2184696791468346e-07,0.39263176918029785,2.656054735183717,9.737010955810547,8.999999999999999e-08,0.0,0.0,0.0,8.999999999999999e-08,0.0,0.0,0.0,8.999999999999999e-08
1759811074366948576,171143,1759811074362538432,base_link,-0.047741917724789064,-0.012066862682534565,0.0319837681952197,-0.9982746173482385,1.0,0.0,0.0,0.0,1.0,0.0,0.0,0.0,1.0,0.029722005128860474,-0.07398253679275509,0.38164278864860535,1.2184696791468346e-07,0.0,0.0,0.0,1.2184696791468346e-07,0.0,0.0,0.0,1.2184696791468346e-07,-0.6761120557785034,0.8030238747596752,9.281027793884277,8.999999999999999e-08,0.0,0.0,0.0,8.999999999999999e-08,0.0,0.0,0.0,8.999999999999999e-08
1759811074374701856,171144,1759811074367538432,base_link,-0.047925373736733876,-0.011694836401995952,0.03098071534750892,-0.998301886359225,1.0,0.0,0.0,0.0,1.0,0.0,0.0,0.0,1.0,0.05105338990688324,-0.11496315896511074,0.3938121199607849,1.2184696791468346e-07,0.0,0.0,0.0,1.2184696791468346e-07,0.0,0.0,0.0,1.2184696791468346e-07,-0.20181545615196228,0.2708673775196088,10.383644104003906,8.999999999999999e-08,0.0,0.0,0.0,8.999999999999999e-08,0.0,0.0,0.0,8.999999999999999e-08
1759811074383484448,171145,1759811074378538432,base_link,-0.048248874506657276,-0.010984496051371376,0.030509892902793725,-0.9983089248829263,1.0,0.0,0.0,0.0,1.0,0.0,0.0,0.0,1.0,0.06008881330490112,-0.13182739913463593,0.10712620615959169,1.2184696791468346e-07,0.0,0.0,0.0,1.2184696791468346e-07,0.0,0.0,0.0,1.2184696791468346e-07,-0.5964298844337463,-0.18506988883018377,9.630885124206543,8.999999999999999e-08,0.0,0.0,0.0,8.999999999999999e-08,0.0,0.0,0.0,8.999999999999999e-08
1759811074387795232,171146,1759811074383538432,base_link,-0.048529479004419694,-0.010738868169516932,0.03120131195261491,-0.9982765982501185,1.0,0.0,0.0,0.0,1.0,0.0,0.0,0.0,1.0,0.10133571922779083,-0.11970289051532747,-0.13769632577896115,1.2184696791468346e-07,0.0,0.0,0.0,1.2184696791468346e-07,0.0,0.0,0.0,1.2184696791468346e-07,-1.0471159219741821,-0.6202921867370593,9.86307144165039,8.999999999999999e-08,0.0,0.0,0.0,8.999999999999999e-08,0.0,0.0,0.0,8.999999999999999e-08
1759811074396811072,171147,1759811074392538432,base_link,-0.04870693567589678,-0.010566848441497748,0.03247583265158434,-0.9982291408986952,1.0,0.0,0.0,0.0,1.0,0.0,0.0,0.0,1.0,0.09618822485208511,-0.07979911565780645,-0.47354063391685486,1.2184696791468346e-07,0.0,0.0,0.0,1.2184696791468346e-07,0.0,0.0,0.0,1.2184696791468346e-07,-0.6011860370635986,0.5988044738769543,9.740071296691895,8.999999999999999e-08,0.0,0.0,0.0,8.999999999999999e-08,0.0,0.0,0.0,8.999999999999999e-08
1759811074404980192,171148,1759811074399538432,base_link,-0.049227258277099006,-0.010557614330406816,0.03412533386175525,-0.998148682564888,1.0,0.0,0.0,0.0,1.0,0.0,0.0,0.0,1.0,0.0947139635682106,-0.0042297756299376895,-0.3304145634174347,1.2184696791468346e-07,0.0,0.0,0.0,1.2184696791468346e-07,0.0,0.0,0.0,1.2184696791468346e-07,-0.09366898238658905,1.8244258165359508,9.225727081298828,8.999999999999999e-08,0.0,0.0,0.0,8.999999999999999e-08,0.0,0.0,0.0,8.999999999999999e-08
1759811074412624672,171149,1759811074408538432,base_link,-0.049226597098413,-0.010509021648251786,0.0339754596684505,-0.9981543302425884,1.0,0.0,0.0,0.0,1.0,0.0,0.0,0.0,1.0,-0.013228433206677437,0.004425732884556074,0.15596258640289307,1.2184696791468346e-07,0.0,0.0,0.0,1.2184696791468346e-07,0.0,0.0,0.0,1.2184696791468346e-07,1.2343766689300537,2.891704559326173,10.431489944458008,8.999999999999999e-08,0.0,0.0,0.0,8.999999999999999e-08,0.0,0.0,0.0,8.999999999999999e-08
1759811074418422784,171150,1759811074409538432,base_link,-0.04921828494963324,-0.010301283783208636,0.03296140649327836,-0.9981909137070959,1.0,0.0,0.0,0.0,1.0,0.0,0.0,0.0,1.0,0.0031507620587944984,-0.0617863461375236,0.40167298913002014,1.2184696791468346e-07,0.0,0.0,0.0,1.2184696791468346e-07,0.0,0.0,0.0,1.2184696791468346e-07,-0.38372284173965454,2.1544475555419935,10.996548652648926,8.999999999999999e-08,0.0,0.0,0.0,8.999999999999999e-08,0.0,0.0,0.0,8.999999999999999e-08
1759811074430863264,171151,1759811074420538432,base_link,-0.0494098134001569,-0.009767164674564174,0.03115946013204361,-0.9982446930857958,1.0,0.0,0.0,0.0,1.0,0.0,0.0,0.0,1.0,0.02654178813099861,-0.08069133013486858,0.3715097904205322,1.2184696791468346e-07,0.0,0.0,0.0,1.2184696791468346e-07,0.0,0.0,0.0,1.2184696791468346e-07,-0.2293420433998108,1.002387881278993,10.03228759765625,8.999999999999999e-08,0.0,0.0,0.0,8.999999999999999e-08,0.0,0.0,0.0,8.999999999999999e-08
1759811074445612480,171152,1759811074425538432,base_link,-0.04958013803461253,-0.009663879871021179,0.030643709146815783,-0.9982531646023465,1.0,0.0,0.0,0.0,1.0,0.0,0.0,0.0,1.0,0.05593401938676834,-0.07130746543407437,0.17296072840690613,1.2184696791468346e-07,0.0,0.0,0.0,1.2184696791468346e-07,0.0,0.0,0.0,1.2184696791468346e-07,-0.05835368484258652,0.13602069020271412,8.985329627990723,8.999999999999999e-08,0.0,0.0,0.0,8.999999999999999e-08,0.0,0.0,0.0,8.999999999999999e-08
1759811074445622368,171153,1759811074436538432,base_link,-0.050006172867339826,-0.00931704423500192,0.03155618841707664,-0.9982068030689845,1.0,0.0,0.0,0.0,1.0,0.0,0.0,0.0,1.0,0.07960526645183563,-0.058006953448057216,-0.3196609616279602,1.2184696791468346e-07,0.0,0.0,0.0,1.2184696791468346e-07,0.0,0.0,0.0,1.2184696791468346e-07,-0.5074067711830139,0.12217283248901485,9.66795825958252,8.999999999999999e-08,0.0,0.0,0.0,8.999999999999999e-08,0.0,0.0,0.0,8.999999999999999e-08
1759811074455941888,171154,1759811074447538432,base_link,-0.05046613986438544,-0.009521053421040872,0.0339243776880553,-0.9981040911991634,1.0,0.0,0.0,0.0,1.0,0.0,0.0,0.0,1.0,0.09720337390899658,0.028025653213262502,-0.45515093207359314,1.2184696791468346e-07,0.0,0.0,0.0,1.2184696791468346e-07,0.0,0.0,0.0,1.2184696791468346e-07,0.7999631762504578,1.7076023817062391,10.532037734985352,8.999999999999999e-08,0.0,0.0,0.0,8.999999999999999e-08,0.0,0.0,0.0,8.999999999999999e-08
1759811074460002240,171155,1759811074452538432,base_link,-0.050442149087959624,-0.009952277584491067,0.03455131205965481,-0.9980796038801786,1.0,0.0,0.0,0.0,1.0,0.0,0.0,0.0,1.0,0.022956248372793198,0.09334037452936168,-0.3069121241569519,1.2184696791468346e-07,0.0,0.0,0.0,1.2184696791468346e-07,0.0,0.0,0.0,1.2184696791468346e-07,1.6000192165374756,2.0685966014862074,9.665410995483398,8.999999999999999e-08,0.0,0.0,0.0,8.999999999999999e-08,0.0,0.0,0.0,8.999999999999999e-08
1759811074466341984,171156,1759811074457537664,base_link,-0.050594581068133374,-0.010080116878558705,0.034387487259493,-0.9980762742791462,1.0,0.0,0.0,0.0,1.0,0.0,0.0,0.0,1.0,-0.004687866196036339,0.09054701030254365,0.06396937370300292,1.2184696791468346e-07,0.0,0.0,0.0,1.2184696791468346e-07,0.0,0.0,0.0,1.2184696791468346e-07,0.30694520473480225,2.65308451652527,9.486152648925781,8.999999999999999e-08,0.0,0.0,0.0,8.999999999999999e-08,0.0,0.0,0.0,8.999999999999999e-08
1759811074474003648,171157,1759811074468537664,base_link,-0.0505960522565642,-0.0102811349554424,0.032416321301486965,-0.9981400424609432,1.0,0.0,0.0,0.0,1.0,0.0,0.0,0.0,1.0,0.010722683742642403,0.04810594022274022,0.385238379240036,1.2184696791468346e-07,0.0,0.0,0.0,1.2184696791468346e-07,0.0,0.0,0.0,1.2184696791468346e-07,-0.5969057083129883,1.2173124551773082,9.732438087463379,8.999999999999999e-08,0.0,0.0,0.0,8.999999999999999e-08,0.0,0.0,0.0,8.999999999999999e-08
1759811074484994368,171158,1759811074473537664,base_link,-0.05078001798195819,-0.010182632502116375,0.03153481996488161,-0.9981599779202889,1.0,0.0,0.0,0.0,1.0,0.0,0.0,0.0,1.0,0.06630191206932068,0.003599792253226087,0.36910539865493774,1.2184696791468346e-07,0.0,0.0,0.0,1.2184696791468346e-07,0.0,0.0,0.0,1.2184696791468346e-07,-0.08871791511774063,-0.12503185868263125,9.668815612792969,8.999999999999999e-08,0.0,0.0,0.0,8.999999999999999e-08,0.0,0.0,0.0,8.999999999999999e-08
1759811074485000704,171159,1759811074478537664,base_link,-0.05095904725772034,-0.01021042834870931,0.030921077556866013,-0.9981697559891434,1.0,0.0,0.0,0.0,1.0,0.0,0.0,0.0,1.0,0.0687013640999794,0.0030832740012556635,0.2616899907588959,1.2184696791468346e-07,0.0,0.0,0.0,1.2184696791468346e-07,0.0,0.0,0.0,1.2184696791468346e-07,0.09607674926519394,-0.2494302988052356,10.061453819274902,8.999999999999999e-08,0.0,0.0,0.0,8.999999999999999e-08,0.0,0.0,0.0,8.999999999999999e-08
1759811074492281248,171160,1759811074487537664,base_link,-0.05125501428176498,-0.010186129373453763,0.030962002146770095,-0.9981536137461637,1.0,0.0,0.0,0.0,1.0,0.0,0.0,0.0,1.0,0.09627453982830048,0.014735398814082135,-0.08305014669895172,1.2184696791468346e-07,0.0,0.0,0.0,1.2184696791468346e-07,0.0,0.0,0.0,1.2184696791468346e-07,-0.6695156097412109,-0.29853683710098144,9.746319770812988,8.999999999999999e-08,0.0,0.0,0.0,8.999999999999999e-08,0.0,0.0,0.0,8.999999999999999e-08
1759811074498972640,171161,1759811074489537664,base_link,-0.05146552725336477,-0.010247964068575309,0.03178744817485592,-0.9981161451978375,1.0,0.0,0.0,0.0,1.0,0.0,0.0,0.0,1.0,0.11199557036161423,0.09856449067592615,-0.4740721881389618,1.2184696791468346e-07,0.0,0.0,0.0,1.2184696791468346e-07,0.0,0.0,0.0,1.2184696791468346e-07,-0.911897599697113,-0.7952008843421925,9.46921157836914,8.999999999999999e-08,0.0,0.0,0.0,8.999999999999999e-08,0.0,0.0,0.0,8.999999999999999e-08
1759811074505371136,171162,1759811074499537664,base_link,-0.05210711819153399,-0.011101237553390488,0.03431381456829595,-0.99799012612079,1.0,0.0,0.0,0.0,1.0,0.0,0.0,0.0,1.0,0.08818369358778,0.1557981371879577,-0.43869519233703613,1.2184696791468346e-07,0.0,0.0,0.0,1.2184696791468346e-07,0.0,0.0,0.0,1.2184696791468346e-07,0.6646182537078857,2.5947504043579115,9.864204406738281,8.999999999999999e-08,0.0,0.0,0.0,8.999999999999999e-08,0.0,0.0,0.0,8.999999999999999e-08
1759811074514888512,171163,1759811074510537664,base_link,-0.052095297317615696,-0.012140208735655647,0.03448143258482378,-0.997972803766052,1.0,0.0,0.0,0.0,1.0,0.0,0.0,0.0,1.0,0.009373636916279793,0.19312888383865356,-0.05553659424185755,1.2184696791468346e-07,0.0,0.0,0.0,1.2184696791468346e-07,0.0,0.0,0.0,1.2184696791468346e-07,0.4260578155517578,2.1990616321563734,9.380422592163086,8.999999999999999e-08,0.0,0.0,0.0,8.999999999999999e-08,0.0,0.0,0.0,8.999999999999999e-08
1759811074523176992,171164,1759811074515537664,base_link,-0.05205424233589904,-0.012464358830463918,0.033657756724375355,-0.9979991455463713,1.0,0.0,0.0,0.0,1.0,0.0,0.0,0.0,1.0,-0.023383690044283867,0.16983748972415927,0.2098336964845657,1.2184696791468346e-07,0.0,0.0,0.0,1.2184696791468346e-07,0.0,0.0,0.0,1.2184696791468346e-07,-0.45100098848342896,1.6167253255844127,9.716036796569824,8.999999999999999e-08,0.0,0.0,0.0,8.999999999999999e-08,0.0,0.0,0.0,8.999999999999999e-08
1759811074530061152,171165,1759811074526537664,base_link,-0.05254663606451772,-0.01274759355499122,0.03169729606589113,-0.9980339166963927,1.0,0.0,0.0,0.0,1.0,0.0,0.0,0.0,1.0,0.07420271635055542,0.06083565205335621,0.36392539739608765,1.2184696791468346e-07,0.0,0.0,0.0,1.2184696791468346e-07,0.0,0.0,0.0,1.2184696791468346e-07,-0.5620626211166382,0.6877561807632459,10.089068412780762,8.999999999999999e-08,0.0,0.0,0.0,8.999999999999999e-08,0.0,0.0,0.0,8.999999999999999e-08
1759811074538847968,171166,1759811074531537664,base_link,-0.052731633070611204,-0.012673858960610428,0.031178974122904143,-0.9980414188354277,1.0,0.0,0.0,0.0,1.0,0.0,0.0,0.0,1.0,0.1065954640507698,0.009409689344465757,0.19129204750061035,1.2184696791468346e-07,0.0,0.0,0.0,1.2184696791468346e-07,0.0,0.0,0.0,1.2184696791468346e-07,-0.8626070618629456,-0.28599369525909296,10.630087852478027,8.999999999999999e-08,0.0,0.0,0.0,8.999999999999999e-08,0.0,0.0,0.0,8.999999999999999e-08
1759811074543774880,171167,1759811074536537664,base_link,-0.05321733862120681,-0.012785911625732702,0.03128311898557459,-0.9980109466639544,1.0,0.0,0.0,0.0,1.0,0.0,0.0,0.0,1.0,0.14529980719089508,0.02397260442376136,-0.06120673194527626,1.2184696791468346e-07,0.0,0.0,0.0,1.2184696791468346e-07,0.0,0.0,0.0,1.2184696791468346e-07,-0.43969497084617615,-1.2928276062011708,9.181106567382812,8.999999999999999e-08,0.0,0.0,0.0,8.999999999999999e-08,0.0,0.0,0.0,8.999999999999999e-08
1759811074552407008,171168,1759811074547537664,base_link,-0.05385646792000519,-0.013203988606625533,0.033188830887843156,-0.9979097099338311,1.0,0.0,0.0,0.0,1.0,0.0,0.0,0.0,1.0,0.1422090232372284,0.07047537714242931,-0.36817219853401184,1.2184696791468346e-07,0.0,0.0,0.0,1.2184696791468346e-07,0.0,0.0,0.0,1.2184696791468346e-07,-0.40240830183029175,1.013129472732545,9.960592269897461,8.999999999999999e-08,0.0,0.0,0.0,8.999999999999999e-08,0.0,0.0,0.0,8.999999999999999e-08
1759811074560472544,171169,1759811074552537664,base_link,-0.05416485377638136,-0.013676489022747072,0.03424536808631426,-0.9978509572270069,1.0,0.0,0.0,0.0,1.0,0.0,0.0,0.0,1.0,0.11654806137084961,0.1317713856697082,-0.4133748710155487,1.2184696791468346e-07,0.0,0.0,0.0,1.2184696791468346e-07,0.0,0.0,0.0,1.2184696791468346e-07,-0.35451823472976685,2.282661914825441,9.738861083984375,8.999999999999999e-08,0.0,0.0,0.0,8.999999999999999e-08,0.0,0.0,0.0,8.999999999999999e-08
1759811074564931328,171170,1759811074558536384,base_link,-0.05433893606579955,-0.013898934820831505,0.03474489253486535,-0.9978211172582613,1.0,0.0,0.0,0.0,1.0,0.0,0.0,0.0,1.0,0.08319637179374695,0.1150083467364311,-0.2585678994655609,1.2184696791468346e-07,0.0,0.0,0.0,1.2184696791468346e-07,0.0,0.0,0.0,1.2184696791468346e-07,0.5764230489730835,2.2756116390228285,10.505701065063477,8.999999999999999e-08,0.0,0.0,0.0,8.999999999999999e-08,0.0,0.0,0.0,8.999999999999999e-08
1759811074571517984,171171,1759811074563536384,base_link,-0.05443438418969755,-0.014306546212403471,0.03452429592975936,-0.9978178298040774,1.0,0.0,0.0,0.0,1.0,0.0,0.0,0.0,1.0,0.034133341163396835,0.12057735025882722,0.06889585405588149,1.2184696791468346e-07,0.0,0.0,0.0,1.2184696791468346e-07,0.0,0.0,0.0,1.2184696791468346e-07,0.5754381418228149,2.3669044971466073,9.010625839233398,8.999999999999999e-08,0.0,0.0,0.0,8.999999999999999e-08,0.0,0.0,0.0,8.999999999999999e-08
1759811074576337824,171172,1759811074568536384,base_link,-0.05470779079598772,-0.014424041089339718,0.033714907850956134,-0.9978288722783872,1.0,0.0,0.0,0.0,1.0,0.0,0.0,0.0,1.0,0.05570448935031891,0.09045188128948216,0.3578425943851471,1.2184696791468346e-07,0.0,0.0,0.0,1.2184696791468346e-07,0.0,0.0,0.0,1.2184696791468346e-07,-0.4370894134044647,2.211453676223756,9.741576194763184,8.999999999999999e-08,0.0,0.0,0.0,8.999999999999999e-08,0.0,0.0,0.0,8.999999999999999e-08
1759811074583997696,171173,1759811074573536384,base_link,-0.05484521849809158,-0.014546100996805297,0.032624358145736734,-0.9978558041145857,1.0,0.0,0.0,0.0,1.0,0.0,0.0,0.0,1.0,0.08437119424343109,0.018845627084374476,0.3865354657173157,1.2184696791468346e-07,0.0,0.0,0.0,1.2184696791468346e-07,0.0,0.0,0.0,1.2184696791468346e-07,-0.9374750256538391,0.7124248147010817,10.519244194030762,8.999999999999999e-08,0.0,0.0,0.0,8.999999999999999e-08,0.0,0.0,0.0,8.999999999999999e-08
1759811074588821760,171174,1759811074584536384,base_link,-0.05546791974559382,-0.014328910383894567,0.03149043933339964,-0.997860946030104,1.0,0.0,0.0,0.0,1.0,0.0,0.0,0.0,1.0,0.12098265439271927,-0.01889876276254651,0.23034119606018066,1.2184696791468346e-07,0.0,0.0,0.0,1.2184696791468346e-07,0.0,0.0,0.0,1.2184696791468346e-07,-1.0758821964263916,-0.6584837436676013,9.686129570007324,8.999999999999999e-08,0.0,0.0,0.0,8.999999999999999e-08,0.0,0.0,0.0,8.999999999999999e-08
1759811074602330816,171175,1759811074595536384,base_link,-0.05643566275387557,-0.014226105000753385,0.032938099286051827,-0.9977613951739214,1.0,0.0,0.0,0.0,1.0,0.0,0.0,0.0,1.0,0.18581968545913696,-0.044255401939153706,-0.2839770019054413,1.2184696791468346e-07,0.0,0.0,0.0,1.2184696791468346e-07,0.0,0.0,0.0,1.2184696791468346e-07,-0.7865583896636963,0.41861325502395746,9.72312068939209,8.999999999999999e-08,0.0,0.0,0.0,8.999999999999999e-08,0.0,0.0,0.0,8.999999999999999e-08
1759811074605007456,171176,1759811074600536384,base_link,-0.0567823311195898,-0.01434412144493995,0.03412082414896456,-0.9977002822435805,1.0,0.0,0.0,0.0,1.0,0.0,0.0,0.0,1.0,0.15247954428195953,8.296570740634866e-05,-0.4325883090496063,1.2184696791468346e-07,0.0,0.0,0.0,1.2184696791468346e-07,0.0,0.0,0.0,1.2184696791468346e-07,-0.5697951316833496,1.3185299634933483,9.8688383102417,8.999999999999999e-08,0.0,0.0,0.0,8.999999999999999e-08,0.0,0.0,0.0,8.999999999999999e-08
1759811074610195136,171177,1759811074605536384,base_link,-0.05717961785036561,-0.014688150364266185,0.03517989015834629,-0.9976357975653588,1.0,0.0,0.0,0.0,1.0,0.0,0.0,0.0,1.0,0.13473178446292877,0.07229322195053095,-0.4266285300254822,1.2184696791468346e-07,0.0,0.0,0.0,1.2184696791468346e-07,0.0,0.0,0.0,1.2184696791468346e-07,-0.12800756096839905,2.331412792205812,9.146458625793457,8.999999999999999e-08,0.0,0.0,0.0,8.999999999999999e-08,0.0,0.0,0.0,8.999999999999999e-08
1759811074616840480,171178,1759811074610536384,base_link,-0.05749689274051055,-0.014741388419380526,0.03572143501486278,-0.9975975703737595,1.0,0.0,0.0,0.0,1.0,0.0,0.0,0.0,1.0,0.12563994526863098,0.05648807436227795,-0.2583245635032654,1.2184696791468346e-07,0.0,0.0,0.0,1.2184696791468346e-07,0.0,0.0,0.0,1.2184696791468346e-07,0.4522349536418915,2.3794817924499525,10.345748901367188,8.999999999999999e-08,0.0,0.0,0.0,8.999999999999999e-08,0.0,0.0,0.0,8.999999999999999e-08
1759811074623397536,171179,1759811074616536384,base_link,-0.057438491696453625,-0.014845666308041556,0.03540124540672553,-0.9976107623373434,1.0,0.0,0.0,0.0,1.0,0.0,0.0,0.0,1.0,0.08530042320489883,0.018985226750373858,0.1411549597978592,1.2184696791468346e-07,0.0,0.0,0.0,1.2184696791468346e-07,0.0,0.0,0.0,1.2184696791468346e-07,0.23730984330177307,2.342223405838014,10.153115272521973,8.999999999999999e-08,0.0,0.0,0.0,8.999999999999999e-08,0.0,0.0,0.0,8.999999999999999e-08
1759811074633824352,171180,1759811074621536384,base_link,-0.057779727069977,-0.014793194798734508,0.0346602616630555,-0.9976178851547417,1.0,0.0,0.0,0.0,1.0,0.0,0.0,0.0,1.0,0.07864278554916382,0.010383988730609453,0.29536139965057373,1.2184696791468346e-07,0.0,0.0,0.0,1.2184696791468346e-07,0.0,0.0,0.0,1.2184696791468346e-07,-0.6216612458229065,1.5526126623153698,9.41175651550293,8.999999999999999e-08,0.0,0.0,0.0,8.999999999999999e-08,0.0,0.0,0.0,8.999999999999999e-08
1759811074639087296,171181,1759811074632536384,base_link,-0.05843516983332712,-0.014419482644255462,0.03306614141182797,-0.9976392536069367,1.0,0.0,0.0,0.0,1.0,0.0,0.0,0.0,1.0,0.12350072711706161,-0.05796737596392628,0.29553455114364624,1.2184696791468346e-07,0.0,0.0,0.0,1.2184696791468346e-07,0.0,0.0,0.0,1.2184696791468346e-07,-0.8519245386123657,0.46785530447960016,9.589995384216309,8.999999999999999e-08,0.0,0.0,0.0,8.999999999999999e-08,0.0,0.0,0.0,8.999999999999999e-08
1759811074642773984,171182,1759811074637536384,base_link,-0.05894091357621162,-0.01421397197673831,0.03299381741978325,-0.9976148927284975,1.0,0.0,0.0,0.0,1.0,0.0,0.0,0.0,1.0,0.15577982366085052,-0.07255482673645018,0.11073856055736543,1.2184696791468346e-07,0.0,0.0,0.0,1.2184696791468346e-07,0.0,0.0,0.0,1.2184696791468346e-07,-0.7389769554138184,-0.19721302390098455,9.60753059387207,8.999999999999999e-08,0.0,0.0,0.0,8.999999999999999e-08,0.0,0.0,0.0,8.999999999999999e-08
1759811074652088672,171183,1759811074648536384,base_link,-0.059676020468692415,-0.013927012524473854,0.0346505257410495,-0.9975190507949837,1.0,0.0,0.0,0.0,1.0,0.0,0.0,0.0,1.0,0.16475282609462738,-0.06376505643129353,-0.3317561745643616,1.2184696791468346e-07,0.0,0.0,0.0,1.2184696791468346e-07,0.0,0.0,0.0,1.2184696791468346e-07,-1.209627389907837,0.1082629263401043,9.437721252441406,8.999999999999999e-08,0.0,0.0,0.0,8.999999999999999e-08,0.0,0.0,0.0,8.999999999999999e-08
1759811074658517824,171184,1759811074653536384,base_link,-0.06019347576710688,-0.013977691475630175,0.03582692857668556,-0.9974457152785747,1.0,0.0,0.0,0.0,1.0,0.0,0.0,0.0,1.0,0.16388949751853943,-0.0239043571054936,-0.46069300174713135,1.2184696791468346e-07,0.0,0.0,0.0,1.2184696791468346e-07,0.0,0.0,0.0,1.2184696791468346e-07,-0.33902886509895325,1.8991609811782848,9.364067077636719,8.999999999999999e-08,0.0,0.0,0.0,8.999999999999999e-08,0.0,0.0,0.0,8.999999999999999e-08
1759811074667493984,171185,1759811074658535360,base_link,-0.060405363779639336,-0.01405303423569946,0.03669557512449508,-0.9974001966821829,1.0,0.0,0.0,0.0,1.0,0.0,0.0,0.0,1.0,0.12200944125652313,-0.003373956074938212,-0.2751871943473816,1.2184696791468346e-07,0.0,0.0,0.0,1.2184696791468346e-07,0.0,0.0,0.0,1.2184696791468346e-07,0.2919979393482208,2.73399591445923,9.782150268554688,8.999999999999999e-08,0.0,0.0,0.0,8.999999999999999e-08,0.0,0.0,0.0,8.999999999999999e-08
1759811074670469824,171186,1759811074663535360,base_link,-0.06070199856781507,-0.01400692031507248,0.036922535903726246,-0.9973744449577427,1.0,0.0,0.0,0.0,1.0,0.0,0.0,0.0,1.0,0.10413935035467148,-0.0024829164613038484,-0.14986824989318848,1.2184696791468346e-07,0.0,0.0,0.0,1.2184696791468346e-07,0.0,0.0,0.0,1.2184696791468346e-07,0.4988071024417877,2.3356444835662855,9.616639137268066,8.999999999999999e-08,0.0,0.0,0.0,8.999999999999999e-08,0.0,0.0,0.0,8.999999999999999e-08
1759811074678758304,171187,1759811074673535360,base_link,-0.06103584112069184,-0.013900428399775608,0.03640750141492309,-0.9973745292514399,1.0,0.0,0.0,0.0,1.0,0.0,0.0,0.0,1.0,0.07922752946615219,-0.0325723625719547,0.2070506513118744,1.2184696791468346e-07,0.0,0.0,0.0,1.2184696791468346e-07,0.0,0.0,0.0,1.2184696791468346e-07,-0.06095864623785019,2.1651051044464125,9.901409149169922,8.999999999999999e-08,0.0,0.0,0.0,8.999999999999999e-08,0.0,0.0,0.0,8.999999999999999e-08
1759811074682062880,171188,1759811074674535360,base_link,-0.06112662279820627,-0.013741848248075339,0.0357157451903138,-0.9973961505847259,1.0,0.0,0.0,0.0,1.0,0.0,0.0,0.0,1.0,0.07182875275611877,-0.04607689753174778,0.29653406143188477,1.2184696791468346e-07,0.0,0.0,0.0,1.2184696791468346e-07,0.0,0.0,0.0,1.2184696791468346e-07,-0.6534211039543152,1.356974482536317,9.828471183776855,8.999999999999999e-08,0.0,0.0,0.0,8.999999999999999e-08,0.0,0.0,0.0,8.999999999999999e-08
1759811074686082656,171189,1759811074679535360,base_link,-0.06162289403688795,-0.013473897024489298,0.034685507625313514,-0.9974056757724894,1.0,0.0,0.0,0.0,1.0,0.0,0.0,0.0,1.0,0.09941913932561874,-0.08773614466190334,0.3762160539627075,1.2184696791468346e-07,0.0,0.0,0.0,1.2184696791468346e-07,0.0,0.0,0.0,1.2184696791468346e-07,-0.3557239770889282,1.709630370140077,10.404870986938477,8.999999999999999e-08,0.0,0.0,0.0,8.999999999999999e-08,0.0,0.0,0.0,8.999999999999999e-08
1759811074691977664,171190,1759811074684535360,base_link,-0.06177943533479151,-0.013121483516487427,0.033966650977111684,-0.9974254004975925,1.0,0.0,0.0,0.0,1.0,0.0,0.0,0.0,1.0,0.13689173758029938,-0.09693568944931027,0.24020622670650482,1.2184696791468346e-07,0.0,0.0,0.0,1.2184696791468346e-07,0.0,0.0,0.0,1.2184696791468346e-07,-0.577092170715332,0.4683148860931408,9.535210609436035,8.999999999999999e-08,0.0,0.0,0.0,8.999999999999999e-08,0.0,0.0,0.0,8.999999999999999e-08
1759811074699076768,171191,1759811074694535360,base_link,-0.06207870956935523,-0.012848788138265878,0.03377812812372247,-0.9974167603936478,1.0,0.0,0.0,0.0,1.0,0.0,0.0,0.0,1.0,0.15680621564388275,-0.09012050926685333,0.018258202821016322,1.2184696791468346e-07,0.0,0.0,0.0,1.2184696791468346e-07,0.0,0.0,0.0,1.2184696791468346e-07,-0.7601828575134277,-0.6245747208595264,9.559905052185059,8.999999999999999e-08,0.0,0.0,0.0,8.999999999999999e-08,0.0,0.0,0.0,8.999999999999999e-08
1759811074710651136,171192,1759811074706535360,base_link,-0.06340716506352846,-0.012464458929229129,0.0363849949978183,-0.9972464028319666,1.0,0.0,0.0,0.0,1.0,0.0,0.0,0.0,1.0,0.16973544657230377,-0.053028561174869586,-0.41567617654800415,1.2184696791468346e-07,0.0,0.0,0.0,1.2184696791468346e-07,0.0,0.0,0.0,1.2184696791468346e-07,-0.13758458197116852,2.121736049652101,9.4393892288208,8.999999999999999e-08,0.0,0.0,0.0,8.999999999999999e-08,0.0,0.0,0.0,8.999999999999999e-08
1759811074721304128,171193,1759811074716535360,base_link,-0.06390455846205174,-0.01238761205350361,0.037207659333902424,-0.9971852477547773,1.0,0.0,0.0,0.0,1.0,0.0,0.0,0.0,1.0,0.10997962206602097,-0.016351383179426214,-0.15993930399417877,1.2184696791468346e-07,0.0,0.0,0.0,1.2184696791468346e-07,0.0,0.0,0.0,1.2184696791468346e-07,0.43870487809181213,1.5943104028701793,9.936685562133789,8.999999999999999e-08,0.0,0.0,0.0,8.999999999999999e-08,0.0,0.0,0.0,8.999999999999999e-08
1759811074729861856,171194,1759811074726535360,base_link,-0.06418543296306244,-0.01236689951163854,0.03680979308395958,-0.9971822131816847,1.0,0.0,0.0,0.0,1.0,0.0,0.0,0.0,1.0,0.07010332494974136,-0.038951948285102816,0.21362866461277008,1.2184696791468346e-07,0.0,0.0,0.0,1.2184696791468346e-07,0.0,0.0,0.0,1.2184696791468346e-07,0.1344931274652481,2.352277517318727,9.084789276123047,8.999999999999999e-08,0.0,0.0,0.0,8.999999999999999e-08,0.0,0.0,0.0,8.999999999999999e-08
1759811074738252992,171195,1759811074727535360,base_link,-0.06431825612196648,-0.012065462616910591,0.03593385513135767,-0.9972093136052771,1.0,0.0,0.0,0.0,1.0,0.0,0.0,0.0,1.0,0.09455479681491852,-0.08458847552537914,0.36814987659454346,1.2184696791468346e-07,0.0,0.0,0.0,1.2184696791468346e-07,0.0,0.0,0.0,1.2184696791468346e-07,-0.5559454560279846,1.9076434373855604,10.2645845413208,8.999999999999999e-08,0.0,0.0,0.0,8.999999999999999e-08,0.0,0.0,0.0,8.999999999999999e-08
1759811074742419360,171196,1759811074737535360,base_link,-0.06489871832472671,-0.011500673773440358,0.034238793177946564,-0.9972379734622645,1.0,0.0,0.0,0.0,1.0,0.0,0.0,0.0,1.0,0.10582805424928665,-0.09974382817745205,0.3402385115623474,1.2184696791468346e-07,0.0,0.0,0.0,1.2184696791468346e-07,0.0,0.0,0.0,1.2184696791468346e-07,-0.639153003692627,0.7482769489288341,8.893104553222656,8.999999999999999e-08,0.0,0.0,0.0,8.999999999999999e-08,0.0,0.0,0.0,8.999999999999999e-08
1759811074753873792,171197,1759811074748535360,base_link,-0.0656794123022281,-0.011192625091852263,0.03440207006907773,-0.9971847841394438,1.0,0.0,0.0,0.0,1.0,0.0,0.0,0.0,1.0,0.1524607539176941,-0.06662342697381973,-0.02620024606585502,1.2184696791468346e-07,0.0,0.0,0.0,1.2184696791468346e-07,0.0,0.0,0.0,1.2184696791468346e-07,-0.36100444197654724,-0.3229889571666706,9.45297622680664,8.999999999999999e-08,0.0,0.0,0.0,8.999999999999999e-08,0.0,0.0,0.0,8.999999999999999e-08
1759811074766816544,171198,1759811074759534080,base_link,-0.06631310860883562,-0.01127373933598951,0.03657415005393521,-0.9970645813274908,1.0,0.0,0.0,0.0,1.0,0.0,0.0,0.0,1.0,0.12408427149057388,0.025214798748493143,-0.43547001481056213,1.2184696791468346e-07,0.0,0.0,0.0,1.2184696791468346e-07,0.0,0.0,0.0,1.2184696791468346e-07,0.25677722692489624,1.5947391986846937,9.984485626220703,8.999999999999999e-08,0.0,0.0,0.0,8.999999999999999e-08,0.0,0.0,0.0,8.999999999999999e-08
1759811074771784672,171199,1759811074768534080,base_link,-0.06669271473666111,-0.011452679049698575,0.03746391217284867,-0.9970042691872716,1.0,0.0,0.0,0.0,1.0,0.0,0.0,0.0,1.0,0.09307418018579483,0.04829642176628109,-0.26085564494132996,1.2184696791468346e-07,0.0,0.0,0.0,1.2184696791468346e-07,0.0,0.0,0.0,1.2184696791468346e-07,0.30202770233154297,3.126283168792726,10.055898666381836,8.999999999999999e-08,0.0,0.0,0.0,8.999999999999999e-08,0.0,0.0,0.0,8.999999999999999e-08
1759811074780569696,171200,1759811074774534080,base_link,-0.06701954774179489,-0.011683259189545612,0.03727227045266966,-0.9969868625388366,1.0,0.0,0.0,0.0,1.0,0.0,0.0,0.0,1.0,0.05090852454304695,0.051665585488080985,0.08121215552091599,1.2184696791468346e-07,0.0,0.0,0.0,1.2184696791468346e-07,0.0,0.0,0.0,1.2184696791468346e-07,0.48573625087738037,2.2020878791809095,9.613720893859863,8.999999999999999e-08,0.0,0.0,0.0,8.999999999999999e-08,0.0,0.0,0.0,8.999999999999999e-08
1759811074787069440,171201,1759811074780534080,base_link,-0.06708645059544988,-0.01167889172236867,0.03635713593095262,-0.9970161545985518,1.0,0.0,0.0,0.0,1.0,0.0,0.0,0.0,1.0,0.08153494447469711,0.04487840458750729,0.36472150683403015,1.2184696791468346e-07,0.0,0.0,0.0,1.2184696791468346e-07,0.0,0.0,0.0,1.2184696791468346e-07,-0.32222744822502136,2.5062096118927015,9.926319122314453,8.999999999999999e-08,0.0,0.0,0.0,8.999999999999999e-08,0.0,0.0,0.0,8.999999999999999e-08
1759811074798370976,171202,1759811074791534080,base_link,-0.06763717556240763,-0.011565371820082609,0.03454178687189139,-0.9970448144555392,1.0,0.0,0.0,0.0,1.0,0.0,0.0,0.0,1.0,0.10628771781921387,0.00530058890581135,0.32320117950439453,1.2184696791468346e-07,0.0,0.0,0.0,1.2184696791468346e-07,0.0,0.0,0.0,1.2184696791468346e-07,-0.9125763773918152,0.8514545559883128,8.564396858215332,8.999999999999999e-08,0.0,0.0,0.0,8.999999999999999e-08,0.0,0.0,0.0,8.999999999999999e-08
1759811074803308096,171203,1759811074796534080,base_link,-0.06782627266660783,-0.011428320805437311,0.03423209182903334,-0.99704422439966,1.0,0.0,0.0,0.0,1.0,0.0,0.0,0.0,1.0,0.13705973327159882,-0.016824102029204355,0.10116216540336609,1.2184696791468346e-07,0.0,0.0,0.0,1.2184696791468346e-07,0.0,0.0,0.0,1.2184696791468346e-07,-0.5346106886863708,0.06558517366647844,10.039928436279297,8.999999999999999e-08,0.0,0.0,0.0,8.999999999999999e-08,0.0,0.0,0.0,8.999999999999999e-08
1759811074810962304,171204,1759811074806534080,base_link,-0.06863680924703296,-0.01164412847488128,0.035910337189888605,-0.9969272668950422,1.0,0.0,0.0,0.0,1.0,0.0,0.0,0.0,1.0,0.13124971091747284,0.012425701133906801,-0.33189600706100464,1.2184696791468346e-07,0.0,0.0,0.0,1.2184696791468346e-07,0.0,0.0,0.0,1.2184696791468346e-07,-0.6383917331695557,1.0837755203247081,9.616119384765625,8.999999999999999e-08,0.0,0.0,0.0,8.999999999999999e-08,0.0,0.0,0.0,8.999999999999999e-08
1759811074820644864,171205,1759811074817534080,base_link,-0.06921286710412379,-0.012380655189321282,0.037991379981962496,-0.9968014164053887,1.0,0.0,0.0,0.0,1.0,0.0,0.0,0.0,1.0,0.11353687196969986,0.11128240078687662,-0.4259655773639679,1.2184696791468346e-07,0.0,0.0,0.0,1.2184696791468346e-07,0.0,0.0,0.0,1.2184696791468346e-07,0.11604135483503342,1.961370944976808,10.02551555633545,8.999999999999999e-08,0.0,0.0,0.0,8.999999999999999e-08,0.0,0.0,0.0,8.999999999999999e-08
1759811074826925984,171206,1759811074822534080,base_link,-0.06914608278848025,-0.012640819782644933,0.038084018754989485,-0.9967992247692662,1.0,0.0,0.0,0.0,1.0,0.0,0.0,0.0,1.0,0.0419185496866703,0.12952022254467008,-0.1896251291036606,1.2184696791468346e-07,0.0,0.0,0.0,1.2184696791468346e-07,0.0,0.0,0.0,1.2184696791468346e-07,1.0097174644470215,2.4718229770660414,10.586212158203125,8.999999999999999e-08,0.0,0.0,0.0,8.999999999999999e-08,0.0,0.0,0.0,8.999999999999999e-08
1759811074832023968,171207,1759811074827534080,base_link,-0.06928943475697792,-0.013001681099595208,0.037579225950374495,-0.9968038187757539,1.0,0.0,0.0,0.0,1.0,0.0,0.0,0.0,1.0,0.023864105343818665,0.13674081861972812,0.1358121037483215,1.2184696791468346e-07,0.0,0.0,0.0,1.2184696791468346e-07,0.0,0.0,0.0,1.2184696791468346e-07,0.22009244561195374,2.0088448524475107,9.024907112121582,8.999999999999999e-08,0.0,0.0,0.0,8.999999999999999e-08,0.0,0.0,0.0,8.999999999999999e-08
1759811074842949248,171208,1759811074838534080,base_link,-0.0695663237466263,-0.013257238515541014,0.035472810755497006,-0.9968583567977269,1.0,0.0,0.0,0.0,1.0,0.0,0.0,0.0,1.0,0.041372235864400864,0.0818313211202622,0.4147476255893707,1.2184696791468346e-07,0.0,0.0,0.0,1.2184696791468346e-07,0.0,0.0,0.0,1.2184696791468346e-07,-0.43501144647598267,0.6887724399566663,9.655848503112793,8.999999999999999e-08,0.0,0.0,0.0,8.999999999999999e-08,0.0,0.0,0.0,8.999999999999999e-08
1759811074849889024,171209,1759811074843534080,base_link,-0.07003812873974741,-0.013280337622703016,0.03476347929505867,-0.9968500117217217,1.0,0.0,0.0,0.0,1.0,0.0,0.0,0.0,1.0,0.09861660748720169,0.04794535413384441,0.30866482853889465,1.2184696791468346e-07,0.0,0.0,0.0,1.2184696791468346e-07,0.0,0.0,0.0,1.2184696791468346e-07,-0.7415995597839355,0.4459387063980114,9.461830139160156,8.999999999999999e-08,0.0,0.0,0.0,8.999999999999999e-08,0.0,0.0,0.0,8.999999999999999e-08
1759811074853776256,171210,1759811074849534080,base_link,-0.07015894794935995,-0.013407099537955592,0.03457284909924388,-0.9968464292395983,1.0,0.0,0.0,0.0,1.0,0.0,0.0,0.0,1.0,0.10463966429233551,0.04416611045598985,0.12397259473800659,1.2184696791468346e-07,0.0,0.0,0.0,1.2184696791468346e-07,0.0,0.0,0.0,1.2184696791468346e-07,-0.7153618931770325,-0.0029065618291484814,10.140188217163086,8.999999999999999e-08,0.0,0.0,0.0,8.999999999999999e-08,0.0,0.0,0.0,8.999999999999999e-08
1759811074861954432,171211,1759811074859533568,base_link,-0.07084536732927657,-0.013766148540419899,0.03626917545811038,-0.9967327170423159,1.0,0.0,0.0,0.0,1.0,0.0,0.0,0.0,1.0,0.11659577488899231,0.059303604066371876,-0.3409292995929718,1.2184696791468346e-07,0.0,0.0,0.0,1.2184696791468346e-07,0.0,0.0,0.0,1.2184696791468346e-07,-0.913572371006012,-0.6453751325607289,9.28803825378418,8.999999999999999e-08,0.0,0.0,0.0,8.999999999999999e-08,0.0,0.0,0.0,8.999999999999999e-08
1759811074872013888,171212,1759811074864533568,base_link,-0.07097211343946096,-0.014130681901546685,0.03737772186764389,-0.9966775889644637,1.0,0.0,0.0,0.0,1.0,0.0,0.0,0.0,1.0,0.09187745302915573,0.10245086997747416,-0.4410051703453064,1.2184696791468346e-07,0.0,0.0,0.0,1.2184696791468346e-07,0.0,0.0,0.0,1.2184696791468346e-07,-0.7734218835830688,1.5720585584640514,9.400162696838379,8.999999999999999e-08,0.0,0.0,0.0,8.999999999999999e-08,0.0,0.0,0.0,8.999999999999999e-08
1759811074874933600,171213,1759811074870533568,base_link,-0.0712108121160024,-0.014449965352440966,0.0380169631190086,-0.9966317753401324,1.0,0.0,0.0,0.0,1.0,0.0,0.0,0.0,1.0,0.0392855629324913,0.1193149536848068,-0.24977031350135806,1.2184696791468346e-07,0.0,0.0,0.0,1.2184696791468346e-07,0.0,0.0,0.0,1.2184696791468346e-07,-0.03336229920387268,2.522439241409303,9.694082260131836,8.999999999999999e-08,0.0,0.0,0.0,8.999999999999999e-08,0.0,0.0,0.0,8.999999999999999e-08
1759811074885931328,171214,1759811074880533568,base_link,-0.07131703007678394,-0.01508632217886073,0.03711489412032998,-0.9966487605200822,1.0,0.0,0.0,0.0,1.0,0.0,0.0,0.0,1.0,0.016021450981497765,0.12165457755327228,0.2240205109119415,1.2184696791468346e-07,0.0,0.0,0.0,1.2184696791468346e-07,0.0,0.0,0.0,1.2184696791468346e-07,-0.4693939685821533,1.8088291883468641,10.191518783569336,8.999999999999999e-08,0.0,0.0,0.0,8.999999999999999e-08,0.0,0.0,0.0,8.999999999999999e-08
1759811074897932352,171215,1759811074891533568,base_link,-0.07157216865842268,-0.015234360350077214,0.035012145701272944,-0.996704352213268,1.0,0.0,0.0,0.0,1.0,0.0,0.0,0.0,1.0,0.06108540669083595,0.04923049733042722,0.3985070288181305,1.2184696791468346e-07,0.0,0.0,0.0,1.2184696791468346e-07,0.0,0.0,0.0,1.2184696791468346e-07,-0.7245205044746399,1.1421880722045912,10.060636520385742,8.999999999999999e-08,0.0,0.0,0.0,8.999999999999999e-08,0.0,0.0,0.0,8.999999999999999e-08
1759811074907681984,171216,1759811074901533568,base_link,-0.07214065852202778,-0.015384590157416262,0.03406156567995825,-0.9966939840885345,1.0,0.0,0.0,0.0,1.0,0.0,0.0,0.0,1.0,0.11045418679714203,0.028819255530834212,0.1200791671872139,1.2184696791468346e-07,0.0,0.0,0.0,1.2184696791468346e-07,0.0,0.0,0.0,1.2184696791468346e-07,-0.9576513171195984,0.093453809618951,9.028085708618164,8.999999999999999e-08,0.0,0.0,0.0,8.999999999999999e-08,0.0,0.0,0.0,8.999999999999999e-08
1759811074912994240,171217,1759811074907533568,base_link,-0.0721810905206399,-0.01541708274344013,0.03465356031414226,-0.9966701289722772,1.0,0.0,0.0,0.0,1.0,0.0,0.0,0.0,1.0,0.06496187299489975,-0.0034693423658609572,-0.14803263545036316,1.2184696791468346e-07,0.0,0.0,0.0,1.2184696791468346e-07,0.0,0.0,0.0,1.2184696791468346e-07,-0.757017195224762,-0.042962994426487565,10.683029174804688,8.999999999999999e-08,0.0,0.0,0.0,8.999999999999999e-08,0.0,0.0,0.0,8.999999999999999e-08
1759811074922790080,171218,1759811074917533568,base_link,-0.07260401043784442,-0.015741352693348854,0.036568713110477304,-0.9965659419627584,1.0,0.0,0.0,0.0,1.0,0.0,0.0,0.0,1.0,0.06947743147611618,0.046617653220891904,-0.38433781266212463,1.2184696791468346e-07,0.0,0.0,0.0,1.2184696791468346e-07,0.0,0.0,0.0,1.2184696791468346e-07,-0.8231647610664368,2.6538109779357923,10.239974975585938,8.999999999999999e-08,0.0,0.0,0.0,8.999999999999999e-08,0.0,0.0,0.0,8.999999999999999e-08
1759811074932865344,171219,1759811074928533568,base_link,-0.0727678378721843,-0.01616502598547052,0.036744423321919184,-0.9965407802941973,1.0,0.0,0.0,0.0,1.0,0.0,0.0,0.0,1.0,0.007968168705701828,0.06791526079177856,-0.046535942703485496,1.2184696791468346e-07,0.0,0.0,0.0,1.2184696791468346e-07,0.0,0.0,0.0,1.2184696791468346e-07,0.5629075765609741,3.203371047973634,9.10137939453125,8.999999999999999e-08,0.0,0.0,0.0,8.999999999999999e-08,0.0,0.0,0.0,8.999999999999999e-08
1759811074938041120,171220,1759811074933533568,base_link,-0.07259908189074668,-0.016327375645934485,0.035655138022155135,-0.9965899656664096,1.0,0.0,0.0,0.0,1.0,0.0,0.0,0.0,1.0,-0.033541712909936905,0.07315768301486973,0.32720237970352173,1.2184696791468346e-07,0.0,0.0,0.0,1.2184696791468346e-07,0.0,0.0,0.0,1.2184696791468346e-07,-0.36934223771095276,2.176216602325441,10.123603820800781,8.999999999999999e-08,0.0,0.0,0.0,8.999999999999999e-08,0.0,0.0,0.0,8.999999999999999e-08
1759811074952468960,171221,1759811074944533568,base_link,-0.07276557247907683,-0.016151317722992352,0.03343349334344891,-0.9966577377988151,1.0,0.0,0.0,0.0,1.0,0.0,0.0,0.0,1.0,0.006295239552855492,0.0043815933167934955,0.4375172257423401,1.2184696791468346e-07,0.0,0.0,0.0,1.2184696791468346e-07,0.0,0.0,0.0,1.2184696791468346e-07,-1.068899393081665,0.8122040629386914,9.810129165649414,8.999999999999999e-08,0.0,0.0,0.0,8.999999999999999e-08,0.0,0.0,0.0,8.999999999999999e-08
1759811074963165184,171222,1759811074954533568,base_link,-0.07312420791559013,-0.015908680950293165,0.03308308444492933,-0.9966470324992933,1.0,0.0,0.0,0.0,1.0,0.0,0.0,0.0,1.0,0.08348339051008224,-0.03356293216347694,0.06875552237033844,1.2184696791468346e-07,0.0,0.0,0.0,1.2184696791468346e-07,0.0,0.0,0.0,1.2184696791468346e-07,-0.6875007748603821,0.14336286485195288,10.44996452331543,8.999999999999999e-08,0.0,0.0,0.0,8.999999999999999e-08,0.0,0.0,0.0,8.999999999999999e-08
1759811074964815648,171223,1759811074960533568,base_link,-0.07309427048225724,-0.015749526547781934,0.03397786203881563,-0.9966216600964898,1.0,0.0,0.0,0.0,1.0,0.0,0.0,0.0,1.0,0.05214587599039078,-0.05539701879024509,-0.26383844017982483,1.2184696791468346e-07,0.0,0.0,0.0,1.2184696791468346e-07,0.0,0.0,0.0,1.2184696791468346e-07,-1.35468590259552,0.5019137859344494,9.421289443969727,8.999999999999999e-08,0.0,0.0,0.0,8.999999999999999e-08,0.0,0.0,0.0,8.999999999999999e-08
1759811074969967616,171224,1759811074965527424,base_link,-0.07317196819748707,-0.015843672070643144,0.035104700180602855,-0.9965753828568248,1.0,0.0,0.0,0.0,1.0,0.0,0.0,0.0,1.0,0.032994262874126434,-0.026823878288269095,-0.4124290645122528,1.2184696791468346e-07,0.0,0.0,0.0,1.2184696791468346e-07,0.0,0.0,0.0,1.2184696791468346e-07,-0.890084981918335,1.6282073259353649,9.272077560424805,8.999999999999999e-08,0.0,0.0,0.0,8.999999999999999e-08,0.0,0.0,0.0,8.999999999999999e-08
1759811074979298784,171225,1759811074975527424,base_link,-0.07322379565026531,-0.016042281191716638,0.036420904112749584,-0.9965212241564883,1.0,0.0,0.0,0.0,1.0,0.0,0.0,0.0,1.0,-0.01231160294264555,0.021202946081757514,-0.2648316025733948,1.2184696791468346e-07,0.0,0.0,0.0,1.2184696791468346e-07,0.0,0.0,0.0,1.2184696791468346e-07,-0.28432390093803406,2.3752377033233656,9.525551795959473,8.999999999999999e-08,0.0,0.0,0.0,8.999999999999999e-08,0.0,0.0,0.0,8.999999999999999e-08
1759811074986092512,171226,1759811074981527424,base_link,-0.07313152829634087,-0.016105635807562607,0.03593271716644788,-0.9965446999511088,1.0,0.0,0.0,0.0,1.0,0.0,0.0,0.0,1.0,-0.03033960424363613,0.026150606572628025,0.024439545348286625,1.2184696791468346e-07,0.0,0.0,0.0,1.2184696791468346e-07,0.0,0.0,0.0,1.2184696791468346e-07,0.06269840896129608,2.799798965454103,9.285757064819336,8.999999999999999e-08,0.0,0.0,0.0,8.999999999999999e-08,0.0,0.0,0.0,8.999999999999999e-08
1759811074996994016,171227,1759811074991527424,base_link,-0.0730277838287313,-0.015807710272151224,0.03370892299846761,-0.9966347677663766,1.0,0.0,0.0,0.0,1.0,0.0,0.0,0.0,1.0,-0.023075086995959282,-0.03811746463179583,0.4659784436225891,1.2184696791468346e-07,0.0,0.0,0.0,1.2184696791468346e-07,0.0,0.0,0.0,1.2184696791468346e-07,-0.5713384747505188,0.7867891192436232,10.93107795715332,8.999999999999999e-08,0.0,0.0,0.0,8.999999999999999e-08,0.0,0.0,0.0,8.999999999999999e-08
1759811075006674944,171228,1759811075002527424,base_link,-0.07312712921902755,-0.015297085397373551,0.032793240567719914,-0.9966659564342747,1.0,0.0,0.0,0.0,1.0,0.0,0.0,0.0,1.0,0.029025161638855934,-0.09151449799537657,0.1578136682510376,1.2184696791468346e-07,0.0,0.0,0.0,1.2184696791468346e-07,0.0,0.0,0.0,1.2184696791468346e-07,-0.5115175247192383,0.6104978919029248,9.894404411315918,8.999999999999999e-08,0.0,0.0,0.0,8.999999999999999e-08,0.0,0.0,0.0,8.999999999999999e-08
1759811075013146528,171229,1759811075007527424,base_link,-0.07337179167463327,-0.01521997773802287,0.03293358957326116,-0.9966445458352311,1.0,0.0,0.0,0.0,1.0,0.0,0.0,0.0,1.0,0.056675780564546585,-0.08737896382808687,-0.10422723740339278,1.2184696791468346e-07,0.0,0.0,0.0,1.2184696791468346e-07,0.0,0.0,0.0,1.2184696791468346e-07,-0.6236734986305237,0.3389241099357616,9.249886512756348,8.999999999999999e-08,0.0,0.0,0.0,8.999999999999999e-08,0.0,0.0,0.0,8.999999999999999e-08
1759811075018777952,171230,1759811075012527424,base_link,-0.07349438105188329,-0.015101950757124175,0.03394435529424946,-0.9966034105110845,1.0,0.0,0.0,0.0,1.0,0.0,0.0,0.0,1.0,0.07064448297023773,-0.0397996306419373,-0.3294886350631714,1.2184696791468346e-07,0.0,0.0,0.0,1.2184696791468346e-07,0.0,0.0,0.0,1.2184696791468346e-07,-1.2456706762313843,0.8343116641044628,9.199926376342773,8.999999999999999e-08,0.0,0.0,0.0,8.999999999999999e-08,0.0,0.0,0.0,8.999999999999999e-08
1759811075028923232,171231,1759811075023527424,base_link,-0.07366131418212281,-0.015353282951506763,0.03568358714490002,-0.9965264503657036,1.0,0.0,0.0,0.0,1.0,0.0,0.0,0.0,1.0,0.03062290884554386,0.029562745243310887,-0.32864001393318176,1.2184696791468346e-07,0.0,0.0,0.0,1.2184696791468346e-07,0.0,0.0,0.0,1.2184696791468346e-07,0.35291656851768494,2.4783585071563734,9.324568748474121,8.999999999999999e-08,0.0,0.0,0.0,8.999999999999999e-08,0.0,0.0,0.0,8.999999999999999e-08
1759811075034210944,171232,1759811075028527424,base_link,-0.07360926545838987,-0.0154813119063927,0.0358779262633837,-0.9965213505970338,1.0,0.0,0.0,0.0,1.0,0.0,0.0,0.0,1.0,-0.00912520382553339,0.044420566409826265,-0.12521611154079437,1.2184696791468346e-07,0.0,0.0,0.0,1.2184696791468346e-07,0.0,0.0,0.0,1.2184696791468346e-07,0.7422220706939697,2.8782546520233168,10.12353229522705,8.999999999999999e-08,0.0,0.0,0.0,8.999999999999999e-08,0.0,0.0,0.0,8.999999999999999e-08
1759811075040958112,171233,1759811075038527424,base_link,-0.07352645743777811,-0.015441556891534798,0.03505888655627151,-0.9965572175651166,1.0,0.0,0.0,0.0,1.0,0.0,0.0,0.0,1.0,-0.03940737619996071,0.013635088689625301,0.30838742852211,1.2184696791468346e-07,0.0,0.0,0.0,1.2184696791468346e-07,0.0,0.0,0.0,1.2184696791468346e-07,0.7422220706939697,2.8782546520233168,10.12353229522705,8.999999999999999e-08,0.0,0.0,0.0,8.999999999999999e-08,0.0,0.0,0.0,8.999999999999999e-08
1759811075052808320,171234,1759811075044527424,base_link,-0.07370737015083309,-0.01513035773302052,0.03283547170992783,-0.996624399641643,1.0,0.0,0.0,0.0,1.0,0.0,0.0,0.0,1.0,0.01386625412851572,-0.04938833042979235,0.4447743594646454,1.2184696791468346e-07,0.0,0.0,0.0,1.2184696791468346e-07,0.0,0.0,0.0,1.2184696791468346e-07,-0.2407323569059372,0.5778933167457593,9.73054313659668,8.999999999999999e-08,0.0,0.0,0.0,8.999999999999999e-08,0.0,0.0,0.0,8.999999999999999e-08
1759811075056370816,171235,1759811075050527424,base_link,-0.0737708274996223,-0.014920081837443604,0.03195540336617182,-0.9966515000652354,1.0,0.0,0.0,0.0,1.0,0.0,0.0,0.0,1.0,0.0702117532491684,-0.0675266161561012,0.279517263174057,1.2184696791468346e-07,0.0,0.0,0.0,1.2184696791468346e-07,0.0,0.0,0.0,1.2184696791468346e-07,-0.11459231376647949,1.0949697494506847,9.625003814697266,8.999999999999999e-08,0.0,0.0,0.0,8.999999999999999e-08,0.0,0.0,0.0,8.999999999999999e-08
1759811075063005440,171236,1759811075055525888,base_link,-0.07391197202692922,-0.014724926123769973,0.03163142054166863,-0.9966542396103887,1.0,0.0,0.0,0.0,1.0,0.0,0.0,0.0,1.0,0.08717944473028183,-0.059221003204584115,0.07979591190814973,1.2184696791468346e-07,0.0,0.0,0.0,1.2184696791468346e-07,0.0,0.0,0.0,1.2184696791468346e-07,-0.7231362462043762,0.22763906419277313,9.992449760437012,8.999999999999999e-08,0.0,0.0,0.0,8.999999999999999e-08,0.0,0.0,0.0,8.999999999999999e-08
1759811075070820288,171237,1759811075065525888,base_link,-0.07426520476429901,-0.014650895184360588,0.03301560734046337,-0.9965841915481636,1.0,0.0,0.0,0.0,1.0,0.0,0.0,0.0,1.0,0.07139988988637924,-0.02341013774275784,-0.3267427384853363,1.2184696791468346e-07,0.0,0.0,0.0,1.2184696791468346e-07,0.0,0.0,0.0,1.2184696791468346e-07,-0.6558050513267517,0.9449605345726024,9.255399703979492,8.999999999999999e-08,0.0,0.0,0.0,8.999999999999999e-08,0.0,0.0,0.0,8.999999999999999e-08
1759811075076779232,171238,1759811075071525888,base_link,-0.07459671080126146,-0.014765176364097875,0.034059626924926756,-0.9965226150024892,1.0,0.0,0.0,0.0,1.0,0.0,0.0,0.0,1.0,0.09554855525493622,0.025129204615950536,-0.4063340127468109,1.2184696791468346e-07,0.0,0.0,0.0,1.2184696791468346e-07,0.0,0.0,0.0,1.2184696791468346e-07,0.33424752950668335,2.0209710597991957,9.17903995513916,8.999999999999999e-08,0.0,0.0,0.0,8.999999999999999e-08,0.0,0.0,0.0,8.999999999999999e-08
1759811075083297920,171239,1759811075080525888,base_link,-0.0746174786608652,-0.014936798331234237,0.03461288860532926,-0.9964994763826567,1.0,0.0,0.0,0.0,1.0,0.0,0.0,0.0,1.0,0.03484557941555977,0.05704639106988905,-0.17029109597206116,1.2184696791468346e-07,0.0,0.0,0.0,1.2184696791468346e-07,0.0,0.0,0.0,1.2184696791468346e-07,0.33424752950668335,2.0209710597991957,9.17903995513916,8.999999999999999e-08,0.0,0.0,0.0,8.999999999999999e-08,0.0,0.0,0.0,8.999999999999999e-08
1759811075087799904,171240,1759811075081525888,base_link,-0.07471041773018779,-0.015217543757521363,0.03451139899411499,-0.9964917213625306,1.0,0.0,0.0,0.0,1.0,0.0,0.0,0.0,1.0,-0.013363154605031013,0.06614459306001663,0.039545569568872445,1.2184696791468346e-07,0.0,0.0,0.0,1.2184696791468346e-07,0.0,0.0,0.0,1.2184696791468346e-07,-0.04298383742570877,2.66827154159546,8.884843826293945,8.999999999999999e-08,0.0,0.0,0.0,8.999999999999999e-08,0.0,0.0,0.0,8.999999999999999e-08
1759811075100565696,171241,1759811075092525888,base_link,-0.07482066334918015,-0.015122787105356746,0.03277878419868066,-0.9965434355456535,1.0,0.0,0.0,0.0,1.0,0.0,0.0,0.0,1.0,0.020625004544854164,0.012521614320576238,0.3755231201648712,1.2184696791468346e-07,0.0,0.0,0.0,1.2184696791468346e-07,0.0,0.0,0.0,1.2184696791468346e-07,-0.42086443305015564,1.9654586315155043,10.091219902038574,8.999999999999999e-08,0.0,0.0,0.0,8.999999999999999e-08,0.0,0.0,0.0,8.999999999999999e-08
1759811075107820992,171242,1759811075103525888,base_link,-0.07515900771231349,-0.014601156634761669,0.03096486813246882,-0.9965837279328299,1.0,0.0,0.0,0.0,1.0,0.0,0.0,0.0,1.0,0.06272672861814499,-0.05357627570629116,0.3300754427909851,1.2184696791468346e-07,0.0,0.0,0.0,1.2184696791468346e-07,0.0,0.0,0.0,1.2184696791468346e-07,-0.2408471256494522,0.4064436852931988,9.70135498046875,8.999999999999999e-08,0.0,0.0,0.0,8.999999999999999e-08,0.0,0.0,0.0,8.999999999999999e-08
1759811075114210080,171243,1759811075108525888,base_link,-0.07547433199362577,-0.014475651222430322,0.03063747141323617,-0.9965718425215498,1.0,0.0,0.0,0.0,1.0,0.0,0.0,0.0,1.0,0.10371608287096024,-0.038330428302288035,0.16537751257419586,1.2184696791468346e-07,0.0,0.0,0.0,1.2184696791468346e-07,0.0,0.0,0.0,1.2184696791468346e-07,-0.9356788992881775,0.2878395318984996,8.609779357910156,8.999999999999999e-08,0.0,0.0,0.0,8.999999999999999e-08,0.0,0.0,0.0,8.999999999999999e-08
1759811075119495712,171244,1759811075113525888,base_link,-0.07578408762257856,-0.014374216928954759,0.031367075507808255,-0.9965271247152798,1.0,0.0,0.0,0.0,1.0,0.0,0.0,0.0,1.0,0.10828980803489685,-0.03956738859415057,-0.22875656187534332,1.2184696791468346e-07,0.0,0.0,0.0,1.2184696791468346e-07,0.0,0.0,0.0,1.2184696791468346e-07,-0.8412610292434692,-0.8481490015983568,10.475564956665039,8.999999999999999e-08,0.0,0.0,0.0,8.999999999999999e-08,0.0,0.0,0.0,8.999999999999999e-08
1759811075126860352,171245,1759811075118525888,base_link,-0.07613525253019329,-0.014556852394442623,0.03227635161758233,-0.9964687091832437,1.0,0.0,0.0,0.0,1.0,0.0,0.0,0.0,1.0,0.11923123896121979,0.010747076943516681,-0.4137859046459198,1.2184696791468346e-07,0.0,0.0,0.0,1.2184696791468346e-07,0.0,0.0,0.0,1.2184696791468346e-07,-0.45732009410858154,1.4700616598129284,9.488554000854492,8.999999999999999e-08,0.0,0.0,0.0,8.999999999999999e-08,0.0,0.0,0.0,8.999999999999999e-08
1759811075132393216,171246,1759811075129525888,base_link,-0.07659890474230557,-0.0148852764431077,0.0339705706340232,-0.9963719400190627,1.0,0.0,0.0,0.0,1.0,0.0,0.0,0.0,1.0,0.09878221899271011,0.06255140155553814,-0.32644328474998474,1.2184696791468346e-07,0.0,0.0,0.0,1.2184696791468346e-07,0.0,0.0,0.0,1.2184696791468346e-07,-0.03182114660739899,2.1310079097747816,9.689160346984863,8.999999999999999e-08,0.0,0.0,0.0,8.999999999999999e-08,0.0,0.0,0.0,8.999999999999999e-08
1759811075146578720,171247,1759811075139525888,base_link,-0.07674272559449294,-0.01499920464298871,0.032883856292018315,-0.9963956265479258,1.0,0.0,0.0,0.0,1.0,0.0,0.0,0.0,1.0,0.023566847667098045,0.048245709389448194,0.20646236836910248,1.2184696791468346e-07,0.0,0.0,0.0,1.2184696791468346e-07,0.0,0.0,0.0,1.2184696791468346e-07,-0.13941609859466553,1.7208513021469127,9.497404098510742,8.999999999999999e-08,0.0,0.0,0.0,8.999999999999999e-08,0.0,0.0,0.0,8.999999999999999e-08
1759811075158722432,171248,1759811075150525888,base_link,-0.0772347795141455,-0.014721267250483621,0.030525992998924893,-0.9964368461657694,1.0,0.0,0.0,0.0,1.0,0.0,0.0,0.0,1.0,0.10693860799074173,-0.043192125856876325,0.4091234803199768,1.2184696791468346e-07,0.0,0.0,0.0,1.2184696791468346e-07,0.0,0.0,0.0,1.2184696791468346e-07,-0.2729533016681671,0.928515672683717,9.712555885314941,8.999999999999999e-08,0.0,0.0,0.0,8.999999999999999e-08,0.0,0.0,0.0,8.999999999999999e-08
1759811075164967200,171249,1759811075161525120,base_link,-0.07803060684444033,-0.014449472761148989,0.02937576335621408,-0.9964133703711489,1.0,0.0,0.0,0.0,1.0,0.0,0.0,0.0,1.0,0.1305312067270279,-0.02491191774606702,0.2187466025352478,1.2184696791468346e-07,0.0,0.0,0.0,1.2184696791468346e-07,0.0,0.0,0.0,1.2184696791468346e-07,-0.8680141568183899,0.23066559433937198,10.08947467803955,8.999999999999999e-08,0.0,0.0,0.0,8.999999999999999e-08,0.0,0.0,0.0,8.999999999999999e-08
1759811075172334048,171250,1759811075166525120,base_link,-0.07826116327668507,-0.014384405929582268,0.029870314476640878,-0.9963815073536747,1.0,0.0,0.0,0.0,1.0,0.0,0.0,0.0,1.0,0.12343280017375946,-0.026672555133700385,-0.10830038040876389,1.2184696791468346e-07,0.0,0.0,0.0,1.2184696791468346e-07,0.0,0.0,0.0,1.2184696791468346e-07,-0.6573838591575623,-0.38431724905967596,9.595941543579102,8.999999999999999e-08,0.0,0.0,0.0,8.999999999999999e-08,0.0,0.0,0.0,8.999999999999999e-08
1759811075179941152,171251,1759811075176525120,base_link,-0.07893763336617508,-0.014751091414161139,0.031560065927139634,-0.996270661142091,1.0,0.0,0.0,0.0,1.0,0.0,0.0,0.0,1.0,0.11757373809814453,0.05381711572408672,-0.3374394476413727,1.2184696791468346e-07,0.0,0.0,0.0,1.2184696791468346e-07,0.0,0.0,0.0,1.2184696791468346e-07,-0.6456936597824097,1.471087694168092,9.125958442687988,8.999999999999999e-08,0.0,0.0,0.0,8.999999999999999e-08,0.0,0.0,0.0,8.999999999999999e-08
1759811075188809536,171252,1759811075182525120,base_link,-0.07916959118113281,-0.014882839828428165,0.03196463352599571,-0.9962374072786159,1.0,0.0,0.0,0.0,1.0,0.0,0.0,0.0,1.0,0.05102468654513359,0.08589445054531096,-0.12457608431577684,1.2184696791468346e-07,0.0,0.0,0.0,1.2184696791468346e-07,0.0,0.0,0.0,1.2184696791468346e-07,0.3649890720844269,2.8119742870330824,9.83035945892334,8.999999999999999e-08,0.0,0.0,0.0,8.999999999999999e-08,0.0,0.0,0.0,8.999999999999999e-08
1759811075198216768,171253,1759811075192525120,base_link,-0.07939502413710546,-0.01506392376305522,0.030591657788904825,-0.9962599136957208,1.0,0.0,0.0,0.0,1.0,0.0,0.0,0.0,1.0,0.04165142774581909,0.05174795538187031,0.319057822227478,1.2184696791468346e-07,0.0,0.0,0.0,1.2184696791468346e-07,0.0,0.0,0.0,1.2184696791468346e-07,-0.7339560985565186,2.27095127105713,9.062736511230469,8.999999999999999e-08,0.0,0.0,0.0,8.999999999999999e-08,0.0,0.0,0.0,8.999999999999999e-08
1759811075206021376,171254,1759811075202525120,base_link,-0.07977349756837723,-0.014934380155800925,0.029251008684621847,-0.9962718412538493,1.0,0.0,0.0,0.0,1.0,0.0,0.0,0.0,1.0,0.07082492858171463,-0.022809024900197924,0.486797958612442,1.2184696791468346e-07,0.0,0.0,0.0,1.2184696791468346e-07,0.0,0.0,0.0,1.2184696791468346e-07,-0.3686440587043762,1.4323337078094496,10.563648223876953,8.999999999999999e-08,0.0,0.0,0.0,8.999999999999999e-08,0.0,0.0,0.0,8.999999999999999e-08
1759811075209997120,171255,1759811075203525120,base_link,-0.0798773579398202,-0.014818107537471497,0.028092602553299914,-0.9962986045026537,1.0,0.0,0.0,0.0,1.0,0.0,0.0,0.0,1.0,0.07995733618736267,-0.026678003370761816,0.44032925367355347,1.2184696791468346e-07,0.0,0.0,0.0,1.2184696791468346e-07,0.0,0.0,0.0,1.2184696791468346e-07,-0.8954359292984009,1.0476089715957653,9.31387996673584,8.999999999999999e-08,0.0,0.0,0.0,8.999999999999999e-08,0.0,0.0,0.0,8.999999999999999e-08
1759811075216371168,171256,1759811075208525120,base_link,-0.08016929598856501,-0.01450896303782212,0.02748159969043747,-0.9962967078944707,1.0,0.0,0.0,0.0,1.0,0.0,0.0,0.0,1.0,0.12037947028875351,-0.04083530977368352,0.20826852321624756,1.2184696791468346e-07,0.0,0.0,0.0,1.2184696791468346e-07,0.0,0.0,0.0,1.2184696791468346e-07,-0.7409883141517639,0.3643572330474866,10.006918907165527,8.999999999999999e-08,0.0,0.0,0.0,8.999999999999999e-08,0.0,0.0,0.0,8.999999999999999e-08
1759811075222660832,171257,1759811075219525120,base_link,-0.08076500217959602,-0.01435332262880548,0.028145749729272123,-0.9962323918036431,1.0,0.0,0.0,0.0,1.0,0.0,0.0,0.0,1.0,0.11098682880401611,-0.04903802648186685,-0.13593672215938568,1.2184696791468346e-07,0.0,0.0,0.0,1.2184696791468346e-07,0.0,0.0,0.0,1.2184696791468346e-07,-0.6314423084259033,0.13504809141159174,9.53740406036377,8.999999999999999e-08,0.0,0.0,0.0,8.999999999999999e-08,0.0,0.0,0.0,8.999999999999999e-08
1759811075230090400,171258,1759811075224525120,base_link,-0.08099431001145363,-0.014487447071657307,0.02917522865099926,-0.9961821527602182,1.0,0.0,0.0,0.0,1.0,0.0,0.0,0.0,1.0,0.09031736850738525,-0.0008125428576022834,-0.3653871417045593,1.2184696791468346e-07,0.0,0.0,0.0,1.2184696791468346e-07,0.0,0.0,0.0,1.2184696791468346e-07,-0.5684633255004883,1.403088688850404,9.055678367614746,8.999999999999999e-08,0.0,0.0,0.0,8.999999999999999e-08,0.0,0.0,0.0,8.999999999999999e-08
1759811075235868768,171259,1759811075229525120,base_link,-0.08132351904517222,-0.01457617672448487,0.029905759976238552,-0.9961323773321268,1.0,0.0,0.0,0.0,1.0,0.0,0.0,0.0,1.0,0.09944190829992294,0.034230068325996364,-0.28307560086250305,1.2184696791468346e-07,0.0,0.0,0.0,1.2184696791468346e-07,0.0,0.0,0.0,1.2184696791468346e-07,-0.15028132498264313,3.444471359252931,9.611858367919922,8.999999999999999e-08,0.0,0.0,0.0,8.999999999999999e-08,0.0,0.0,0.0,8.999999999999999e-08
1759811075241040608,171260,1759811075235525120,base_link,-0.08131290594188158,-0.014704442755393676,0.030015004607578794,-0.9961280783535786,1.0,0.0,0.0,0.0,1.0,0.0,0.0,0.0,1.0,0.0394262932240963,0.023160953074693676,-0.04206664115190506,1.2184696791468346e-07,0.0,0.0,0.0,1.2184696791468346e-07,0.0,0.0,0.0,1.2184696791468346e-07,0.2732151448726654,3.1970877647399916,10.004971504211426,8.999999999999999e-08,0.0,0.0,0.0,8.999999999999999e-08,0.0,0.0,0.0,8.999999999999999e-08
1759811075247821600,171261,1759811075246525120,base_link,-0.08148422234436623,-0.014656195150560831,0.02853590310593747,-0.9961582554971125,1.0,0.0,0.0,0.0,1.0,0.0,0.0,0.0,1.0,0.003685039235278964,0.014937986619770562,0.28279969096183777,1.2184696791468346e-07,0.0,0.0,0.0,1.2184696791468346e-07,0.0,0.0,0.0,1.2184696791468346e-07,0.024053510278463364,2.357888221740724,9.296575546264648,8.999999999999999e-08,0.0,0.0,0.0,8.999999999999999e-08,0.0,0.0,0.0,8.999999999999999e-08
1759811075256898528,171262,1759811075251525120,base_link,-0.08160377188016738,-0.014461150072364544,0.027400846328690612,-0.9961832485782794,1.0,0.0,0.0,0.0,1.0,0.0,0.0,0.0,1.0,0.019348539412021637,-0.03267950564622874,0.40534916520118713,1.2184696791468346e-07,0.0,0.0,0.0,1.2184696791468346e-07,0.0,0.0,0.0,1.2184696791468346e-07,0.09927240014076233,1.0908386707305922,10.438556671142578,8.999999999999999e-08,0.0,0.0,0.0,8.999999999999999e-08,0.0,0.0,0.0,8.999999999999999e-08
1759811075264112608,171263,1759811075256525120,base_link,-0.0818099647997948,-0.014294859681564806,0.026616114156266264,-0.9961899499271927,1.0,0.0,0.0,0.0,1.0,0.0,0.0,0.0,1.0,0.04002637043595314,-0.05164903402328488,0.2670924961566925,1.2184696791468346e-07,0.0,0.0,0.0,1.2184696791468346e-07,0.0,0.0,0.0,1.2184696791468346e-07,-0.5623062252998352,1.5080902576446544,9.144718170166016,8.999999999999999e-08,0.0,0.0,0.0,8.999999999999999e-08,0.0,0.0,0.0,8.999999999999999e-08
1759811075271229120,171264,1759811075266525120,base_link,-0.08219520016607454,-0.0140071205126029,0.026798778597712496,-0.9961574125601422,1.0,0.0,0.0,0.0,1.0,0.0,0.0,0.0,1.0,0.1006283164024353,-0.04807736724615098,-0.02928627468645572,1.2184696791468346e-07,0.0,0.0,0.0,1.2184696791468346e-07,0.0,0.0,0.0,1.2184696791468346e-07,-0.9131115078926086,-0.5330529212951648,10.398017883300781,8.999999999999999e-08,0.0,0.0,0.0,8.999999999999999e-08,0.0,0.0,0.0,8.999999999999999e-08
1759811075279338208,171265,1759811075276525120,base_link,-0.08232914548482019,-0.013997508396964385,0.027818268716342465,-0.9961185953126637,1.0,0.0,0.0,0.0,1.0,0.0,0.0,0.0,1.0,0.06663595139980316,-0.02020097896456723,-0.3788100779056549,1.2184696791468346e-07,0.0,0.0,0.0,1.2184696791468346e-07,0.0,0.0,0.0,1.2184696791468346e-07,-0.953783392906189,1.4339898824691784,9.28580379486084,8.999999999999999e-08,0.0,0.0,0.0,8.999999999999999e-08,0.0,0.0,0.0,8.999999999999999e-08
1759811075286066080,171266,1759811075282525120,base_link,-0.08270436307204448,-0.01415064370267266,0.029223697526786743,-0.9960450912088606,1.0,0.0,0.0,0.0,1.0,0.0,0.0,0.0,1.0,0.07410640269517899,0.01073912344872948,-0.28453966975212097,1.2184696791468346e-07,0.0,0.0,0.0,1.2184696791468346e-07,0.0,0.0,0.0,1.2184696791468346e-07,0.38955965638160706,3.370872497558595,10.002534866333008,8.999999999999999e-08,0.0,0.0,0.0,8.999999999999999e-08,0.0,0.0,0.0,8.999999999999999e-08
1759811075298945984,171267,1759811075293525120,base_link,-0.082560450023626,-0.014032171545686568,0.028530044693994467,-0.9960788086876694,1.0,0.0,0.0,0.0,1.0,0.0,0.0,0.0,1.0,-0.00938245840370655,1.689884811641585e-05,0.146903857588768,1.2184696791468346e-07,0.0,0.0,0.0,1.2184696791468346e-07,0.0,0.0,0.0,1.2184696791468346e-07,0.027237486094236374,1.8861595392227184,9.406758308410645,8.999999999999999e-08,0.0,0.0,0.0,8.999999999999999e-08,0.0,0.0,0.0,8.999999999999999e-08
1759811075304730912,171268,1759811075298525120,base_link,-0.08269339172054149,-0.013898766233437458,0.02763893387592861,-0.9960947823432551,1.0,0.0,0.0,0.0,1.0,0.0,0.0,0.0,1.0,0.011372177861630917,-0.017291000112891156,0.3297025263309479,1.2184696791468346e-07,0.0,0.0,0.0,1.2184696791468346e-07,0.0,0.0,0.0,1.2184696791468346e-07,-0.08259821683168411,2.292827129364015,9.63015079498291,8.999999999999999e-08,0.0,0.0,0.0,8.999999999999999e-08,0.0,0.0,0.0,8.999999999999999e-08
1759811075313836032,171269,1759811075309525120,base_link,-0.08256733576500147,-0.013431247047974302,0.025780131416052662,-0.9961615008044478,1.0,0.0,0.0,0.0,1.0,0.0,0.0,0.0,1.0,-0.0204811692237854,-0.06314448267221447,0.3638046085834503,1.2184696791468346e-07,0.0,0.0,0.0,1.2184696791468346e-07,0.0,0.0,0.0,1.2184696791468346e-07,-0.69126957654953,1.271821141242982,8.76880168914795,8.999999999999999e-08,0.0,0.0,0.0,8.999999999999999e-08,0.0,0.0,0.0,8.999999999999999e-08
1759811075319687168,171270,1759811075314525120,base_link,-0.08279940684961458,-0.013303310289319487,0.025572052424954382,-0.9961493203652281,1.0,0.0,0.0,0.0,1.0,0.0,0.0,0.0,1.0,0.02777663618326187,-0.03703515976667403,0.09570896625518799,1.2184696791468346e-07,0.0,0.0,0.0,1.2184696791468346e-07,0.0,0.0,0.0,1.2184696791468346e-07,-0.6209849715232849,0.012798669748009422,9.560853004455566,8.999999999999999e-08,0.0,0.0,0.0,8.999999999999999e-08,0.0,0.0,0.0,8.999999999999999e-08
1759811075326803296,171271,1759811075319525120,base_link,-0.08266979475373146,-0.013261742959975618,0.02601560585868306,-0.9961491517778341,1.0,0.0,0.0,0.0,1.0,0.0,0.0,0.0,1.0,0.028549082577228546,-0.02996958792209628,-0.22144128382205963,1.2184696791468346e-07,0.0,0.0,0.0,1.2184696791468346e-07,0.0,0.0,0.0,1.2184696791468346e-07,-0.7438414692878723,-0.07580767571925992,10.157462120056152,8.999999999999999e-08,0.0,0.0,0.0,8.999999999999999e-08,0.0,0.0,0.0,8.999999999999999e-08
1759811075332846336,171272,1759811075325525120,base_link,-0.08277793039612025,-0.013319107454976975,0.02683333901349139,-0.996117710228845,1.0,0.0,0.0,0.0,1.0,0.0,0.0,0.0,1.0,0.003947708290070295,-0.014400453306734602,-0.3202475309371948,1.2184696791468346e-07,0.0,0.0,0.0,1.2184696791468346e-07,0.0,0.0,0.0,1.2184696791468346e-07,-0.6503740549087524,1.6799017190933239,9.390034675598145,8.999999999999999e-08,0.0,0.0,0.0,8.999999999999999e-08,0.0,0.0,0.0,8.999999999999999e-08
1759811075341947616,171273,1759811075330525120,base_link,-0.08277149509918824,-0.013360166387960677,0.027903868965668103,-0.9960882917285844,1.0,0.0,0.0,0.0,1.0,0.0,0.0,0.0,1.0,0.022451486438512802,0.03824913129210468,-0.3358975350856781,1.2184696791468346e-07,0.0,0.0,0.0,1.2184696791468346e-07,0.0,0.0,0.0,1.2184696791468346e-07,-0.27450838685035706,2.311029434204103,9.622881889343262,8.999999999999999e-08,0.0,0.0,0.0,8.999999999999999e-08,0.0,0.0,0.0,8.999999999999999e-08
1759811075347106304,171274,1759811075340525120,base_link,-0.08267466798309053,-0.01351723188729259,0.028050034236303898,-0.9960900618962218,1.0,0.0,0.0,0.0,1.0,0.0,0.0,0.0,1.0,-0.03867051750421524,0.034870211035013206,0.08280028402805328,1.2184696791468346e-07,0.0,0.0,0.0,1.2184696791468346e-07,0.0,0.0,0.0,1.2184696791468346e-07,0.6749669313430786,2.9555141925811776,8.886823654174805,8.999999999999999e-08,0.0,0.0,0.0,8.999999999999999e-08,0.0,0.0,0.0,8.999999999999999e-08
1759811075353974048,171275,1759811075346525120,base_link,-0.0824457131310892,-0.013480598373402526,0.027212070594210273,-0.9961327988006119,1.0,0.0,0.0,0.0,1.0,0.0,0.0,0.0,1.0,-0.07111266255378723,0.02096544206142428,0.21038970351219177,1.2184696791468346e-07,0.0,0.0,0.0,1.2184696791468346e-07,0.0,0.0,0.0,1.2184696791468346e-07,0.06415998935699463,2.426853418350221,10.33051586151123,8.999999999999999e-08,0.0,0.0,0.0,8.999999999999999e-08,0.0,0.0,0.0,8.999999999999999e-08
1759811075356207008,171276,1759811075351525120,base_link,-0.08240393243332474,-0.01338533859323381,0.026102512660312518,-0.9961672749226937,1.0,0.0,0.0,0.0,1.0,0.0,0.0,0.0,1.0,-0.048778846859931946,-0.005253316368907642,0.3889419138431549,1.2184696791468346e-07,0.0,0.0,0.0,1.2184696791468346e-07,0.0,0.0,0.0,1.2184696791468346e-07,-0.8166348338127136,1.353819489479066,9.172811508178711,8.999999999999999e-08,0.0,0.0,0.0,8.999999999999999e-08,0.0,0.0,0.0,8.999999999999999e-08
1759811075362167936,171277,1759811075356525120,base_link,-0.08229491434129524,-0.013135118021980701,0.025440343523357854,-0.9961967355698029,1.0,0.0,0.0,0.0,1.0,0.0,0.0,0.0,1.0,-0.0419732928276062,-0.05276415497064586,0.3228362798690796,1.2184696791468346e-07,0.0,0.0,0.0,1.2184696791468346e-07,0.0,0.0,0.0,1.2184696791468346e-07,-1.0890179872512817,0.7655411958694469,9.353407859802246,8.999999999999999e-08,0.0,0.0,0.0,8.999999999999999e-08,0.0,0.0,0.0,8.999999999999999e-08
1759811075368122560,171278,1759811075362524864,base_link,-0.08232090841011433,-0.013012944844859745,0.025165251043127248,-0.9962031840376251,1.0,0.0,0.0,0.0,1.0,0.0,0.0,0.0,1.0,-0.0070657916367053986,-0.05284853279590604,0.2034420520067215,1.2184696791468346e-07,0.0,0.0,0.0,1.2184696791468346e-07,0.0,0.0,0.0,1.2184696791468346e-07,-0.7627860903739929,0.5356503129005444,9.699305534362793,8.999999999999999e-08,0.0,0.0,0.0,8.999999999999999e-08,0.0,0.0,0.0,8.999999999999999e-08
1759811075372864000,171279,1759811075367524864,base_link,-0.0822504783920746,-0.012836752578837981,0.025428500258926272,-0.9962046170304745,1.0,0.0,0.0,0.0,1.0,0.0,0.0,0.0,1.0,-0.019307870417833328,-0.052491325885057456,-0.08435045927762985,1.2184696791468346e-07,0.0,0.0,0.0,1.2184696791468346e-07,0.0,0.0,0.0,1.2184696791468346e-07,-0.3929924964904785,1.0866719484329237,10.430967330932617,8.999999999999999e-08,0.0,0.0,0.0,8.999999999999999e-08,0.0,0.0,0.0,8.999999999999999e-08
1759811075379110976,171280,1759811075372524864,base_link,-0.08201268587277614,-0.01281898768219064,0.02606698286701781,-0.9962079466315068,1.0,0.0,0.0,0.0,1.0,0.0,0.0,0.0,1.0,-0.0677211731672287,-0.021946048364043264,-0.2242434173822403,1.2184696791468346e-07,0.0,0.0,0.0,1.2184696791468346e-07,0.0,0.0,0.0,1.2184696791468346e-07,-0.08872709423303604,1.1912670135498058,9.955933570861816,8.999999999999999e-08,0.0,0.0,0.0,8.999999999999999e-08,0.0,0.0,0.0,8.999999999999999e-08
1759811075394519072,171281,1759811075377524864,base_link,-0.08181378435794111,-0.012889404529340216,0.026553146764590994,-0.9962105175892659,1.0,0.0,0.0,0.0,1.0,0.0,0.0,0.0,1.0,-0.10303441435098648,0.02657921239733694,-0.17450593411922455,1.2184696791468346e-07,0.0,0.0,0.0,1.2184696791468346e-07,0.0,0.0,0.0,1.2184696791468346e-07,-0.27306702733039856,2.3295154571533216,9.29965877532959,8.999999999999999e-08,0.0,0.0,0.0,8.999999999999999e-08,0.0,0.0,0.0,8.999999999999999e-08
1759811075394532256,171282,1759811075388524864,base_link,-0.08114178710274932,-0.013073847040957985,0.026773659075999955,-0.996257132003719,1.0,0.0,0.0,0.0,1.0,0.0,0.0,0.0,1.0,-0.133906751871109,0.020727079361677163,-0.043989378958940506,1.2184696791468346e-07,0.0,0.0,0.0,1.2184696791468346e-07,0.0,0.0,0.0,1.2184696791468346e-07,-0.03146904334425926,3.128320932388307,10.042698860168457,8.999999999999999e-08,0.0,0.0,0.0,8.999999999999999e-08,0.0,0.0,0.0,8.999999999999999e-08
1759811075405934720,171283,1759811075393524864,base_link,-0.08049144279097999,-0.013062001142348394,0.026338492865125,-0.9963216588287892,1.0,0.0,0.0,0.0,1.0,0.0,0.0,0.0,1.0,-0.1993190050125122,-0.004572769161313757,0.1299465000629425,1.2184696791468346e-07,0.0,0.0,0.0,1.2184696791468346e-07,0.0,0.0,0.0,1.2184696791468346e-07,-0.011918634176254272,3.950931787490846,9.682451248168945,8.999999999999999e-08,0.0,0.0,0.0,8.999999999999999e-08,0.0,0.0,0.0,8.999999999999999e-08
1759811075407666080,171284,1759811075399524864,base_link,-0.07990455055964382,-0.012850463475494183,0.025707933864553487,-0.9963881244088909,1.0,0.0,0.0,0.0,1.0,0.0,0.0,0.0,1.0,-0.23293349146842957,-0.04518815502524373,0.22829179465770721,1.2184696791468346e-07,0.0,0.0,0.0,1.2184696791468346e-07,0.0,0.0,0.0,1.2184696791468346e-07,0.0670204609632492,2.6473252773284925,10.421707153320312,8.999999999999999e-08,0.0,0.0,0.0,8.999999999999999e-08,0.0,0.0,0.0,8.999999999999999e-08
1759811075411215424,171285,1759811075404524864,base_link,-0.07936694906764115,-0.012689217535625602,0.02522113776425268,-0.9964456127102597,1.0,0.0,0.0,0.0,1.0,0.0,0.0,0.0,1.0,-0.2733405828475952,-0.05706721916794775,0.19205425679683685,1.2184696791468346e-07,0.0,0.0,0.0,1.2184696791468346e-07,0.0,0.0,0.0,1.2184696791468346e-07,-0.5267735719680786,1.2547471523284925,10.258347511291504,8.999999999999999e-08,0.0,0.0,0.0,8.999999999999999e-08,0.0,0.0,0.0,8.999999999999999e-08
1759811075418908960,171286,1759811075409524864,base_link,-0.07845198313331815,-0.012557340046635014,0.024900779568721398,-0.9965277569180074,1.0,0.0,0.0,0.0,1.0,0.0,0.0,0.0,1.0,-0.2647813856601715,-0.04180609434843062,0.10291026532649994,1.2184696791468346e-07,0.0,0.0,0.0,1.2184696791468346e-07,0.0,0.0,0.0,1.2184696791468346e-07,-0.8419774770736694,1.5933395624160778,9.22516918182373,8.999999999999999e-08,0.0,0.0,0.0,8.999999999999999e-08,0.0,0.0,0.0,8.999999999999999e-08
1759811075423035712,171287,1759811075420524864,base_link,-0.07696326424768225,-0.012585249162883318,0.025002100592541595,-0.9966409633531077,1.0,0.0,0.0,0.0,1.0,0.0,0.0,0.0,1.0,-0.2860923111438751,-0.0013280160492286103,-0.014447161927819252,1.2184696791468346e-07,0.0,0.0,0.0,1.2184696791468346e-07,0.0,0.0,0.0,1.2184696791468346e-07,-0.43186601996421814,1.2771044969558727,9.60425853729248,8.999999999999999e-08,0.0,0.0,0.0,8.999999999999999e-08,0.0,0.0,0.0,8.999999999999999e-08
1759811075429837216,171288,1759811075425524864,base_link,-0.07590881331821245,-0.012592835595615281,0.02492459253813004,-0.9967236976167346,1.0,0.0,0.0,0.0,1.0,0.0,0.0,0.0,1.0,-0.35119929909706116,-0.0035008857958018797,-0.012460041791200638,1.2184696791468346e-07,0.0,0.0,0.0,1.2184696791468346e-07,0.0,0.0,0.0,1.2184696791468346e-07,-0.4087817370891571,2.414238214492799,9.418868064880371,8.999999999999999e-08,0.0,0.0,0.0,8.999999999999999e-08,0.0,0.0,0.0,8.999999999999999e-08
1759811075437086592,171289,1759811075430524864,base_link,-0.07480291952595707,-0.012394173790981148,0.024866682768276055,-0.9968111944742433,1.0,0.0,0.0,0.0,1.0,0.0,0.0,0.0,1.0,-0.35441941022872925,-0.0466482974588871,0.024902224540710456,1.2184696791468346e-07,0.0,0.0,0.0,1.2184696791468346e-07,0.0,0.0,0.0,1.2184696791468346e-07,-0.8449590802192688,1.4084210395813002,10.716562271118164,8.999999999999999e-08,0.0,0.0,0.0,8.999999999999999e-08,0.0,0.0,0.0,8.999999999999999e-08
1759811075447871392,171290,1759811075436524864,base_link,-0.07399077609693246,-0.012305022669668481,0.024860402887847938,-0.9968731081947058,1.0,0.0,0.0,0.0,1.0,0.0,0.0,0.0,1.0,-0.3920339047908783,-0.10345501452684402,0.03892183303833009,1.2184696791468346e-07,0.0,0.0,0.0,1.2184696791468346e-07,0.0,0.0,0.0,1.2184696791468346e-07,-0.7477767467498779,1.4392136335372936,9.948234558105469,8.999999999999999e-08,0.0,0.0,0.0,8.999999999999999e-08,0.0,0.0,0.0,8.999999999999999e-08
1759811075453784864,171291,1759811075446524864,base_link,-0.0714528641011785,-0.011677606243489087,0.024484579439676295,-0.9970750337459214,1.0,0.0,0.0,0.0,1.0,0.0,0.0,0.0,1.0,-0.467788964509964,-0.11990998685359953,0.08275746554136278,1.2184696791468346e-07,0.0,0.0,0.0,1.2184696791468346e-07,0.0,0.0,0.0,1.2184696791468346e-07,-0.07654212415218353,2.8002369403839125,10.780745506286621,8.999999999999999e-08,0.0,0.0,0.0,8.999999999999999e-08,0.0,0.0,0.0,8.999999999999999e-08
1759811075457092896,171292,1759811075452524864,base_link,-0.0702879831602541,-0.011499414636341092,0.024091054315130096,-0.9971694848334344,1.0,0.0,0.0,0.0,1.0,0.0,0.0,0.0,1.0,-0.5035585761070251,-0.09870280325412749,0.13016276061534882,1.2184696791468346e-07,0.0,0.0,0.0,1.2184696791468346e-07,0.0,0.0,0.0,1.2184696791468346e-07,0.24009744822978973,1.8682717084884657,10.281402587890625,8.999999999999999e-08,0.0,0.0,0.0,8.999999999999999e-08,0.0,0.0,0.0,8.999999999999999e-08
1759811075467601312,171293,1759811075457524096,base_link,-0.06924789903777044,-0.011490021157479229,0.023795141291735124,-0.9972495216987566,1.0,0.0,0.0,0.0,1.0,0.0,0.0,0.0,1.0,-0.4996514916419983,-0.03316438570618628,0.11475025117397308,1.2184696791468346e-07,0.0,0.0,0.0,1.2184696791468346e-07,0.0,0.0,0.0,1.2184696791468346e-07,-0.4423051178455353,1.9178432226181041,8.886040687561035,8.999999999999999e-08,0.0,0.0,0.0,8.999999999999999e-08,0.0,0.0,0.0,8.999999999999999e-08
1759811075475299488,171294,1759811075462524096,base_link,-0.06758996582371937,-0.011306526949952956,0.02360729278792202,-0.9973698509512551,1.0,0.0,0.0,0.0,1.0,0.0,0.0,0.0,1.0,-0.4575461745262146,-0.007464359980076546,0.04553826525807381,1.2184696791468346e-07,0.0,0.0,0.0,1.2184696791468346e-07,0.0,0.0,0.0,1.2184696791468346e-07,-0.7781082987785339,1.3562185764312757,10.176251411437988,8.999999999999999e-08,0.0,0.0,0.0,8.999999999999999e-08,0.0,0.0,0.0,8.999999999999999e-08
1759811075480633856,171295,1759811075473524096,base_link,-0.06528155658899738,-0.011161605011348245,0.02351360034368231,-0.9975274380178374,1.0,0.0,0.0,0.0,1.0,0.0,0.0,0.0,1.0,-0.49970465898513794,-0.08045453578233719,0.01802605949342252,1.2184696791468346e-07,0.0,0.0,0.0,1.2184696791468346e-07,0.0,0.0,0.0,1.2184696791468346e-07,-0.43736532330513,1.882277250289918,9.094796180725098,8.999999999999999e-08,0.0,0.0,0.0,8.999999999999999e-08,0.0,0.0,0.0,8.999999999999999e-08
1759811075486865472,171296,1759811075482524096,base_link,-0.06359186572459335,-0.010744306430063851,0.02340663164216167,-0.9976436790260303,1.0,0.0,0.0,0.0,1.0,0.0,0.0,0.0,1.0,-0.47424957156181335,-0.12520045042037964,0.03677778318524362,1.2184696791468346e-07,0.0,0.0,0.0,1.2184696791468346e-07,0.0,0.0,0.0,1.2184696791468346e-07,-0.8423742651939392,1.8351868391036998,9.613759994506836,8.999999999999999e-08,0.0,0.0,0.0,8.999999999999999e-08,0.0,0.0,0.0,8.999999999999999e-08
1759811075495931648,171297,1759811075489524096,base_link,-0.06116762904762933,-0.01011028875373644,0.023178532898020722,-0.9978071245045557,1.0,0.0,0.0,0.0,1.0,0.0,0.0,0.0,1.0,-0.4830268919467926,-0.13967479765415192,0.05235618725419046,1.2184696791468346e-07,0.0,0.0,0.0,1.2184696791468346e-07,0.0,0.0,0.0,1.2184696791468346e-07,-0.1519550234079361,1.3026981353759777,9.203831672668457,8.999999999999999e-08,0.0,0.0,0.0,8.999999999999999e-08,0.0,0.0,0.0,8.999999999999999e-08
1759811075502501504,171298,1759811075494524096,base_link,-0.059578642809386025,-0.009900800477391076,0.023059763078917047,-0.9979081083535878,1.0,0.0,0.0,0.0,1.0,0.0,0.0,0.0,1.0,-0.5013570189476013,-0.06673470139503478,0.0597495660185814,1.2184696791468346e-07,0.0,0.0,0.0,1.2184696791468346e-07,0.0,0.0,0.0,1.2184696791468346e-07,-0.030659282580018044,1.6336135864257824,8.890937805175781,8.999999999999999e-08,0.0,0.0,0.0,8.999999999999999e-08,0.0,0.0,0.0,8.999999999999999e-08
1759811075504668800,171299,1759811075499524096,base_link,-0.058179135631157536,-0.009713452467404087,0.022901375222213076,-0.9979961952669755,1.0,0.0,0.0,0.0,1.0,0.0,0.0,0.0,1.0,-0.5254901051521301,-0.06870006024837493,0.05668266862630845,1.2184696791468346e-07,0.0,0.0,0.0,1.2184696791468346e-07,0.0,0.0,0.0,1.2184696791468346e-07,0.4667200446128845,1.4414510726928724,10.779420852661133,8.999999999999999e-08,0.0,0.0,0.0,8.999999999999999e-08,0.0,0.0,0.0,8.999999999999999e-08
1759811075511164224,171300,1759811075504524096,base_link,-0.05684182666461899,-0.009837922647768886,0.02262409110585993,-0.9980783394747232,1.0,0.0,0.0,0.0,1.0,0.0,0.0,0.0,1.0,-0.5501235127449036,-0.026879290118813504,0.0750858262181282,1.2184696791468346e-07,0.0,0.0,0.0,1.2184696791468346e-07,0.0,0.0,0.0,1.2184696791468346e-07,0.21826152503490448,1.747357726097108,9.498946189880371,8.999999999999999e-08,0.0,0.0,0.0,8.999999999999999e-08,0.0,0.0,0.0,8.999999999999999e-08
1759811075521073344,171301,1759811075515524096,base_link,-0.05390402273601564,-0.009436210497899425,0.022384022656741862,-0.9982506357914358,1.0,0.0,0.0,0.0,1.0,0.0,0.0,0.0,1.0,-0.5442306995391846,-0.08295576274394989,0.04193080216646195,1.2184696791468346e-07,0.0,0.0,0.0,1.2184696791468346e-07,0.0,0.0,0.0,1.2184696791468346e-07,-0.6695502996444702,0.49316626787185797,10.496651649475098,8.999999999999999e-08,0.0,0.0,0.0,8.999999999999999e-08,0.0,0.0,0.0,8.999999999999999e-08
1759811075530312096,171302,1759811075526524096,base_link,-0.05110113613785171,-0.00874795773007259,0.022313215951243557,-0.9984059047813499,1.0,0.0,0.0,0.0,1.0,0.0,0.0,0.0,1.0,-0.5258449912071228,-0.14678330719470978,0.003681135596707481,1.2184696791468346e-07,0.0,0.0,0.0,1.2184696791468346e-07,0.0,0.0,0.0,1.2184696791468346e-07,-0.5654980540275574,1.1494879722595226,9.966522216796875,8.999999999999999e-08,0.0,0.0,0.0,8.999999999999999e-08,0.0,0.0,0.0,8.999999999999999e-08
1759811075542253056,171303,1759811075531524096,base_link,-0.04977197073269888,-0.008452499102388112,0.022239037497864367,-0.9984772172490304,1.0,0.0,0.0,0.0,1.0,0.0,0.0,0.0,1.0,-0.5091155767440796,-0.11182811111211777,0.03796804696321489,1.2184696791468346e-07,0.0,0.0,0.0,1.2184696791468346e-07,0.0,0.0,0.0,1.2184696791468346e-07,-0.0734899640083313,0.9761486649513256,9.326300621032715,8.999999999999999e-08,0.0,0.0,0.0,8.999999999999999e-08,0.0,0.0,0.0,8.999999999999999e-08
1759811075546653312,171304,1759811075541524096,base_link,-0.04707343182891384,-0.008216711192571948,0.021982026015644928,-0.9986157960869342,1.0,0.0,0.0,0.0,1.0,0.0,0.0,0.0,1.0,-0.500126838684082,-0.05932709202170371,0.038841642439365394,1.2184696791468346e-07,0.0,0.0,0.0,1.2184696791468346e-07,0.0,0.0,0.0,1.2184696791468346e-07,-0.06593777984380722,0.6454765796661389,10.081191062927246,8.999999999999999e-08,0.0,0.0,0.0,8.999999999999999e-08,0.0,0.0,0.0,8.999999999999999e-08
1759811075552300480,171305,1759811075547524096,base_link,-0.045687672425834,-0.0080748053878138,0.021831266738521482,-0.9986846218905524,1.0,0.0,0.0,0.0,1.0,0.0,0.0,0.0,1.0,-0.5121400356292725,-0.044712003320455544,0.044009163975715644,1.2184696791468346e-07,0.0,0.0,0.0,1.2184696791468346e-07,0.0,0.0,0.0,1.2184696791468346e-07,-0.06019289419054985,0.6604449152946484,9.557437896728516,8.999999999999999e-08,0.0,0.0,0.0,8.999999999999999e-08,0.0,0.0,0.0,8.999999999999999e-08
1759811075557288768,171306,1759811075552524096,base_link,-0.04416240958836112,-0.00797415344521372,0.021661499232719587,-0.9987577045258703,1.0,0.0,0.0,0.0,1.0,0.0,0.0,0.0,1.0,-0.5440760254859924,-0.0442420020699501,0.052756275981664665,1.2184696791468346e-07,0.0,0.0,0.0,1.2184696791468346e-07,0.0,0.0,0.0,1.2184696791468346e-07,-0.467896431684494,0.8435640931129468,9.844033241271973,8.999999999999999e-08,0.0,0.0,0.0,8.999999999999999e-08,0.0,0.0,0.0,8.999999999999999e-08
1759811075565944224,171307,1759811075558524096,base_link,-0.04286831958079247,-0.0077507514405036945,0.021624873621363633,-0.998816667966937,1.0,0.0,0.0,0.0,1.0,0.0,0.0,0.0,1.0,-0.5349931120872498,-0.08373164385557175,0.035134579986333854,1.2184696791468346e-07,0.0,0.0,0.0,1.2184696791468346e-07,0.0,0.0,0.0,1.2184696791468346e-07,-0.4847867488861084,0.5424267649650586,9.554964065551758,8.999999999999999e-08,0.0,0.0,0.0,8.999999999999999e-08,0.0,0.0,0.0,8.999999999999999e-08
1759811075579505696,171308,1759811075563517440,base_link,-0.041464874306406246,-0.007387385020245054,0.021562875607204112,-0.9988800146802489,1.0,0.0,0.0,0.0,1.0,0.0,0.0,0.0,1.0,-0.4962001144886017,-0.1277923434972763,0.007749158889055268,1.2184696791468346e-07,0.0,0.0,0.0,1.2184696791468346e-07,0.0,0.0,0.0,1.2184696791468346e-07,-0.1659056544303894,0.7334363460540784,9.62454891204834,8.999999999999999e-08,0.0,0.0,0.0,8.999999999999999e-08,0.0,0.0,0.0,8.999999999999999e-08
1759811075581245280,171309,1759811075573517440,base_link,-0.03898761952819355,-0.006855428571764804,0.021474577959573804,-0.9989854239483748,1.0,0.0,0.0,0.0,1.0,0.0,0.0,0.0,1.0,-0.47580134868621826,-0.09065257757902145,0.022851629182696353,1.2184696791468346e-07,0.0,0.0,0.0,1.2184696791468346e-07,0.0,0.0,0.0,1.2184696791468346e-07,0.11498109996318817,0.49140211939811823,9.679023742675781,8.999999999999999e-08,0.0,0.0,0.0,8.999999999999999e-08,0.0,0.0,0.0,8.999999999999999e-08
1759811075587925824,171310,1759811075584517440,base_link,-0.036531688421149344,-0.006561873137708398,0.02135677751798584,-0.9990827410215863,1.0,0.0,0.0,0.0,1.0,0.0,0.0,0.0,1.0,-0.44857025146484375,-0.07127740234136581,0.018462741747498523,1.2184696791468346e-07,0.0,0.0,0.0,1.2184696791468346e-07,0.0,0.0,0.0,1.2184696791468346e-07,0.11317047476768494,0.3568229973316204,9.228578567504883,8.999999999999999e-08,0.0,0.0,0.0,8.999999999999999e-08,0.0,0.0,0.0,8.999999999999999e-08
1759811075593046528,171311,1759811075589517440,base_link,-0.035357901324298974,-0.006408698319329649,0.02127008145059891,-0.9991278802963415,1.0,0.0,0.0,0.0,1.0,0.0,0.0,0.0,1.0,-0.45123571157455444,-0.05972030758857727,0.026667620986700065,1.2184696791468346e-07,0.0,0.0,0.0,1.2184696791468346e-07,0.0,0.0,0.0,1.2184696791468346e-07,0.022856969386339188,0.6481962203979504,9.95757007598877,8.999999999999999e-08,0.0,0.0,0.0,8.999999999999999e-08,0.0,0.0,0.0,8.999999999999999e-08
1759811075599884032,171312,1759811075594517440,base_link,-0.03396426572890366,-0.0062515090136302355,0.021181446628180504,-0.9991790887172822,1.0,0.0,0.0,0.0,1.0,0.0,0.0,0.0,1.0,-0.48818033933639526,-0.0712389200925827,0.03483733907341958,1.2184696791468346e-07,0.0,0.0,0.0,1.2184696791468346e-07,0.0,0.0,0.0,1.2184696791468346e-07,-0.5867235660552979,0.5395776033401501,9.573687553405762,8.999999999999999e-08,0.0,0.0,0.0,8.999999999999999e-08,0.0,0.0,0.0,8.999999999999999e-08
1759811075607080128,171313,1759811075604517440,base_link,-0.032739253088955346,-0.005967885747843222,0.021105498007163898,-0.9992232586145217,1.0,0.0,0.0,0.0,1.0,0.0,0.0,0.0,1.0,-0.47820183634757996,-0.10333459079265594,0.02361008152365686,1.2184696791468346e-07,0.0,0.0,0.0,1.2184696791468346e-07,0.0,0.0,0.0,1.2184696791468346e-07,-0.4745740592479706,0.22032192349434013,9.405129432678223,8.999999999999999e-08,0.0,0.0,0.0,8.999999999999999e-08,0.0,0.0,0.0,8.999999999999999e-08
1759811075613595840,171314,1759811075605517440,base_link,-0.031497288196282544,-0.0057181182552116004,0.02106204460634916,-0.9992656161972752,1.0,0.0,0.0,0.0,1.0,0.0,0.0,0.0,1.0,-0.4567525088787079,-0.11834979802370071,0.006800938397645965,1.2184696791468346e-07,0.0,0.0,0.0,1.2184696791468346e-07,0.0,0.0,0.0,1.2184696791468346e-07,-0.2868775725364685,0.42306450009346125,9.43397045135498,8.999999999999999e-08,0.0,0.0,0.0,8.999999999999999e-08,0.0,0.0,0.0,8.999999999999999e-08
1759811075621308320,171315,1759811075615517440,base_link,-0.0293297613881533,-0.005222759759217983,0.020997349193884907,-0.9993356221126517,1.0,0.0,0.0,0.0,1.0,0.0,0.0,0.0,1.0,-0.41606950759887695,-0.10069847851991653,0.011746952310204518,1.2184696791468346e-07,0.0,0.0,0.0,1.2184696791468346e-07,0.0,0.0,0.0,1.2184696791468346e-07,0.23480521142482758,0.5558979511260999,9.631214141845703,8.999999999999999e-08,0.0,0.0,0.0,8.999999999999999e-08,0.0,0.0,0.0,8.999999999999999e-08
1759811075627197376,171316,1759811075621517440,base_link,-0.028158582127554545,-0.005031974146899327,0.02097775090932735,-0.9993707304374613,1.0,0.0,0.0,0.0,1.0,0.0,0.0,0.0,1.0,-0.41315194964408875,-0.08409924060106277,0.008754688315093528,1.2184696791468346e-07,0.0,0.0,0.0,1.2184696791468346e-07,0.0,0.0,0.0,1.2184696791468346e-07,0.001175273209810257,0.2916321754455578,9.569524765014648,8.999999999999999e-08,0.0,0.0,0.0,8.999999999999999e-08,0.0,0.0,0.0,8.999999999999999e-08
1759811075636388896,171317,1759811075626517440,base_link,-0.027088903014882152,-0.0048017654261547915,0.020945171395428452,-0.999402045545905,1.0,0.0,0.0,0.0,1.0,0.0,0.0,0.0,1.0,-0.40973520278930664,-0.07901455461978912,0.013083898462355147,1.2184696791468346e-07,0.0,0.0,0.0,1.2184696791468346e-07,0.0,0.0,0.0,1.2184696791468346e-07,0.08891125023365021,0.11544293165207029,9.750380516052246,8.999999999999999e-08,0.0,0.0,0.0,8.999999999999999e-08,0.0,0.0,0.0,8.999999999999999e-08
1759811075638830080,171318,1759811075632517440,base_link,-0.025938675347804866,-0.0046690509270945575,0.020954190821009754,-0.9994329813327119,1.0,0.0,0.0,0.0,1.0,0.0,0.0,0.0,1.0,-0.42120522260665894,-0.06957805156707764,0.009901938028633603,1.2184696791468346e-07,0.0,0.0,0.0,1.2184696791468346e-07,0.0,0.0,0.0,1.2184696791468346e-07,-0.13632221519947052,0.291292428970338,9.028346061706543,8.999999999999999e-08,0.0,0.0,0.0,8.999999999999999e-08,0.0,0.0,0.0,8.999999999999999e-08
1759811075647854752,171319,1759811075642517440,base_link,-0.023748228556619795,-0.0043435995483385136,0.0208818668289651,-0.9994904696340807,1.0,0.0,0.0,0.0,1.0,0.0,0.0,0.0,1.0,-0.42747822403907776,-0.07144336402416229,0.013349661603569993,1.2184696791468346e-07,0.0,0.0,0.0,1.2184696791468346e-07,0.0,0.0,0.0,1.2184696791468346e-07,-0.040940433740615845,0.4928881525993359,9.374424934387207,8.999999999999999e-08,0.0,0.0,0.0,8.999999999999999e-08,0.0,0.0,0.0,8.999999999999999e-08
1759811075654000896,171320,1759811075647517440,base_link,-0.022605417417791412,-0.004086842922843672,0.020802672900613092,-0.9995196774000988,1.0,0.0,0.0,0.0,1.0,0.0,0.0,0.0,1.0,-0.4260544776916504,-0.09060303121805191,0.016328014433383952,1.2184696791468346e-07,0.0,0.0,0.0,1.2184696791468346e-07,0.0,0.0,0.0,1.2184696791468346e-07,0.07243973016738892,0.031102189794183936,9.461539268493652,8.999999999999999e-08,0.0,0.0,0.0,8.999999999999999e-08,0.0,0.0,0.0,8.999999999999999e-08
1759811075658925856,171321,1759811075653517440,base_link,-0.021553882523402956,-0.003931945352032041,0.020774771686898896,-0.9995441225722351,1.0,0.0,0.0,0.0,1.0,0.0,0.0,0.0,1.0,-0.38857024908065796,-0.0892036184668541,0.019796760752797137,1.2184696791468346e-07,0.0,0.0,0.0,1.2184696791468346e-07,0.0,0.0,0.0,1.2184696791468346e-07,-0.10407112538814545,0.29129385948181263,9.206513404846191,8.999999999999999e-08,0.0,0.0,0.0,8.999999999999999e-08,0.0,0.0,0.0,8.999999999999999e-08
1759811075668173088,171322,1759811075663515648,base_link,-0.019612357653701253,-0.0034643563608510383,0.020724237615534356,-0.9995869016234737,1.0,0.0,0.0,0.0,1.0,0.0,0.0,0.0,1.0,-0.36218732595443726,-0.08236416429281235,0.003491318551823507,1.2184696791468346e-07,0.0,0.0,0.0,1.2184696791468346e-07,0.0,0.0,0.0,1.2184696791468346e-07,-0.1400073617696762,0.37931382656097534,9.917152404785156,8.999999999999999e-08,0.0,0.0,0.0,8.999999999999999e-08,0.0,0.0,0.0,8.999999999999999e-08
1759811075674104672,171323,1759811075668515648,base_link,-0.018639898149653333,-0.0031569293452784817,0.020747418382215308,-0.9996060362926976,1.0,0.0,0.0,0.0,1.0,0.0,0.0,0.0,1.0,-0.3582787811756134,-0.10100960731506348,-0.0049887336790561555,1.2184696791468346e-07,0.0,0.0,0.0,1.2184696791468346e-07,0.0,0.0,0.0,1.2184696791468346e-07,0.062439803034067154,0.0943579971790325,9.130599975585938,8.999999999999999e-08,0.0,0.0,0.0,8.999999999999999e-08,0.0,0.0,0.0,8.999999999999999e-08
1759811075678743200,171324,1759811075674515648,base_link,-0.017736749137981577,-0.002993602404764672,0.020687991325814975,-0.9996241594375573,1.0,0.0,0.0,0.0,1.0,0.0,0.0,0.0,1.0,-0.3507799208164215,-0.09132790565490723,0.013329715467989455,1.2184696791468346e-07,0.0,0.0,0.0,1.2184696791468346e-07,0.0,0.0,0.0,1.2184696791468346e-07,0.2631261944770813,0.6635932326316845,9.471760749816895,8.999999999999999e-08,0.0,0.0,0.0,8.999999999999999e-08,0.0,0.0,0.0,8.999999999999999e-08
1759811075686840896,171325,1759811075679515648,base_link,-0.01676444505043754,-0.0027447753136904496,0.020686726920359628,-0.9996416925265378,1.0,0.0,0.0,0.0,1.0,0.0,0.0,0.0,1.0,-0.3693195581436157,-0.07665330916643143,0.005255972035229216,1.2184696791468346e-07,0.0,0.0,0.0,1.2184696791468346e-07,0.0,0.0,0.0,1.2184696791468346e-07,0.006397370249032974,0.0925409644842159,9.172722816467285,8.999999999999999e-08,0.0,0.0,0.0,8.999999999999999e-08,0.0,0.0,0.0,8.999999999999999e-08
1759811075698434624,171326,1759811075690515648,base_link,-0.014910647528822249,-0.002357073039683815,0.020697474366729942,-0.9996718275232231,1.0,0.0,0.0,0.0,1.0,0.0,0.0,0.0,1.0,-0.35255247354507446,-0.09201158583164215,-0.0008533528307452685,1.2184696791468346e-07,0.0,0.0,0.0,1.2184696791468346e-07,0.0,0.0,0.0,1.2184696791468346e-07,-0.13859780132770538,-0.07760713249444857,8.550556182861328,8.999999999999999e-08,0.0,0.0,0.0,8.999999999999999e-08,0.0,0.0,0.0,8.999999999999999e-08
1759811075700738528,171327,1759811075695515648,base_link,-0.014097399720657754,-0.0021590796577252865,0.020617058179771115,-0.9996857359832317,1.0,0.0,0.0,0.0,1.0,0.0,0.0,0.0,1.0,-0.3208910822868347,-0.08699249476194382,0.011780881322920333,1.2184696791468346e-07,0.0,0.0,0.0,1.2184696791468346e-07,0.0,0.0,0.0,1.2184696791468346e-07,0.06332892179489136,0.3162330687046063,10.060492515563965,8.999999999999999e-08,0.0,0.0,0.0,8.999999999999999e-08,0.0,0.0,0.0,8.999999999999999e-08
1759811075710124576,171328,1759811075705515648,base_link,-0.012473193534310763,-0.0017092657706315004,0.020585195162296885,-0.9997088324562157,1.0,0.0,0.0,0.0,1.0,0.0,0.0,0.0,1.0,-0.3016878664493561,-0.082221120595932,0.017154529690742503,1.2184696791468346e-07,0.0,0.0,0.0,1.2184696791468346e-07,0.0,0.0,0.0,1.2184696791468346e-07,-0.07121816277503967,0.05094655975699547,9.968412399291992,8.999999999999999e-08,0.0,0.0,0.0,8.999999999999999e-08,0.0,0.0,0.0,8.999999999999999e-08
1759811075716810816,171329,1759811075711515648,base_link,-0.01164583081243442,-0.0015638700092532975,0.02069498770266778,-0.9997167982105842,1.0,0.0,0.0,0.0,1.0,0.0,0.0,0.0,1.0,-0.2999557554721832,-0.07774181663990021,-0.009347242303192607,1.2184696791468346e-07,0.0,0.0,0.0,1.2184696791468346e-07,0.0,0.0,0.0,1.2184696791468346e-07,-0.2128780335187912,-0.34803745150565996,8.721484184265137,8.999999999999999e-08,0.0,0.0,0.0,8.999999999999999e-08,0.0,0.0,0.0,8.999999999999999e-08
1759811075722007456,171330,1759811075716515648,base_link,-0.010965983377435222,-0.0012286040124225334,0.020605804971218725,-0.9997268291605298,1.0,0.0,0.0,0.0,1.0,0.0,0.0,0.0,1.0,-0.26198258996009827,-0.11048264056444168,-9.372155182062227e-05,1.2184696791468346e-07,0.0,0.0,0.0,1.2184696791468346e-07,0.0,0.0,0.0,1.2184696791468346e-07,0.04468488320708275,0.12420972436666614,10.223000526428223,8.999999999999999e-08,0.0,0.0,0.0,8.999999999999999e-08,0.0,0.0,0.0,8.999999999999999e-08
1759811075726775776,171331,1759811075721515648,base_link,-0.010127389178975233,-0.0011451516060096937,0.02073869398457357,-0.9997330247472609,1.0,0.0,0.0,0.0,1.0,0.0,0.0,0.0,1.0,-0.2953711450099945,-0.072021484375,-0.018785567954182614,1.2184696791468346e-07,0.0,0.0,0.0,1.2184696791468346e-07,0.0,0.0,0.0,1.2184696791468346e-07,-0.0630403459072113,0.005728936288506839,8.543317794799805,8.999999999999999e-08,0.0,0.0,0.0,8.999999999999999e-08,0.0,0.0,0.0,8.999999999999999e-08
1759811075737823968,171332,1759811075732515648,base_link,-0.008723404227364713,-0.0007574700761550604,0.02076111610798135,-0.9997461745639964,1.0,0.0,0.0,0.0,1.0,0.0,0.0,0.0,1.0,-0.278121680021286,-0.059655722230672836,-0.015599923208355897,1.2184696791468346e-07,0.0,0.0,0.0,1.2184696791468346e-07,0.0,0.0,0.0,1.2184696791468346e-07,-0.015443515032529831,0.018371162936092502,8.807328224182129,8.999999999999999e-08,0.0,0.0,0.0,8.999999999999999e-08,0.0,0.0,0.0,8.999999999999999e-08
1759811075743772384,171333,1759811075737515648,base_link,-0.008179872871339906,-0.0004166999643265768,0.020687359123087303,-0.999752496591273,1.0,0.0,0.0,0.0,1.0,0.0,0.0,0.0,1.0,-0.2266218513250351,-0.08792050182819366,-0.0032810424454510104,1.2184696791468346e-07,0.0,0.0,0.0,1.2184696791468346e-07,0.0,0.0,0.0,1.2184696791468346e-07,-0.020136842504143715,0.2433115690946591,9.677887916564941,8.999999999999999e-08,0.0,0.0,0.0,8.999999999999999e-08,0.0,0.0,0.0,8.999999999999999e-08
1759811075750537216,171334,1759811075743515648,base_link,-0.007469790670162458,-0.00045132030765573634,0.020785729867511715,-0.9997560369265479,1.0,0.0,0.0,0.0,1.0,0.0,0.0,0.0,1.0,-0.22500720620155334,-0.05628393217921257,0.0003045620396733353,1.2184696791468346e-07,0.0,0.0,0.0,1.2184696791468346e-07,0.0,0.0,0.0,1.2184696791468346e-07,-0.103898786008358,-0.07457226514816179,8.593360900878906,8.999999999999999e-08,0.0,0.0,0.0,8.999999999999999e-08,0.0,0.0,0.0,8.999999999999999e-08
1759811075754044288,171335,1759811075748515648,base_link,-0.007034721923874659,-0.00011463942794957141,0.020687864885269455,-0.9997612631357633,1.0,0.0,0.0,0.0,1.0,0.0,0.0,0.0,1.0,-0.20076391100883484,-0.08597525209188461,0.002862788969650875,1.2184696791468346e-07,0.0,0.0,0.0,1.2184696791468346e-07,0.0,0.0,0.0,1.2184696791468346e-07,-0.11783380806446075,0.1238262578845036,9.779035568237305,8.999999999999999e-08,0.0,0.0,0.0,8.999999999999999e-08,0.0,0.0,0.0,8.999999999999999e-08
1759811075764570624,171336,1759811075758515392,base_link,-0.005939705640529883,0.00023510993824525677,0.020746533298396607,-0.9997670794008577,1.0,0.0,0.0,0.0,1.0,0.0,0.0,0.0,1.0,-0.19423259794712067,-0.08928098529577255,0.004146872088313114,1.2184696791468346e-07,0.0,0.0,0.0,1.2184696791468346e-07,0.0,0.0,0.0,1.2184696791468346e-07,-0.14196529984474182,0.08075782656669733,9.550386428833008,8.999999999999999e-08,0.0,0.0,0.0,8.999999999999999e-08,0.0,0.0,0.0,8.999999999999999e-08
1759811075770771872,171337,1759811075764515392,base_link,-0.005288535513947554,0.00026762820750493544,0.020898809862066454,-0.9997676273098883,1.0,0.0,0.0,0.0,1.0,0.0,0.0,0.0,1.0,-0.22034208476543427,-0.05376972630620003,-0.02388161048293113,1.2184696791468346e-07,0.0,0.0,0.0,1.2184696791468346e-07,0.0,0.0,0.0,1.2184696791468346e-07,0.05098844692111015,-0.23428878188133131,8.950298309326172,8.999999999999999e-08,0.0,0.0,0.0,8.999999999999999e-08,0.0,0.0,0.0,8.999999999999999e-08
1759811075776965952,171338,1759811075769515392,base_link,-0.004903578547358573,0.0005264241807048736,0.020840015008393734,-0.9997707040298297,1.0,0.0,0.0,0.0,1.0,0.0,0.0,0.0,1.0,-0.1827324479818344,-0.06537950783967972,-0.01613784581422805,1.2184696791468346e-07,0.0,0.0,0.0,1.2184696791468346e-07,0.0,0.0,0.0,1.2184696791468346e-07,-0.11167815327644348,0.12334629148244974,9.520337104797363,8.999999999999999e-08,0.0,0.0,0.0,8.999999999999999e-08,0.0,0.0,0.0,8.999999999999999e-08
1759811075785004384,171339,1759811075780515392,base_link,-0.00400703654809928,0.0007629788009644569,0.02094171535385053,-0.9997724320506186,1.0,0.0,0.0,0.0,1.0,0.0,0.0,0.0,1.0,-0.15839429199695587,-0.057760655879974365,-0.005540707148611539,1.2184696791468346e-07,0.0,0.0,0.0,1.2184696791468346e-07,0.0,0.0,0.0,1.2184696791468346e-07,0.10064323246479034,0.1305746734142315,9.524089813232422,8.999999999999999e-08,0.0,0.0,0.0,8.999999999999999e-08,0.0,0.0,0.0,8.999999999999999e-08
1759811075789833344,171340,1759811075785515392,base_link,-0.0035478029226813724,0.0008153557268165452,0.02105007490137208,-0.999771799847891,1.0,0.0,0.0,0.0,1.0,0.0,0.0,0.0,1.0,-0.15385031700134277,-0.04570430517196655,-0.02075576223433017,1.2184696791468346e-07,0.0,0.0,0.0,1.2184696791468346e-07,0.0,0.0,0.0,1.2184696791468346e-07,0.13340918719768524,-0.40250608325004467,9.134981155395508,8.999999999999999e-08,0.0,0.0,0.0,8.999999999999999e-08,0.0,0.0,0.0,8.999999999999999e-08
1759811075799159424,171341,1759811075790515392,base_link,-0.0031830083663391072,0.0009536936197485065,0.021069757479626628,-0.9997725163443156,1.0,0.0,0.0,0.0,1.0,0.0,0.0,0.0,1.0,-0.1493067741394043,-0.044793855398893356,-0.011536508798599238,1.2184696791468346e-07,0.0,0.0,0.0,1.2184696791468346e-07,0.0,0.0,0.0,1.2184696791468346e-07,-0.03893835470080376,0.19315372407436485,9.318921089172363,8.999999999999999e-08,0.0,0.0,0.0,8.999999999999999e-08,0.0,0.0,0.0,8.999999999999999e-08
1759811075804035456,171342,1759811075795515392,base_link,-0.0027875294225557685,0.001030295763871247,0.02111544466341245,-0.9997726849317097,1.0,0.0,0.0,0.0,1.0,0.0,0.0,0.0,1.0,-0.1482173055410385,-0.04069871827960014,-0.023718176409602162,1.2184696791468346e-07,0.0,0.0,0.0,1.2184696791468346e-07,0.0,0.0,0.0,1.2184696791468346e-07,-0.024319376796483994,-0.26535853743553045,9.407735824584961,8.999999999999999e-08,0.0,0.0,0.0,8.999999999999999e-08,0.0,0.0,0.0,8.999999999999999e-08
1759811075810893600,171343,1759811075806515392,base_link,-0.002059680760687773,0.0012296068110721852,0.021191730459217194,-0.9997726006380127,1.0,0.0,0.0,0.0,1.0,0.0,0.0,0.0,1.0,-0.1293092966079712,-0.03688878193497658,-0.01263156253844499,1.2184696791468346e-07,0.0,0.0,0.0,1.2184696791468346e-07,0.0,0.0,0.0,1.2184696791468346e-07,0.01552276685833931,-0.006757105700670482,9.722803115844727,8.999999999999999e-08,0.0,0.0,0.0,8.999999999999999e-08,0.0,0.0,0.0,8.999999999999999e-08
1759811075816921088,171344,1759811075811515392,base_link,-0.0016833820285970106,0.0013090244593412263,0.021337389967670817,-0.999770071827102,1.0,0.0,0.0,0.0,1.0,0.0,0.0,0.0,1.0,-0.12394898384809494,-0.033616378903388984,-0.03496298566460609,1.2184696791468346e-07,0.0,0.0,0.0,1.2184696791468346e-07,0.0,0.0,0.0,1.2184696791468346e-07,0.02653580531477928,-0.30010274052619823,9.269676208496094,8.999999999999999e-08,0.0,0.0,0.0,8.999999999999999e-08,0.0,0.0,0.0,8.999999999999999e-08
1759811075821336128,171345,1759811075817515392,base_link,-0.0014355904588887788,0.0014276876341074445,0.021302998139285954,-0.9997710833514662,1.0,0.0,0.0,0.0,1.0,0.0,0.0,0.0,1.0,-0.11352001875638962,-0.03697602078318596,-0.015296322293579573,1.2184696791468346e-07,0.0,0.0,0.0,1.2184696791468346e-07,0.0,0.0,0.0,1.2184696791468346e-07,-0.10547555983066559,0.11311150342226149,9.90163803100586,8.999999999999999e-08,0.0,0.0,0.0,8.999999999999999e-08,0.0,0.0,0.0,8.999999999999999e-08
1759811075831066720,171346,1759811075827515392,base_link,-0.0009187493342598468,0.0016068088604327415,0.02148473535006488,-0.9997675430161914,1.0,0.0,0.0,0.0,1.0,0.0,0.0,0.0,1.0,-0.096871517598629,-0.031177498400211338,-0.03119261190295219,1.2184696791468346e-07,0.0,0.0,0.0,1.2184696791468346e-07,0.0,0.0,0.0,1.2184696791468346e-07,0.08828604221343994,-0.7119202017784108,9.057613372802734,8.999999999999999e-08,0.0,0.0,0.0,8.999999999999999e-08,0.0,0.0,0.0,8.999999999999999e-08
1759811075837792064,171347,1759811075832515392,base_link,-0.0006459625624083001,0.0016702466381023596,0.021629678362093875,-0.99976446629625,1.0,0.0,0.0,0.0,1.0,0.0,0.0,0.0,1.0,-0.0964750424027443,-0.02505828440189362,-0.038568612188100815,1.2184696791468346e-07,0.0,0.0,0.0,1.2184696791468346e-07,0.0,0.0,0.0,1.2184696791468346e-07,0.2838086187839508,-0.6889047026634205,8.831076622009277,8.999999999999999e-08,0.0,0.0,0.0,8.999999999999999e-08,0.0,0.0,0.0,8.999999999999999e-08
1759811075843693152,171348,1759811075838515392,base_link,-0.00046637274179276155,0.0017491326557378156,0.021658211778535753,-0.9997638340935224,1.0,0.0,0.0,0.0,1.0,0.0,0.0,0.0,1.0,-0.07701697945594788,-0.032600484788417816,-0.018530376255512234,1.2184696791468346e-07,0.0,0.0,0.0,1.2184696791468346e-07,0.0,0.0,0.0,1.2184696791468346e-07,-0.19712604582309723,0.5114848613739026,9.992496490478516,8.999999999999999e-08,0.0,0.0,0.0,8.999999999999999e-08,0.0,0.0,0.0,8.999999999999999e-08
1759811075851843552,171349,1759811075843515392,base_link,-0.0002836417873512405,0.0018523693855317267,0.021802438294140004,-0.9997605466393386,1.0,0.0,0.0,0.0,1.0,0.0,0.0,0.0,1.0,-0.08506818860769272,-0.008740036748349674,-0.0543595515191555,1.2184696791468346e-07,0.0,0.0,0.0,1.2184696791468346e-07,0.0,0.0,0.0,1.2184696791468346e-07,0.2099006026983261,-0.9339433312416066,8.946972846984863,8.999999999999999e-08,0.0,0.0,0.0,8.999999999999999e-08,0.0,0.0,0.0,8.999999999999999e-08
1759811075859857568,171350,1759811075854515392,base_link,-3.244401836580257e-06,0.002008973409799668,0.02196145835357164,-0.9997568798635181,1.0,0.0,0.0,0.0,1.0,0.0,0.0,0.0,1.0,-0.04429462552070618,-0.0457521453499794,-0.02306342683732509,1.2184696791468346e-07,0.0,0.0,0.0,1.2184696791468346e-07,0.0,0.0,0.0,1.2184696791468346e-07,0.013561490923166275,0.4878527820110333,10.10458755493164,8.999999999999999e-08,0.0,0.0,0.0,8.999999999999999e-08,0.0,0.0,0.0,8.999999999999999e-08
1759811075867250944,171351,1759811075863514112,base_link,0.0001962850351868179,0.0020074689648711817,0.022076519250006345,-0.9997542667589104,1.0,0.0,0.0,0.0,1.0,0.0,0.0,0.0,1.0,-0.03831484541296959,-0.0558999739587307,-0.012526443228125565,1.2184696791468346e-07,0.0,0.0,0.0,1.2184696791468346e-07,0.0,0.0,0.0,1.2184696791468346e-07,0.06821851432323456,-0.7554891109466542,9.224138259887695,8.999999999999999e-08,0.0,0.0,0.0,8.999999999999999e-08,0.0,0.0,0.0,8.999999999999999e-08
1759811075876738240,171352,1759811075870514112,base_link,0.0004499559680714439,0.00215000195095512,0.02228952942238043,-0.9997492091370891,1.0,0.0,0.0,0.0,1.0,0.0,0.0,0.0,1.0,-0.03705649450421333,-0.03127948567271233,-0.038248546421527856,1.2184696791468346e-07,0.0,0.0,0.0,1.2184696791468346e-07,0.0,0.0,0.0,1.2184696791468346e-07,0.2912912368774414,0.0961214154958737,9.810294151306152,8.999999999999999e-08,0.0,0.0,0.0,8.999999999999999e-08,0.0,0.0,0.0,8.999999999999999e-08
1759811075884838368,171353,1759811075875514112,base_link,0.0004740370474129114,0.002340333579153587,0.022283544569891862,-0.999748871962301,1.0,0.0,0.0,0.0,1.0,0.0,0.0,0.0,1.0,-0.0429130494594574,-0.014287696219980722,-0.044992975890636444,1.2184696791468346e-07,0.0,0.0,0.0,1.2184696791468346e-07,0.0,0.0,0.0,1.2184696791468346e-07,0.08188742399215698,-0.26156780123710516,9.375511169433594,8.999999999999999e-08,0.0,0.0,0.0,8.999999999999999e-08,0.0,0.0,0.0,8.999999999999999e-08
1759811075887802560,171354,1759811075885514112,base_link,0.0006655774340557809,0.0024434266639266943,0.022467768444733,-0.9997444465432074,1.0,0.0,0.0,0.0,1.0,0.0,0.0,0.0,1.0,-0.027955278754234314,-0.03521183133125305,-0.023166883736848828,1.2184696791468346e-07,0.0,0.0,0.0,1.2184696791468346e-07,0.0,0.0,0.0,1.2184696791468346e-07,0.31423237919807434,0.003919183742256155,9.653802871704102,8.999999999999999e-08,0.0,0.0,0.0,8.999999999999999e-08,0.0,0.0,0.0,8.999999999999999e-08
1759811075899717536,171355,1759811075891514112,base_link,0.000777053955051635,0.002372680132932809,0.02263555504865488,-0.9997406954736899,1.0,0.0,0.0,0.0,1.0,0.0,0.0,0.0,1.0,-0.020436966791749,-0.02231474965810776,-0.04154929146170616,1.2184696791468346e-07,0.0,0.0,0.0,1.2184696791468346e-07,0.0,0.0,0.0,1.2184696791468346e-07,0.4720965027809143,-0.4240486621856678,9.408297538757324,8.999999999999999e-08,0.0,0.0,0.0,8.999999999999999e-08,0.0,0.0,0.0,8.999999999999999e-08
1759811075909296448,171356,1759811075901514112,base_link,0.0008634549944989678,0.002476958680138349,0.02283246512489774,-0.9997358907329597,1.0,0.0,0.0,0.0,1.0,0.0,0.0,0.0,1.0,-0.02174997329711914,-0.00938498135656119,-0.040670350193977356,1.2184696791468346e-07,0.0,0.0,0.0,1.2184696791468346e-07,0.0,0.0,0.0,1.2184696791468346e-07,0.4006337821483612,-0.17121540009975314,9.645601272583008,8.999999999999999e-08,0.0,0.0,0.0,8.999999999999999e-08,0.0,0.0,0.0,8.999999999999999e-08
1759811075911019616,171357,1759811075907514112,base_link,0.0008937985028390971,0.0025925423785943644,0.02287237819043761,-0.9997346684743529,1.0,0.0,0.0,0.0,1.0,0.0,0.0,0.0,1.0,-0.019922763109207153,-0.02329482510685921,-0.022726258262991902,1.2184696791468346e-07,0.0,0.0,0.0,1.2184696791468346e-07,0.0,0.0,0.0,1.2184696791468346e-07,-0.15501853823661804,0.27354323863983276,9.810568809509277,8.999999999999999e-08,0.0,0.0,0.0,8.999999999999999e-08,0.0,0.0,0.0,8.999999999999999e-08
1759811075918907328,171358,1759811075912514112,base_link,0.0009414403290426625,0.0025841827322919684,0.022982592199293595,-0.9997320975165938,1.0,0.0,0.0,0.0,1.0,0.0,0.0,0.0,1.0,-0.02151600830256939,-0.009085240773856643,-0.033546771854162216,1.2184696791468346e-07,0.0,0.0,0.0,1.2184696791468346e-07,0.0,0.0,0.0,1.2184696791468346e-07,0.43528833985328674,-0.56878501176834,9.37745189666748,8.999999999999999e-08,0.0,0.0,0.0,8.999999999999999e-08,0.0,0.0,0.0,8.999999999999999e-08
1759811075929540288,171359,1759811075917514112,base_link,0.00097842320079421,0.002659424735051534,0.02311910584162038,-0.9997287679155613,1.0,0.0,0.0,0.0,1.0,0.0,0.0,0.0,1.0,-0.013383923098444939,-0.019353330135345462,-0.042223427444696426,1.2184696791468346e-07,0.0,0.0,0.0,1.2184696791468346e-07,0.0,0.0,0.0,1.2184696791468346e-07,-0.21906797587871552,0.23958168923854947,9.733366966247559,8.999999999999999e-08,0.0,0.0,0.0,8.999999999999999e-08,0.0,0.0,0.0,8.999999999999999e-08
1759811075931782304,171360,1759811075922514112,base_link,0.001003194846370361,0.002659752196308128,0.023216422914832037,-0.9997264498388932,1.0,0.0,0.0,0.0,1.0,0.0,0.0,0.0,1.0,-0.004124508239328861,-0.012060583569109445,-0.043115559965372086,1.2184696791468346e-07,0.0,0.0,0.0,1.2184696791468346e-07,0.0,0.0,0.0,1.2184696791468346e-07,-0.21906797587871552,0.23958168923854947,9.733366966247559,8.999999999999999e-08,0.0,0.0,0.0,8.999999999999999e-08,0.0,0.0,0.0,8.999999999999999e-08
1759811075933882720,171361,1759811075928514112,base_link,0.0010111317894166956,0.0026797908825054073,0.023340713971090665,-0.999723541706346,1.0,0.0,0.0,0.0,1.0,0.0,0.0,0.0,1.0,-0.008381507359445095,-0.011927978135645395,-0.036038096994161606,1.2184696791468346e-07,0.0,0.0,0.0,1.2184696791468346e-07,0.0,0.0,0.0,1.2184696791468346e-07,-0.07796940952539444,0.279510408639909,9.620709419250488,8.999999999999999e-08,0.0,0.0,0.0,8.999999999999999e-08,0.0,0.0,0.0,8.999999999999999e-08
1759811075940041600,171362,1759811075933514112,base_link,0.0010130191779765742,0.0027181066483411118,0.02339971955900588,-0.9997220244197996,1.0,0.0,0.0,0.0,1.0,0.0,0.0,0.0,1.0,-0.012504855170845985,-0.001549911685287957,-0.03695167228579521,1.2184696791468346e-07,0.0,0.0,0.0,1.2184696791468346e-07,0.0,0.0,0.0,1.2184696791468346e-07,0.2989916503429413,-0.3296737670898426,9.488805770874023,8.999999999999999e-08,0.0,0.0,0.0,8.999999999999999e-08,0.0,0.0,0.0,8.999999999999999e-08
1759811075946792512,171363,1759811075942514112,base_link,0.001088135892643496,0.0026707541701307415,0.023562912156440054,-0.9997182312034336,1.0,0.0,0.0,0.0,1.0,0.0,0.0,0.0,1.0,0.00013336981646716595,-0.004958325065672403,-0.0407952256500721,1.2184696791468346e-07,0.0,0.0,0.0,1.2184696791468346e-07,0.0,0.0,0.0,1.2184696791468346e-07,-0.18043537437915802,0.1561377793550503,9.619367599487305,8.999999999999999e-08,0.0,0.0,0.0,8.999999999999999e-08,0.0,0.0,0.0,8.999999999999999e-08
1759811075952028704,171364,1759811075944514112,base_link,0.0010105950756426896,0.0027205603851778557,0.02364235896588313,-0.9997163345952507,1.0,0.0,0.0,0.0,1.0,0.0,0.0,0.0,1.0,-0.01724443957209587,0.008526723831892007,-0.053572848439216614,1.2184696791468346e-07,0.0,0.0,0.0,1.2184696791468346e-07,0.0,0.0,0.0,1.2184696791468346e-07,0.315640926361084,-0.2682577967643726,9.594146728515625,8.999999999999999e-08,0.0,0.0,0.0,8.999999999999999e-08,0.0,0.0,0.0,8.999999999999999e-08
1759811075954904832,171365,1759811075949514112,base_link,0.001131291549022556,0.002649112504282969,0.023831345434605966,-0.9997118670293085,1.0,0.0,0.0,0.0,1.0,0.0,0.0,0.0,1.0,-0.009277347475290298,0.0023445028346031844,-0.048250190913677216,1.2184696791468346e-07,0.0,0.0,0.0,1.2184696791468346e-07,0.0,0.0,0.0,1.2184696791468346e-07,0.315640926361084,-0.2682577967643726,9.594146728515625,8.999999999999999e-08,0.0,0.0,0.0,8.999999999999999e-08,0.0,0.0,0.0,8.999999999999999e-08
1759811075981301440,171366,1759811075959517696,base_link,0.001193312036013416,0.0026296629684661437,0.024007982876715114,-0.9997076101976089,1.0,0.0,0.0,0.0,1.0,0.0,0.0,0.0,1.0,-0.020401813089847565,0.012280764058232302,-0.041824813932180405,1.2184696791468346e-07,0.0,0.0,0.0,1.2184696791468346e-07,0.0,0.0,0.0,1.2184696791468346e-07,0.26856884360313416,-0.07582812756299855,9.62292194366455,8.999999999999999e-08,0.0,0.0,0.0,8.999999999999999e-08,0.0,0.0,0.0,8.999999999999999e-08
1759811075981500064,171367,1759811075965517696,base_link,0.001109868766905624,0.0027220505890813568,0.02402555811254417,-0.9997070622885783,1.0,0.0,0.0,0.0,1.0,0.0,0.0,0.0,1.0,0.004334396682679653,-0.0060847266577184235,-0.028170770034193993,1.2184696791468346e-07,0.0,0.0,0.0,1.2184696791468346e-07,0.0,0.0,0.0,1.2184696791468346e-07,-0.1906019151210785,0.02197265997529144,9.308226585388184,8.999999999999999e-08,0.0,0.0,0.0,8.999999999999999e-08,0.0,0.0,0.0,8.999999999999999e-08
1759811075981508992,171368,1759811075970517696,base_link,0.0012061767029768584,0.0025990350512166294,0.024281431629853786,-0.9997011195829382,1.0,0.0,0.0,0.0,1.0,0.0,0.0,0.0,1.0,0.007661308161914349,0.004147161729633802,-0.04632971063256264,1.2184696791468346e-07,0.0,0.0,0.0,1.2184696791468346e-07,0.0,0.0,0.0,1.2184696791468346e-07,0.17126508057117462,-0.12182557582855105,9.692481994628906,8.999999999999999e-08,0.0,0.0,0.0,8.999999999999999e-08,0.0,0.0,0.0,8.999999999999999e-08
1759811075985499584,171369,1759811075981517696,base_link,0.0012033969454496316,0.002569689361283189,0.024506495800901983,-0.9996956404926318,1.0,0.0,0.0,0.0,1.0,0.0,0.0,0.0,1.0,-0.010043767280876637,0.015591942705214017,-0.053338196128606796,1.2184696791468346e-07,0.0,0.0,0.0,1.2184696791468346e-07,0.0,0.0,0.0,1.2184696791468346e-07,-0.10279044508934021,-0.21425430476665386,9.0941743850708,8.999999999999999e-08,0.0,0.0,0.0,8.999999999999999e-08,0.0,0.0,0.0,8.999999999999999e-08
1759811075992791232,171370,1759811075986517696,base_link,0.0010776274979296153,0.0026835516655543696,0.024491322935438056,-0.9996958933737229,1.0,0.0,0.0,0.0,1.0,0.0,0.0,0.0,1.0,0.015275063924491405,-0.008264199830591684,-0.03738997131586075,1.2184696791468346e-07,0.0,0.0,0.0,1.2184696791468346e-07,0.0,0.0,0.0,1.2184696791468346e-07,0.1280193328857422,0.11093377321958658,9.560680389404297,8.999999999999999e-08,0.0,0.0,0.0,8.999999999999999e-08,0.0,0.0,0.0,8.999999999999999e-08
1759811075996857344,171371,1759811075991517696,base_link,0.0011765754977743207,0.002523003083160707,0.02476548818500142,-0.9996894449059006,1.0,0.0,0.0,0.0,1.0,0.0,0.0,0.0,1.0,-0.0011352243600413203,0.019463185220956795,-0.06570537388324738,1.2184696791468346e-07,0.0,0.0,0.0,1.2184696791468346e-07,0.0,0.0,0.0,1.2184696791468346e-07,-0.02165142074227333,-0.2986367940902699,8.935639381408691,8.999999999999999e-08,0.0,0.0,0.0,8.999999999999999e-08,0.0,0.0,0.0,8.999999999999999e-08
1759811076004892384,171372,1759811076002517696,base_link,0.0011541763822652726,0.0024593518341729224,0.024994345572415554,-0.9996839658155943,1.0,0.0,0.0,0.0,1.0,0.0,0.0,0.0,1.0,-0.007318990305066109,0.02505358681082725,-0.051577743142843246,1.2184696791468346e-07,0.0,0.0,0.0,1.2184696791468346e-07,0.0,0.0,0.0,1.2184696791468346e-07,0.13800965249538422,0.40549111366272095,9.756964683532715,8.999999999999999e-08,0.0,0.0,0.0,8.999999999999999e-08,0.0,0.0,0.0,8.999999999999999e-08
1759811076013889152,171373,1759811076007517696,base_link,0.0009990818243276911,0.002592374285108701,0.02498014208446738,-0.9996840922561397,1.0,0.0,0.0,0.0,1.0,0.0,0.0,0.0,1.0,0.022540930658578873,-0.009056953713297847,-0.03503221273422241,1.2184696791468346e-07,0.0,0.0,0.0,1.2184696791468346e-07,0.0,0.0,0.0,1.2184696791468346e-07,0.08203034102916718,0.1441290825605405,10.149776458740234,8.999999999999999e-08,0.0,0.0,0.0,8.999999999999999e-08,0.0,0.0,0.0,8.999999999999999e-08
1759811076019568128,171374,1759811076013517696,base_link,0.0010831112803656512,0.0024103952238591696,0.025229103518621235,-0.9996782338441967,1.0,0.0,0.0,0.0,1.0,0.0,0.0,0.0,1.0,0.009753263555467129,0.02124019339680671,-0.05925535783171654,1.2184696791468346e-07,0.0,0.0,0.0,1.2184696791468346e-07,0.0,0.0,0.0,1.2184696791468346e-07,-0.1931796669960022,-0.2631801962852466,9.791109085083008,8.999999999999999e-08,0.0,0.0,0.0,8.999999999999999e-08,0.0,0.0,0.0,8.999999999999999e-08
1759811076024976512,171375,1759811076018517696,base_link,0.0009404888145466909,0.002545706528550506,0.025280606967501534,-0.9996768008513475,1.0,0.0,0.0,0.0,1.0,0.0,0.0,0.0,1.0,0.007537251338362694,0.019398558884859078,-0.06426139175891876,1.2184696791468346e-07,0.0,0.0,0.0,1.2184696791468346e-07,0.0,0.0,0.0,1.2184696791468346e-07,0.14136239886283875,0.004512486048044094,10.779654502868652,8.999999999999999e-08,0.0,0.0,0.0,8.999999999999999e-08,0.0,0.0,0.0,8.999999999999999e-08
1759811076031063520,171376,1759811076023517696,base_link,0.0010753728061704095,0.0023434728608231403,0.025534794610870767,-0.9996706895583133,1.0,0.0,0.0,0.0,1.0,0.0,0.0,0.0,1.0,0.0031574631575495005,0.011760065332055087,-0.04505263268947601,1.2184696791468346e-07,0.0,0.0,0.0,1.2184696791468346e-07,0.0,0.0,0.0,1.2184696791468346e-07,0.14136239886283875,0.004512486048044094,10.779654502868652,8.999999999999999e-08,0.0,0.0,0.0,8.999999999999999e-08,0.0,0.0,0.0,8.999999999999999e-08
1759811076043412064,171377,1759811076033517696,base_link,0.0010182588461953065,0.002240502224169486,0.02570249692109562,-0.9996666856077048,1.0,0.0,0.0,0.0,1.0,0.0,0.0,0.0,1.0,-0.014348616823554039,0.03755313903093337,-0.04069564491510392,1.2184696791468346e-07,0.0,0.0,0.0,1.2184696791468346e-07,0.0,0.0,0.0,1.2184696791468346e-07,-0.35868552327156067,-0.0011810373980539947,9.808197021484375,8.999999999999999e-08,0.0,0.0,0.0,8.999999999999999e-08,0.0,0.0,0.0,8.999999999999999e-08
1759811076051947680,171378,1759811076044517696,base_link,0.0009160852953505017,0.0021401881560610342,0.025979233128418162,-0.9996598578182461,1.0,0.0,0.0,0.0,1.0,0.0,0.0,0.0,1.0,0.003415223676711321,0.00015011057257651738,-0.04456610977649689,1.2184696791468346e-07,0.0,0.0,0.0,1.2184696791468346e-07,0.0,0.0,0.0,1.2184696791468346e-07,0.17914706468582153,0.06530434638261924,10.552473068237305,8.999999999999999e-08,0.0,0.0,0.0,8.999999999999999e-08,0.0,0.0,0.0,8.999999999999999e-08
1759811076062124672,171379,1759811076055517696,base_link,0.0009034467561074881,0.0021129396422722964,0.02620417085892077,-0.9996539994063031,1.0,0.0,0.0,0.0,1.0,0.0,0.0,0.0,1.0,-0.009328123182058334,0.01901432685554027,-0.047657474875450134,1.2184696791468346e-07,0.0,0.0,0.0,1.2184696791468346e-07,0.0,0.0,0.0,1.2184696791468346e-07,0.004132326692342758,0.2550709545612348,10.235398292541504,8.999999999999999e-08,0.0,0.0,0.0,8.999999999999999e-08,0.0,0.0,0.0,8.999999999999999e-08
1759811076068122368,171380,1759811076060516928,base_link,0.0007832476484672756,0.0022781950480596706,0.026289981842488964,-0.9996514705953924,1.0,0.0,0.0,0.0,1.0,0.0,0.0,0.0,1.0,-0.013518719002604485,0.02545307017862796,-0.05569148808717728,1.2184696791468346e-07,0.0,0.0,0.0,1.2184696791468346e-07,0.0,0.0,0.0,1.2184696791468346e-07,-0.06770320236682892,-0.5754036903381337,9.489347457885742,8.999999999999999e-08,0.0,0.0,0.0,8.999999999999999e-08,0.0,0.0,0.0,8.999999999999999e-08
1759811076073457920,171381,1759811076065516928,base_link,0.0008924414895623348,0.002129492487752696,0.026481539268970976,-0.9996466237078135,1.0,0.0,0.0,0.0,1.0,0.0,0.0,0.0,1.0,0.02144053764641285,-0.0156649798154831,-0.05047546327114105,1.2184696791468346e-07,0.0,0.0,0.0,1.2184696791468346e-07,0.0,0.0,0.0,1.2184696791468346e-07,0.2499411702156067,0.11424028873443728,10.199237823486328,8.999999999999999e-08,0.0,0.0,0.0,8.999999999999999e-08,0.0,0.0,0.0,8.999999999999999e-08
1759811076083115904,171382,1759811076076516928,base_link,0.0008169886702421512,0.0020724599815014244,0.026718404557602216,-0.999640554561628,1.0,0.0,0.0,0.0,1.0,0.0,0.0,0.0,1.0,0.0029059997759759426,0.03495505824685096,-0.05281087756156922,1.2184696791468346e-07,0.0,0.0,0.0,1.2184696791468346e-07,0.0,0.0,0.0,1.2184696791468346e-07,0.42918628454208374,0.5742117166519178,10.494093894958496,8.999999999999999e-08,0.0,0.0,0.0,8.999999999999999e-08,0.0,0.0,0.0,8.999999999999999e-08
1759811076089131200,171383,1759811076081516928,base_link,0.0007589071025896627,0.0019814424627350694,0.026834856300037787,-0.9996376464290808,1.0,0.0,0.0,0.0,1.0,0.0,0.0,0.0,1.0,0.006016505882143974,0.053831014782190316,-0.03514089435338975,1.2184696791468346e-07,0.0,0.0,0.0,1.2184696791468346e-07,0.0,0.0,0.0,1.2184696791468346e-07,-0.15678372979164124,-0.4605749845504751,8.366982460021973,8.999999999999999e-08,0.0,0.0,0.0,8.999999999999999e-08,0.0,0.0,0.0,8.999999999999999e-08
1759811076092860992,171384,1759811076086516928,base_link,0.0006566596712828689,0.0019824126634314545,0.026900436796320724,-0.9996359605551404,1.0,0.0,0.0,0.0,1.0,0.0,0.0,0.0,1.0,0.05246412754058838,-0.0023354412987828302,-0.039038777351379395,1.2184696791468346e-07,0.0,0.0,0.0,1.2184696791468346e-07,0.0,0.0,0.0,1.2184696791468346e-07,-0.024978777393698692,-0.031261544674633615,10.753602981567383,8.999999999999999e-08,0.0,0.0,0.0,8.999999999999999e-08,0.0,0.0,0.0,8.999999999999999e-08
1759811076100797248,171385,1759811076092516928,base_link,0.0006215912707340906,0.0017920854804084167,0.02711580719221143,-0.999630565758531,1.0,0.0,0.0,0.0,1.0,0.0,0.0,0.0,1.0,0.015294482931494713,0.02984142489731311,-0.06566324830055237,1.2184696791468346e-07,0.0,0.0,0.0,1.2184696791468346e-07,0.0,0.0,0.0,1.2184696791468346e-07,-0.461956262588501,-0.2518586516380299,9.287161827087402,8.999999999999999e-08,0.0,0.0,0.0,8.999999999999999e-08,0.0,0.0,0.0,8.999999999999999e-08
1759811076108011232,171386,1759811076102516928,base_link,0.0006057813869357907,0.0016949487249148542,0.027371427828429985,-0.9996236958222237,1.0,0.0,0.0,0.0,1.0,0.0,0.0,0.0,1.0,-0.004448721185326576,0.030675711110234254,-0.05687421560287476,1.2184696791468346e-07,0.0,0.0,0.0,1.2184696791468346e-07,0.0,0.0,0.0,1.2184696791468346e-07,0.06325580924749374,0.09117320179939387,9.572656631469727,8.999999999999999e-08,0.0,0.0,0.0,8.999999999999999e-08,0.0,0.0,0.0,8.999999999999999e-08
1759811076116220480,171387,1759811076111516928,base_link,0.0004279346513148188,0.001918072535729289,0.02743485883543886,-0.9996217149203437,1.0,0.0,0.0,0.0,1.0,0.0,0.0,0.0,1.0,0.0014688338851556182,0.025600567460060116,-0.04139088839292526,1.2184696791468346e-07,0.0,0.0,0.0,1.2184696791468346e-07,0.0,0.0,0.0,1.2184696791468346e-07,0.061811573803424835,-0.08813416957855093,10.777005195617676,8.999999999999999e-08,0.0,0.0,0.0,8.999999999999999e-08,0.0,0.0,0.0,8.999999999999999e-08
1759811076122190208,171388,1759811076118516928,base_link,0.0003976984857294907,0.0018462428636558995,0.027751718842543766,-0.9996131169632475,1.0,0.0,0.0,0.0,1.0,0.0,0.0,0.0,1.0,0.021367443725466728,-0.01367971487343312,-0.05239515006542206,1.2184696791468346e-07,0.0,0.0,0.0,1.2184696791468346e-07,0.0,0.0,0.0,1.2184696791468346e-07,0.032224781811237335,-0.20349454879760623,9.791291236877441,8.999999999999999e-08,0.0,0.0,0.0,8.999999999999999e-08,0.0,0.0,0.0,8.999999999999999e-08
1759811076128879584,171389,1759811076123516928,base_link,0.00046638072664504043,0.0016566154664906564,0.027862565054127424,-0.9996103352712458,1.0,0.0,0.0,0.0,1.0,0.0,0.0,0.0,1.0,-0.0011763116344809532,0.031559508293867104,-0.049389965832233436,1.2184696791468346e-07,0.0,0.0,0.0,1.2184696791468346e-07,0.0,0.0,0.0,1.2184696791468346e-07,0.29830652475357056,0.28348535299301275,10.54468822479248,8.999999999999999e-08,0.0,0.0,0.0,8.999999999999999e-08,0.0,0.0,0.0,8.999999999999999e-08
1759811076135958816,171390,1759811076129516928,base_link,0.00035388840074562284,0.0017104576538730062,0.02800603292645853,-0.9996062891737887,1.0,0.0,0.0,0.0,1.0,0.0,0.0,0.0,1.0,-0.007168046198785305,0.032488599419593804,-0.037996977567672736,1.2184696791468346e-07,0.0,0.0,0.0,1.2184696791468346e-07,0.0,0.0,0.0,1.2184696791468346e-07,-0.06870925426483154,-0.192003697156905,9.300267219543457,8.999999999999999e-08,0.0,0.0,0.0,8.999999999999999e-08,0.0,0.0,0.0,8.999999999999999e-08
1759811076139909152,171391,1759811076134516928,base_link,0.0003899371682716286,0.0016619689805912068,0.02808522685481049,-0.9996041396845147,1.0,0.0,0.0,0.0,1.0,0.0,0.0,0.0,1.0,0.008600798435509205,0.002554458798840637,-0.03790965676307678,1.2184696791468346e-07,0.0,0.0,0.0,1.2184696791468346e-07,0.0,0.0,0.0,1.2184696791468346e-07,0.10092288255691528,0.14643082022667064,10.91602611541748,8.999999999999999e-08,0.0,0.0,0.0,8.999999999999999e-08,0.0,0.0,0.0,8.999999999999999e-08
1759811076147072608,171392,1759811076139516928,base_link,0.0003675787178859485,0.0015679784214845318,0.02825250769655024,-0.999599545678027,1.0,0.0,0.0,0.0,1.0,0.0,0.0,0.0,1.0,-0.014307341538369656,0.01627904921770095,-0.046915315091609955,1.2184696791468346e-07,0.0,0.0,0.0,1.2184696791468346e-07,0.0,0.0,0.0,1.2184696791468346e-07,-0.2288089543581009,-0.2471902817487706,8.701024055480957,8.999999999999999e-08,0.0,0.0,0.0,8.999999999999999e-08,0.0,0.0,0.0,8.999999999999999e-08
1759811076152620704,171393,1759811076145516928,base_link,0.00030695088789334485,0.0016784236617808852,0.028334483316903927,-0.9995970590139648,1.0,0.0,0.0,0.0,1.0,0.0,0.0,0.0,1.0,0.007477584294974804,-0.014037001878023155,-0.05908919870853424,1.2184696791468346e-07,0.0,0.0,0.0,1.2184696791468346e-07,0.0,0.0,0.0,1.2184696791468346e-07,0.259367436170578,0.2248172610998167,10.783271789550781,8.999999999999999e-08,0.0,0.0,0.0,8.999999999999999e-08,0.0,0.0,0.0,8.999999999999999e-08
1759811076161362752,171394,1759811076156516928,base_link,0.00019999058281517268,0.001719326848988454,0.02850644245882835,-0.9995921699795375,1.0,0.0,0.0,0.0,1.0,0.0,0.0,0.0,1.0,0.036298442631959915,-0.024159045889973644,-0.027031507343053814,1.2184696791468346e-07,0.0,0.0,0.0,1.2184696791468346e-07,0.0,0.0,0.0,1.2184696791468346e-07,0.12909038364887238,0.030258499085904444,10.416425704956055,8.999999999999999e-08,0.0,0.0,0.0,8.999999999999999e-08,0.0,0.0,0.0,8.999999999999999e-08
1759811076166618592,171395,1759811076160515904,base_link,0.0002778404218263498,0.0014394118473258911,0.02863583328375682,-0.9995888825253537,1.0,0.0,0.0,0.0,1.0,0.0,0.0,0.0,1.0,0.018502941355109215,0.01348330825567245,-0.040981635451316833,1.2184696791468346e-07,0.0,0.0,0.0,1.2184696791468346e-07,0.0,0.0,0.0,1.2184696791468346e-07,0.020646505057811737,-0.3411122560501087,9.73749828338623,8.999999999999999e-08,0.0,0.0,0.0,8.999999999999999e-08,0.0,0.0,0.0,8.999999999999999e-08
1759811076175568608,171396,1759811076166515904,base_link,3.8402446756627375e-05,0.001714011489310335,0.028764001850078415,-0.9995847942810482,1.0,0.0,0.0,0.0,1.0,0.0,0.0,0.0,1.0,0.03424238786101341,-0.003299414645880468,-0.061576277017593384,1.2184696791468346e-07,0.0,0.0,0.0,1.2184696791468346e-07,0.0,0.0,0.0,1.2184696791468346e-07,0.0772494226694107,-0.3918679654598224,10.191985130310059,8.999999999999999e-08,0.0,0.0,0.0,8.999999999999999e-08,0.0,0.0,0.0,8.999999999999999e-08
1759811076179413856,171397,1759811076171515904,base_link,0.00015122581474840145,0.001489786592078553,0.02890616317010568,-0.9995810432115306,1.0,0.0,0.0,0.0,1.0,0.0,0.0,0.0,1.0,0.047903452068567276,-0.022116586565971378,-0.0365779772400856,1.2184696791468346e-07,0.0,0.0,0.0,1.2184696791468346e-07,0.0,0.0,0.0,1.2184696791468346e-07,0.07422449439764023,0.3428964614868176,10.146125793457031,8.999999999999999e-08,0.0,0.0,0.0,8.999999999999999e-08,0.0,0.0,0.0,8.999999999999999e-08
1759811076186383136,171398,1759811076182515904,base_link,-2.045184055791531e-05,0.0015686093071231794,0.029103410421136688,-0.9995752269464362,1.0,0.0,0.0,0.0,1.0,0.0,0.0,0.0,1.0,0.00473468704149127,0.02260991185903549,-0.036534443497657776,1.2184696791468346e-07,0.0,0.0,0.0,1.2184696791468346e-07,0.0,0.0,0.0,1.2184696791468346e-07,0.2558261454105377,0.26126968860626354,10.833465576171875,8.999999999999999e-08,0.0,0.0,0.0,8.999999999999999e-08,0.0,0.0,0.0,8.999999999999999e-08
1759811076192096096,171399,1759811076187515904,base_link,-0.00016755636029820614,0.0016592956603200826,0.02926542290681256,-0.9995703379120089,1.0,0.0,0.0,0.0,1.0,0.0,0.0,0.0,1.0,0.036883652210235596,-0.022301618009805683,-0.0409964844584465,1.2184696791468346e-07,0.0,0.0,0.0,1.2184696791468346e-07,0.0,0.0,0.0,1.2184696791468346e-07,-0.16501018404960632,-0.3315139412879933,8.920220375061035,8.999999999999999e-08,0.0,0.0,0.0,8.999999999999999e-08,0.0,0.0,0.0,8.999999999999999e-08
1759811076206049568,171400,1759811076197515904,base_link,-0.0002824956317941288,0.0015771515760494455,0.0294729118420317,-0.9995643109126718,1.0,0.0,0.0,0.0,1.0,0.0,0.0,0.0,1.0,0.030630232766270638,-0.012976687401533132,-0.04258669167757034,1.2184696791468346e-07,0.0,0.0,0.0,1.2184696791468346e-07,0.0,0.0,0.0,1.2184696791468346e-07,-0.16388213634490967,-0.21526217460632216,8.78458309173584,8.999999999999999e-08,0.0,0.0,0.0,8.999999999999999e-08,0.0,0.0,0.0,8.999999999999999e-08
1759811076207710912,171401,1759811076203515904,base_link,-0.0003867454088364759,0.0017264936242327028,0.0294590033820231,-0.9995644795000659,1.0,0.0,0.0,0.0,1.0,0.0,0.0,0.0,1.0,0.03890662640333176,-0.03413304314017296,-0.020325683057308194,1.2184696791468346e-07,0.0,0.0,0.0,1.2184696791468346e-07,0.0,0.0,0.0,1.2184696791468346e-07,0.09749190509319305,0.36253651976585527,11.180768013000488,8.999999999999999e-08,0.0,0.0,0.0,8.999999999999999e-08,0.0,0.0,0.0,8.999999999999999e-08
1759811076215281312,171402,1759811076208515904,base_link,-0.000364278915992455,0.0015663434201073378,0.02962834941933984,-0.9995597590530326,1.0,0.0,0.0,0.0,1.0,0.0,0.0,0.0,1.0,0.01357964240014553,-0.0015584897482767732,-0.02463081292808056,1.2184696791468346e-07,0.0,0.0,0.0,1.2184696791468346e-07,0.0,0.0,0.0,1.2184696791468346e-07,-0.28901737928390503,-0.26229518651962175,8.798504829406738,8.999999999999999e-08,0.0,0.0,0.0,8.999999999999999e-08,0.0,0.0,0.0,8.999999999999999e-08
1759811076219953952,171403,1759811076213515904,base_link,-0.0006031270409781836,0.0018013613679165755,0.029621816657820682,-0.9995594640250931,1.0,0.0,0.0,0.0,1.0,0.0,0.0,0.0,1.0,0.05174141004681587,-0.03821926563978195,-0.02789204195141792,1.2184696791468346e-07,0.0,0.0,0.0,1.2184696791468346e-07,0.0,0.0,0.0,1.2184696791468346e-07,0.3086790144443512,0.2649261653423323,11.186970710754395,8.999999999999999e-08,0.0,0.0,0.0,8.999999999999999e-08,0.0,0.0,0.0,8.999999999999999e-08
1759811076230999904,171404,1759811076224515904,base_link,-0.0007821524889503811,0.0017819916394623116,0.029715509102060392,-0.9995565558925459,1.0,0.0,0.0,0.0,1.0,0.0,0.0,0.0,1.0,0.04421573132276535,-0.017871666699647903,-0.008716730400919913,1.2184696791468346e-07,0.0,0.0,0.0,1.2184696791468346e-07,0.0,0.0,0.0,1.2184696791468346e-07,0.06473401933908463,-0.059618603438137664,10.582053184509277,8.999999999999999e-08,0.0,0.0,0.0,8.999999999999999e-08,0.0,0.0,0.0,8.999999999999999e-08
1759811076233812384,171405,1759811076229515904,base_link,-0.000670432676917859,0.0014162449512385988,0.029835121858134292,-0.9995536899068471,1.0,0.0,0.0,0.0,1.0,0.0,0.0,0.0,1.0,0.014730539172887802,0.046198204159736626,-0.02957402169704438,1.2184696791468346e-07,0.0,0.0,0.0,1.2184696791468346e-07,0.0,0.0,0.0,1.2184696791468346e-07,-0.24742437899112701,-0.04708196222782017,9.65230655670166,8.999999999999999e-08,0.0,0.0,0.0,8.999999999999999e-08,0.0,0.0,0.0,8.999999999999999e-08
1759811076241518496,171406,1759811076234515904,base_link,-0.0009815714139735335,0.001733374796955646,0.02988721536289375,-0.9995513296833305,1.0,0.0,0.0,0.0,1.0,0.0,0.0,0.0,1.0,0.05985882505774498,-0.02410385385155678,-0.0308455154299736,1.2184696791468346e-07,0.0,0.0,0.0,1.2184696791468346e-07,0.0,0.0,0.0,1.2184696791468346e-07,-0.10971599817276001,-0.32081261277198664,10.482843399047852,8.999999999999999e-08,0.0,0.0,0.0,8.999999999999999e-08,0.0,0.0,0.0,8.999999999999999e-08
1759811076244786528,171407,1759811076240515904,base_link,-0.0008816878487576593,0.0014433590190501284,0.029986302603742875,-0.9995489273129653,1.0,0.0,0.0,0.0,1.0,0.0,0.0,0.0,1.0,0.016526708379387856,0.03683554008603095,-0.04111571609973908,1.2184696791468346e-07,0.0,0.0,0.0,1.2184696791468346e-07,0.0,0.0,0.0,1.2184696791468346e-07,0.11248135566711426,0.45579910278320435,10.109031677246094,8.999999999999999e-08,0.0,0.0,0.0,8.999999999999999e-08,0.0,0.0,0.0,8.999999999999999e-08
1759811076250922912,171408,1759811076245515904,base_link,-0.0011690409460017599,0.0017588683513691573,0.0300378903463202,-0.9995465670894488,1.0,0.0,0.0,0.0,1.0,0.0,0.0,0.0,1.0,0.05460211634635925,-0.03353891894221306,-0.026607429608702656,1.2184696791468346e-07,0.0,0.0,0.0,1.2184696791468346e-07,0.0,0.0,0.0,1.2184696791468346e-07,-0.04608684778213501,-0.17375032603740567,10.220778465270996,8.999999999999999e-08,0.0,0.0,0.0,8.999999999999999e-08,0.0,0.0,0.0,8.999999999999999e-08
1759811076256565664,171409,1759811076250515904,base_link,-0.0010693492436123836,0.0015620892431652854,0.030052135981116883,-0.9995465670894488,1.0,0.0,0.0,0.0,1.0,0.0,0.0,0.0,1.0,0.01636556349694729,-0.0021735727787017835,-0.008914245292544365,1.2184696791468346e-07,0.0,0.0,0.0,1.2184696791468346e-07,0.0,0.0,0.0,1.2184696791468346e-07,0.3036206364631653,0.4893053174018873,11.056048393249512,8.999999999999999e-08,0.0,0.0,0.0,8.999999999999999e-08,0.0,0.0,0.0,8.999999999999999e-08
1759811076264191712,171410,1759811076256515904,base_link,-0.001254376748548399,0.0017820043781826376,0.030133774426682483,-0.9995434903695074,1.0,0.0,0.0,0.0,1.0,0.0,0.0,0.0,1.0,0.030359594151377678,-0.023865632712841037,-0.02281209826469421,1.2184696791468346e-07,0.0,0.0,0.0,1.2184696791468346e-07,0.0,0.0,0.0,1.2184696791468346e-07,-0.32090744376182556,-0.4187113940715778,9.3432035446167,8.999999999999999e-08,0.0,0.0,0.0,8.999999999999999e-08,0.0,0.0,0.0,8.999999999999999e-08
1759811076268702272,171411,1759811076261514880,base_link,-0.0012848960574028858,0.001583648745295929,0.03014540695687148,-0.9995434903695074,1.0,0.0,0.0,0.0,1.0,0.0,0.0,0.0,1.0,0.05658537149429321,-0.018664455041289333,-0.02296884916722774,1.2184696791468346e-07,0.0,0.0,0.0,1.2184696791468346e-07,0.0,0.0,0.0,1.2184696791468346e-07,0.35199791193008423,0.40512755513191356,10.848654747009277,8.999999999999999e-08,0.0,0.0,0.0,8.999999999999999e-08,0.0,0.0,0.0,8.999999999999999e-08
1759811076271020224,171412,1759811076266514880,base_link,-0.0013764374277458252,0.0016444046827748511,0.030338144495111807,-0.9995374633701704,1.0,0.0,0.0,0.0,1.0,0.0,0.0,0.0,1.0,0.026083651930093765,0.012809775769710534,-0.050470173358917236,1.2184696791468346e-07,0.0,0.0,0.0,1.2184696791468346e-07,0.0,0.0,0.0,1.2184696791468346e-07,-0.1875118911266327,-0.3179558813571918,9.467427253723145,8.999999999999999e-08,0.0,0.0,0.0,8.999999999999999e-08,0.0,0.0,0.0,8.999999999999999e-08
1759811076277935616,171413,1759811076271514880,base_link,-0.0013824056725650615,0.0016079372661574113,0.030311971302186547,-0.9995382641602921,1.0,0.0,0.0,0.0,1.0,0.0,0.0,0.0,1.0,0.038022153079509735,-0.018125183880329132,-0.013463024981319903,1.2184696791468346e-07,0.0,0.0,0.0,1.2184696791468346e-07,0.0,0.0,0.0,1.2184696791468346e-07,0.4534608721733093,0.6297085881233229,10.886040687561035,8.999999999999999e-08,0.0,0.0,0.0,8.999999999999999e-08,0.0,0.0,0.0,8.999999999999999e-08
1759811076286562592,171414,1759811076277514880,base_link,-0.0014282721399482901,0.0015737029996909355,0.030417211982918232,-0.9995350188529568,1.0,0.0,0.0,0.0,1.0,0.0,0.0,0.0,1.0,0.004744993057101965,0.03145132586359978,-0.015140172094106678,1.2184696791468346e-07,0.0,0.0,0.0,1.2184696791468346e-07,0.0,0.0,0.0,1.2184696791468346e-07,-0.4139423370361328,-0.24767610430717363,8.67462158203125,8.999999999999999e-08,0.0,0.0,0.0,8.999999999999999e-08,0.0,0.0,0.0,8.999999999999999e-08
1759811076291718848,171415,1759811076286514880,base_link,-0.0015906564048681967,0.0016809867838893805,0.030379912021986106,-0.9995357353493814,1.0,0.0,0.0,0.0,1.0,0.0,0.0,0.0,1.0,0.03848240524530411,-0.03007333911955357,-0.021629754453897473,1.2184696791468346e-07,0.0,0.0,0.0,1.2184696791468346e-07,0.0,0.0,0.0,1.2184696791468346e-07,0.18129220604896545,-0.04026081040501462,10.844832420349121,8.999999999999999e-08,0.0,0.0,0.0,8.999999999999999e-08,0.0,0.0,0.0,8.999999999999999e-08
1759811076298296352,171416,1759811076293514880,base_link,-0.0017565921038531736,0.001799132697668973,0.030521272551891666,-0.9995310149023483,1.0,0.0,0.0,0.0,1.0,0.0,0.0,0.0,1.0,0.04529716074466705,-0.0368020199239254,-0.017248373478651043,1.2184696791468346e-07,0.0,0.0,0.0,1.2184696791468346e-07,0.0,0.0,0.0,1.2184696791468346e-07,0.3685816824436188,0.2967847883701337,10.326010704040527,8.999999999999999e-08,0.0,0.0,0.0,8.999999999999999e-08,0.0,0.0,0.0,8.999999999999999e-08
1759811076303337248,171417,1759811076298514880,base_link,-0.0016851429328798855,0.0016401699869170133,0.03064223400711792,-0.9995277274481643,1.0,0.0,0.0,0.0,1.0,0.0,0.0,0.0,1.0,0.008771260268986225,0.013623962178826329,-0.02351277507841587,1.2184696791468346e-07,0.0,0.0,0.0,1.2184696791468346e-07,0.0,0.0,0.0,1.2184696791468346e-07,-0.02795008197426796,0.25094351172447316,9.248113632202148,8.999999999999999e-08,0.0,0.0,0.0,8.999999999999999e-08,0.0,0.0,0.0,8.999999999999999e-08
1759811076310088320,171418,1759811076303514880,base_link,-0.0018440850821230472,0.0018080259399487202,0.030557856016399106,-0.9995296662031958,1.0,0.0,0.0,0.0,1.0,0.0,0.0,0.0,1.0,0.017903095111250877,-0.010351649485528469,-0.004521194379776715,1.2184696791468346e-07,0.0,0.0,0.0,1.2184696791468346e-07,0.0,0.0,0.0,1.2184696791468346e-07,0.31338948011398315,-0.027546860277651488,10.22488021850586,8.999999999999999e-08,0.0,0.0,0.0,8.999999999999999e-08,0.0,0.0,0.0,8.999999999999999e-08
1759811076315943104,171419,1759811076308514880,base_link,-0.0017431555514368761,0.0015894359315345018,0.030694664686665468,-0.999526041574224,1.0,0.0,0.0,0.0,1.0,0.0,0.0,0.0,1.0,0.007419055327773094,0.009105197153985499,-0.010319381020963194,1.2184696791468346e-07,0.0,0.0,0.0,1.2184696791468346e-07,0.0,0.0,0.0,1.2184696791468346e-07,-0.21626920998096466,0.06840239465236778,9.237078666687012,8.999999999999999e-08,0.0,0.0,0.0,8.999999999999999e-08,0.0,0.0,0.0,8.999999999999999e-08
1759811076322778176,171420,1759811076314514880,base_link,-0.001885401242334328,0.0017387983585833537,0.030696519147999955,-0.9995255358120418,1.0,0.0,0.0,0.0,1.0,0.0,0.0,0.0,1.0,0.0037466823123395443,0.019071459770202633,-0.04057969152927399,1.2184696791468346e-07,0.0,0.0,0.0,1.2184696791468346e-07,0.0,0.0,0.0,1.2184696791468346e-07,0.04198520630598068,-0.05580111593007919,9.993062019348145,8.999999999999999e-08,0.0,0.0,0.0,8.999999999999999e-08,0.0,0.0,0.0,8.999999999999999e-08
1759811076330627360,171421,1759811076325514880,base_link,-0.0019518317600858367,0.001711013537466049,0.030829534601900323,-0.9995213211271907,1.0,0.0,0.0,0.0,1.0,0.0,0.0,0.0,1.0,0.0234895721077919,-0.012978902086615564,-0.017814094200730324,1.2184696791468346e-07,0.0,0.0,0.0,1.2184696791468346e-07,0.0,0.0,0.0,1.2184696791468346e-07,0.06114724278450012,-0.08021892607211946,9.854948043823242,8.999999999999999e-08,0.0,0.0,0.0,8.999999999999999e-08,0.0,0.0,0.0,8.999999999999999e-08
1759811076333254880,171422,1759811076330514880,base_link,-0.0018974033034552555,0.0016152039549512307,0.03087480031720104,-0.9995202253091294,1.0,0.0,0.0,0.0,1.0,0.0,0.0,0.0,1.0,0.005301790311932564,0.003452407661825416,-0.0200808122754097,1.2184696791468346e-07,0.0,0.0,0.0,1.2184696791468346e-07,0.0,0.0,0.0,1.2184696791468346e-07,-0.08824770152568817,0.19892938435077792,10.290695190429688,8.999999999999999e-08,0.0,0.0,0.0,8.999999999999999e-08,0.0,0.0,0.0,8.999999999999999e-08
1759811076339888032,171423,1759811076335514880,base_link,-0.0019697794748624493,0.0017665149380260191,0.030894904363940708,-0.9995191716379167,1.0,0.0,0.0,0.0,1.0,0.0,0.0,0.0,1.0,0.019527046009898186,-0.03145233541727066,-0.004985040053725239,1.2184696791468346e-07,0.0,0.0,0.0,1.2184696791468346e-07,0.0,0.0,0.0,1.2184696791468346e-07,-0.13006111979484558,-0.5545607209205615,9.817955017089844,8.999999999999999e-08,0.0,0.0,0.0,8.999999999999999e-08,0.0,0.0,0.0,8.999999999999999e-08
1759811076347127168,171424,1759811076340514880,base_link,-0.0018771889710899878,0.0017028213055252917,0.03097869229878037,-0.9995168957080971,1.0,0.0,0.0,0.0,1.0,0.0,0.0,0.0,1.0,-0.0049192775040864944,-0.013176554813981058,-0.010065723210573195,1.2184696791468346e-07,0.0,0.0,0.0,1.2184696791468346e-07,0.0,0.0,0.0,1.2184696791468346e-07,-0.007529843598604202,0.4971074461936963,10.077990531921387,8.999999999999999e-08,0.0,0.0,0.0,8.999999999999999e-08,0.0,0.0,0.0,8.999999999999999e-08
1759811076355179232,171425,1759811076346514880,base_link,-0.0019187759590163964,0.001753007433870085,0.031023747279838535,-0.9995153362747021,1.0,0.0,0.0,0.0,1.0,0.0,0.0,0.0,1.0,-0.010047761723399162,0.007424020674079653,-0.02868945710361004,1.2184696791468346e-07,0.0,0.0,0.0,1.2184696791468346e-07,0.0,0.0,0.0,1.2184696791468346e-07,0.07131659984588623,-0.27618506550788763,9.370840072631836,8.999999999999999e-08,0.0,0.0,0.0,8.999999999999999e-08,0.0,0.0,0.0,8.999999999999999e-08
1759811076359009792,171426,1759811076351514880,base_link,-0.0018669771374896166,0.0016989982385715353,0.03107428135120308,-0.9995139454287013,1.0,0.0,0.0,0.0,1.0,0.0,0.0,0.0,1.0,0.0010479449992999434,-0.007243883796036244,-0.008133150637149809,1.2184696791468346e-07,0.0,0.0,0.0,1.2184696791468346e-07,0.0,0.0,0.0,1.2184696791468346e-07,0.2483203113079071,0.5229393243789685,10.119763374328613,8.999999999999999e-08,0.0,0.0,0.0,8.999999999999999e-08,0.0,0.0,0.0,8.999999999999999e-08
1759811076367127424,171427,1759811076361513856,base_link,-0.0018903727543163377,0.0017030718302617895,0.0311277657019634,-0.9995122174079124,1.0,0.0,0.0,0.0,1.0,0.0,0.0,0.0,1.0,0.0049255117774009705,0.0003994031576439729,-0.007322858553379774,1.2184696791468346e-07,0.0,0.0,0.0,1.2184696791468346e-07,0.0,0.0,0.0,1.2184696791468346e-07,0.02159547060728073,0.20029695332050446,10.05812931060791,8.999999999999999e-08,0.0,0.0,0.0,8.999999999999999e-08,0.0,0.0,0.0,8.999999999999999e-08
1759811076373123200,171428,1759811076367513856,base_link,-0.001919123716820522,0.0017312322841374719,0.031226768649115503,-0.999509056394274,1.0,0.0,0.0,0.0,1.0,0.0,0.0,0.0,1.0,0.006215153727680445,-0.007719572633504872,-0.0323706679046154,1.2184696791468346e-07,0.0,0.0,0.0,1.2184696791468346e-07,0.0,0.0,0.0,1.2184696791468346e-07,-0.1148144006729126,-0.3270730078220356,9.378491401672363,8.999999999999999e-08,0.0,0.0,0.0,8.999999999999999e-08,0.0,0.0,0.0,8.999999999999999e-08
1759811076379901664,171429,1759811076372513856,base_link,-0.0019454422885908033,0.0017899644063009046,0.0312395391442143,-0.9995085084852434,1.0,0.0,0.0,0.0,1.0,0.0,0.0,0.0,1.0,0.018846580758690834,-0.026515085250139236,-0.008087797090411183,1.2184696791468346e-07,0.0,0.0,0.0,1.2184696791468346e-07,0.0,0.0,0.0,1.2184696791468346e-07,0.14393801987171173,0.4467391073703778,9.863053321838379,8.999999999999999e-08,0.0,0.0,0.0,8.999999999999999e-08,0.0,0.0,0.0,8.999999999999999e-08
1759811076387122752,171430,1759811076383513856,base_link,-0.0019943703191018856,0.0018478243068430302,0.03128918813176017,-0.999506738317606,1.0,0.0,0.0,0.0,1.0,0.0,0.0,0.0,1.0,0.006300829350948334,-0.010574170388281347,-0.012327922508120535,1.2184696791468346e-07,0.0,0.0,0.0,1.2184696791468346e-07,0.0,0.0,0.0,1.2184696791468346e-07,0.09001490473747253,0.3920632004737866,9.955830574035645,8.999999999999999e-08,0.0,0.0,0.0,8.999999999999999e-08,0.0,0.0,0.0,8.999999999999999e-08
1759811076397566912,171431,1759811076388513856,base_link,-0.0019691120605831247,0.0018387895186530987,0.031330449896452284,-0.9995055160589992,1.0,0.0,0.0,0.0,1.0,0.0,0.0,0.0,1.0,-4.7585577704012394e-05,0.0022250409238040434,-0.010865031741559505,1.2184696791468346e-07,0.0,0.0,0.0,1.2184696791468346e-07,0.0,0.0,0.0,1.2184696791468346e-07,0.04694704711437225,-0.28716772794723394,9.590256690979004,8.999999999999999e-08,0.0,0.0,0.0,8.999999999999999e-08,0.0,0.0,0.0,8.999999999999999e-08
1759811076399761952,171432,1759811076393513856,base_link,-0.00201063451629263,0.0018319865172212047,0.03136576895550444,-0.9995043359472409,1.0,0.0,0.0,0.0,1.0,0.0,0.0,0.0,1.0,0.008833029307425022,0.004355884157121181,-0.010478014126420021,1.2184696791468346e-07,0.0,0.0,0.0,1.2184696791468346e-07,0.0,0.0,0.0,1.2184696791468346e-07,0.07294154912233353,0.2862915098667157,9.8097562789917,8.999999999999999e-08,0.0,0.0,0.0,8.999999999999999e-08,0.0,0.0,0.0,8.999999999999999e-08
1759811076407958912,171433,1759811076404513856,base_link,-0.002054083574829512,0.0018419546379048327,0.031457101176227534,-0.9995013435209965,1.0,0.0,0.0,0.0,1.0,0.0,0.0,0.0,1.0,0.008983525447547436,-0.0020919046364724658,-0.01820853166282177,1.2184696791468346e-07,0.0,0.0,0.0,1.2184696791468346e-07,0.0,0.0,0.0,1.2184696791468346e-07,0.006317805498838425,-0.10124413669109224,9.881770133972168,8.999999999999999e-08,0.0,0.0,0.0,8.999999999999999e-08,0.0,0.0,0.0,8.999999999999999e-08
1759811076413993056,171434,1759811076409513856,base_link,-0.0020752133972482133,0.0018612064354433778,0.03154771690052599,-0.9994983932416008,1.0,0.0,0.0,0.0,1.0,0.0,0.0,0.0,1.0,0.006437643896788359,-0.005829756148159507,-0.02720155566930771,1.2184696791468346e-07,0.0,0.0,0.0,1.2184696791468346e-07,0.0,0.0,0.0,1.2184696791468346e-07,0.0788789838552475,-0.04714493080973505,9.7747802734375,8.999999999999999e-08,0.0,0.0,0.0,8.999999999999999e-08,0.0,0.0,0.0,8.999999999999999e-08
1759811076419679936,171435,1759811076414513856,base_link,-0.0021168823070824385,0.0018939583233672638,0.03154914989337532,-0.9994982246542068,1.0,0.0,0.0,0.0,1.0,0.0,0.0,0.0,1.0,0.015586627647280693,-0.005602083634585144,-0.01112645585089922,1.2184696791468346e-07,0.0,0.0,0.0,1.2184696791468346e-07,0.0,0.0,0.0,1.2184696791468346e-07,0.062139593064785004,0.09040693193674208,9.853728294372559,8.999999999999999e-08,0.0,0.0,0.0,8.999999999999999e-08,0.0,0.0,0.0,8.999999999999999e-08
1759811076427590432,171436,1759811076420513856,base_link,-0.0021446553309922684,0.0019109442647592411,0.03158615482636792,-0.9994969602487515,1.0,0.0,0.0,0.0,1.0,0.0,0.0,0.0,1.0,0.01622154749929905,-0.013208958320319654,-0.008810923434793947,1.2184696791468346e-07,0.0,0.0,0.0,1.2184696791468346e-07,0.0,0.0,0.0,1.2184696791468346e-07,0.07910989224910736,0.03685939684510352,9.87047290802002,8.999999999999999e-08,0.0,0.0,0.0,8.999999999999999e-08,0.0,0.0,0.0,8.999999999999999e-08
1759811076435536480,171437,1759811076425513856,base_link,-0.002158581746628464,0.001912451827484383,0.0315984617061331,-0.9994965387802663,1.0,0.0,0.0,0.0,1.0,0.0,0.0,0.0,1.0,0.009143716655671597,-0.0072354935109615335,-0.008409106172621248,1.2184696791468346e-07,0.0,0.0,0.0,1.2184696791468346e-07,0.0,0.0,0.0,1.2184696791468346e-07,0.2235640585422516,0.02496325969696161,9.501789093017578,8.999999999999999e-08,0.0,0.0,0.0,8.999999999999999e-08,0.0,0.0,0.0,8.999999999999999e-08
1759811076439526912,171438,1759811076434513856,base_link,-0.0021560292795643125,0.0019112795668113837,0.03160486802710672,-0.9994963701928723,1.0,0.0,0.0,0.0,1.0,0.0,0.0,0.0,1.0,0.005874439142644405,-0.00513831852003932,8.92649404704577e-05,1.2184696791468346e-07,0.0,0.0,0.0,1.2184696791468346e-07,0.0,0.0,0.0,1.2184696791468346e-07,0.2235640585422516,0.02496325969696161,9.501789093017578,8.999999999999999e-08,0.0,0.0,0.0,8.999999999999999e-08,0.0,0.0,0.0,8.999999999999999e-08
1759811076442821440,171439,1759811076436513856,base_link,-0.002162431762458258,0.0018931991141573812,0.031610895026443805,-0.9994961594586297,1.0,0.0,0.0,0.0,1.0,0.0,0.0,0.0,1.0,-0.003178164828568697,0.011430029757320881,-0.003385718679055573,1.2184696791468346e-07,0.0,0.0,0.0,1.2184696791468346e-07,0.0,0.0,0.0,1.2184696791468346e-07,-0.031709663569927216,-0.014115723781286518,9.406875610351562,8.999999999999999e-08,0.0,0.0,0.0,8.999999999999999e-08,0.0,0.0,0.0,8.999999999999999e-08
1759811076447985056,171440,1759811076441513856,base_link,-0.002205956111153967,0.0018733599772357784,0.031638796240158015,-0.9994952322279625,1.0,0.0,0.0,0.0,1.0,0.0,0.0,0.0,1.0,0.017821604385972023,-0.0019065953092649596,-0.014146889559924603,1.2184696791468346e-07,0.0,0.0,0.0,1.2184696791468346e-07,0.0,0.0,0.0,1.2184696791468346e-07,0.07781095802783966,0.17928671836853147,9.682205200195312,8.999999999999999e-08,0.0,0.0,0.0,8.999999999999999e-08,0.0,0.0,0.0,8.999999999999999e-08
1759811076456673760,171441,1759811076451513856,base_link,-0.0023000310874347588,0.001884105530290596,0.03172519727960537,-0.9994922819485668,1.0,0.0,0.0,0.0,1.0,0.0,0.0,0.0,1.0,0.014153145253658295,0.00262104347348213,-0.018433446064591408,1.2184696791468346e-07,0.0,0.0,0.0,1.2184696791468346e-07,0.0,0.0,0.0,1.2184696791468346e-07,0.101088747382164,0.36015662550926325,9.716207504272461,8.999999999999999e-08,0.0,0.0,0.0,8.999999999999999e-08,0.0,0.0,0.0,8.999999999999999e-08
1759811076461147616,171442,1759811076457513856,base_link,-0.002314762954453007,0.0018988856768530856,0.031762539387386005,-0.9994910175431114,1.0,0.0,0.0,0.0,1.0,0.0,0.0,0.0,1.0,0.019598476588726044,-0.011366182938218118,-0.011003664694726465,1.2184696791468346e-07,0.0,0.0,0.0,1.2184696791468346e-07,0.0,0.0,0.0,1.2184696791468346e-07,-0.06128605827689171,-0.16623443365096932,9.215978622436523,8.999999999999999e-08,0.0,0.0,0.0,8.999999999999999e-08,0.0,0.0,0.0,8.999999999999999e-08
1759811076474043936,171443,1759811076467512832,base_link,-0.002388224623294273,0.0019178694982256717,0.031836759987613664,-0.9994884465853522,1.0,0.0,0.0,0.0,1.0,0.0,0.0,0.0,1.0,0.015524415299296379,-0.008821445517241957,-0.015427232719957827,1.2184696791468346e-07,0.0,0.0,0.0,1.2184696791468346e-07,0.0,0.0,0.0,1.2184696791468346e-07,0.04908221215009689,-0.11975786834955102,9.336457252502441,8.999999999999999e-08,0.0,0.0,0.0,8.999999999999999e-08,0.0,0.0,0.0,8.999999999999999e-08
1759811076480945504,171444,1759811076472512832,base_link,-0.0023974775029036843,0.0018836772088267008,0.031786268063097624,-0.9994901324592926,1.0,0.0,0.0,0.0,1.0,0.0,0.0,0.0,1.0,0.0023613208904862404,0.009435867890715599,0.005301953759044408,1.2184696791468346e-07,0.0,0.0,0.0,1.2184696791468346e-07,0.0,0.0,0.0,1.2184696791468346e-07,0.22786873579025269,0.4686486124992383,10.00379467010498,8.999999999999999e-08,0.0,0.0,0.0,8.999999999999999e-08,0.0,0.0,0.0,8.999999999999999e-08
1759811076487077248,171445,1759811076483512832,base_link,-0.002371373313095146,0.0017710471442275353,0.031766627631691524,-0.9994909753962629,1.0,0.0,0.0,0.0,1.0,0.0,0.0,0.0,1.0,-0.007700277492403984,0.024884533137083054,0.00419216929003596,1.2184696791468346e-07,0.0,0.0,0.0,1.2184696791468346e-07,0.0,0.0,0.0,1.2184696791468346e-07,-0.026973461732268333,0.3148459792137158,10.099796295166016,8.999999999999999e-08,0.0,0.0,0.0,8.999999999999999e-08,0.0,0.0,0.0,8.999999999999999e-08
1759811076497486336,171446,1759811076493512832,base_link,-0.002326493299080965,0.0016948119328728368,0.0318321238342775,-0.9994891209349285,1.0,0.0,0.0,0.0,1.0,0.0,0.0,0.0,1.0,-0.012424815446138382,0.02098102681338787,-0.01047938782721758,1.2184696791468346e-07,0.0,0.0,0.0,1.2184696791468346e-07,0.0,0.0,0.0,1.2184696791468346e-07,-0.18094991147518158,-0.5424874424934376,9.155291557312012,8.999999999999999e-08,0.0,0.0,0.0,8.999999999999999e-08,0.0,0.0,0.0,8.999999999999999e-08
1759811076504985824,171447,1759811076494512832,base_link,-0.0023606445940843137,0.0017538354661259309,0.03179899641134791,-0.9994899638718986,1.0,0.0,0.0,0.0,1.0,0.0,0.0,0.0,1.0,0.015594443306326866,-0.013689109124243261,-0.010758977383375166,1.2184696791468346e-07,0.0,0.0,0.0,1.2184696791468346e-07,0.0,0.0,0.0,1.2184696791468346e-07,-0.04637988284230232,0.37417760491371277,10.054274559020996,8.999999999999999e-08,0.0,0.0,0.0,8.999999999999999e-08,0.0,0.0,0.0,8.999999999999999e-08
1759811076515954912,171448,1759811076509512832,base_link,-0.0023578188619186235,0.00168262235634814,0.0318809720317016,-0.9994874772078365,1.0,0.0,0.0,0.0,1.0,0.0,0.0,0.0,1.0,0.009189429692924023,-0.0027103694155812263,0.0008855231571942571,1.2184696791468346e-07,0.0,0.0,0.0,1.2184696791468346e-07,0.0,0.0,0.0,1.2184696791468346e-07,0.16454878449440002,0.720307528972627,9.772307395935059,8.999999999999999e-08,0.0,0.0,0.0,8.999999999999999e-08,0.0,0.0,0.0,8.999999999999999e-08
1759811076519887296,171449,1759811076515512832,base_link,-0.002383238041961764,0.001700732968282657,0.031794360258011696,-0.9994901324592926,1.0,0.0,0.0,0.0,1.0,0.0,0.0,0.0,1.0,-0.005427353084087372,0.013268218375742437,0.007315747439861296,1.2184696791468346e-07,0.0,0.0,0.0,1.2184696791468346e-07,0.0,0.0,0.0,1.2184696791468346e-07,0.20498117804527283,0.5432270765304578,9.926034927368164,8.999999999999999e-08,0.0,0.0,0.0,8.999999999999999e-08,0.0,0.0,0.0,8.999999999999999e-08
1759811076527832640,171450,1759811076520512832,base_link,-0.0023307566133280657,0.001611364239169132,0.03185977216690065,-0.9994883622916553,1.0,0.0,0.0,0.0,1.0,0.0,0.0,0.0,1.0,-0.0290597565472126,0.03668233007192612,-0.009558719582855707,1.2184696791468346e-07,0.0,0.0,0.0,1.2184696791468346e-07,0.0,0.0,0.0,1.2184696791468346e-07,0.058264538645744324,-0.5376213192939747,8.72031021118164,8.999999999999999e-08,0.0,0.0,0.0,8.999999999999999e-08,0.0,0.0,0.0,8.999999999999999e-08
1759811076533311616,171451,1759811076526512832,base_link,-0.0023285772837559923,0.0016231418549450534,0.03180713075311055,-0.9994900060187472,1.0,0.0,0.0,0.0,1.0,0.0,0.0,0.0,1.0,0.00771270040422678,-0.01294355373829603,0.010627212934195997,1.2184696791468346e-07,0.0,0.0,0.0,1.2184696791468346e-07,0.0,0.0,0.0,1.2184696791468346e-07,0.10983909666538239,0.7626086473464978,10.405828475952148,8.999999999999999e-08,0.0,0.0,0.0,8.999999999999999e-08,0.0,0.0,0.0,8.999999999999999e-08
1759811076540317248,171452,1759811076536512832,base_link,-0.00232464564956624,0.0016463639041348892,0.03176380379284134,-0.9994913547178995,1.0,0.0,0.0,0.0,1.0,0.0,0.0,0.0,1.0,-0.005413400940597057,0.0029648526106029758,0.0064138565212488174,1.2184696791468346e-07,0.0,0.0,0.0,1.2184696791468346e-07,0.0,0.0,0.0,1.2184696791468346e-07,-0.039964765310287476,0.4429774284362806,10.4463529586792,8.999999999999999e-08,0.0,0.0,0.0,8.999999999999999e-08,0.0,0.0,0.0,8.999999999999999e-08
1759811076551454944,171453,1759811076541512832,base_link,-0.0023190382253988305,0.0016175083771105471,0.03183629637228004,-0.9994891630817769,1.0,0.0,0.0,0.0,1.0,0.0,0.0,0.0,1.0,-0.0030131032690405846,0.014915371313691137,-0.008689042180776598,1.2184696791468346e-07,0.0,0.0,0.0,1.2184696791468346e-07,0.0,0.0,0.0,1.2184696791468346e-07,-0.14512377977371216,-0.7190576791763296,8.503803253173828,8.999999999999999e-08,0.0,0.0,0.0,8.999999999999999e-08,0.0,0.0,0.0,8.999999999999999e-08
1759811076554813216,171454,1759811076552512832,base_link,-0.0023759771360119058,0.001607102550703785,0.031840974672464765,-0.9994888680538373,1.0,0.0,0.0,0.0,1.0,0.0,0.0,0.0,1.0,0.019251102581620216,-0.005604049190878869,-0.0037762494757771483,1.2184696791468346e-07,0.0,0.0,0.0,1.2184696791468346e-07,0.0,0.0,0.0,1.2184696791468346e-07,-0.013374965637922287,0.5217390060424817,10.100367546081543,8.999999999999999e-08,0.0,0.0,0.0,8.999999999999999e-08,0.0,0.0,0.0,8.999999999999999e-08
1759811076562294304,171455,1759811076557512832,base_link,-0.002417841839360161,0.0015824541764277223,0.031759715548535766,-0.999491396864748,1.0,0.0,0.0,0.0,1.0,0.0,0.0,0.0,1.0,0.004450614098459482,0.02416093461215496,0.002414688467979428,1.2184696791468346e-07,0.0,0.0,0.0,1.2184696791468346e-07,0.0,0.0,0.0,1.2184696791468346e-07,0.14165742695331573,0.7094136476516736,10.170760154724121,8.999999999999999e-08,0.0,0.0,0.0,8.999999999999999e-08,0.0,0.0,0.0,8.999999999999999e-08
1759811076567969472,171456,1759811076562513088,base_link,-0.0023745265270969465,0.0015208050673803327,0.03178062038539714,-0.9994908911025658,1.0,0.0,0.0,0.0,1.0,0.0,0.0,0.0,1.0,-0.021733250468969345,0.03801579400897026,0.006887705065309997,1.2184696791468346e-07,0.0,0.0,0.0,1.2184696791468346e-07,0.0,0.0,0.0,1.2184696791468346e-07,0.12733222544193268,-0.4124082326889027,9.063461303710938,8.999999999999999e-08,0.0,0.0,0.0,8.999999999999999e-08,0.0,0.0,0.0,8.999999999999999e-08
1759811076572080576,171457,1759811076568513088,base_link,-0.002371523152550228,0.0015054353794265874,0.031680184445395713,-0.9994941364099013,1.0,0.0,0.0,0.0,1.0,0.0,0.0,0.0,1.0,-0.007301646284759045,0.024337453767657283,0.01631497591733932,1.2184696791468346e-07,0.0,0.0,0.0,1.2184696791468346e-07,0.0,0.0,0.0,1.2184696791468346e-07,-0.04369187727570534,0.591880023479463,10.503414154052734,8.999999999999999e-08,0.0,0.0,0.0,8.999999999999999e-08,0.0,0.0,0.0,8.999999999999999e-08
1759811076583207328,171458,1759811076578513088,base_link,-0.0023450411022507187,0.001535254604020299,0.03166787756563054,-0.9994945578783864,1.0,0.0,0.0,0.0,1.0,0.0,0.0,0.0,1.0,-0.007023999001830816,0.0037232856266200542,0.00140295666642487,1.2184696791468346e-07,0.0,0.0,0.0,1.2184696791468346e-07,0.0,0.0,0.0,1.2184696791468346e-07,0.06785547733306885,0.37917333841323975,10.197854042053223,8.999999999999999e-08,0.0,0.0,0.0,8.999999999999999e-08,0.0,0.0,0.0,8.999999999999999e-08
1759811076588942432,171459,1759811076584513088,base_link,-0.0023144713838720975,0.001586532583724691,0.03172785253106151,-0.9994926612702033,1.0,0.0,0.0,0.0,1.0,0.0,0.0,0.0,1.0,-0.004085072781890631,-0.012951157987117769,-0.01482682581990957,1.2184696791468346e-07,0.0,0.0,0.0,1.2184696791468346e-07,0.0,0.0,0.0,1.2184696791468346e-07,0.12797054648399353,-0.28207442164420976,8.731439590454102,8.999999999999999e-08,0.0,0.0,0.0,8.999999999999999e-08,0.0,0.0,0.0,8.999999999999999e-08
1759811076597108960,171460,1759811076594513088,base_link,-0.0024037589885340456,0.0015607941948108212,0.03166383146817348,-0.9994944735846892,1.0,0.0,0.0,0.0,1.0,0.0,0.0,0.0,1.0,0.025384820997714996,-0.005211305804550646,0.010766289196908474,1.2184696791468346e-07,0.0,0.0,0.0,1.2184696791468346e-07,0.0,0.0,0.0,1.2184696791468346e-07,0.2148306965827942,0.528042256832124,9.690445899963379,8.999999999999999e-08,0.0,0.0,0.0,8.999999999999999e-08,0.0,0.0,0.0,8.999999999999999e-08
1759811076603801024,171461,1759811076599513088,base_link,-0.002451094097633018,0.0014992723906486313,0.031567188744538,-0.9994975503046306,1.0,0.0,0.0,0.0,1.0,0.0,0.0,0.0,1.0,0.021007142961025238,0.012991162016987804,0.024522770196199417,1.2184696791468346e-07,0.0,0.0,0.0,1.2184696791468346e-07,0.0,0.0,0.0,1.2184696791468346e-07,0.031870655715465546,-0.2971627116203297,8.854527473449707,8.999999999999999e-08,0.0,0.0,0.0,8.999999999999999e-08,0.0,0.0,0.0,8.999999999999999e-08
1759811076610040864,171462,1759811076605513088,base_link,-0.002455745891401281,0.0014640957418463533,0.0315717827510257,-0.999497423864085,1.0,0.0,0.0,0.0,1.0,0.0,0.0,0.0,1.0,-0.007223079912364483,0.030010372400283813,0.006382157094776627,1.2184696791468346e-07,0.0,0.0,0.0,1.2184696791468346e-07,0.0,0.0,0.0,1.2184696791468346e-07,-0.10466136038303375,-0.4581570327281941,9.209941864013672,8.999999999999999e-08,0.0,0.0,0.0,8.999999999999999e-08,0.0,0.0,0.0,8.999999999999999e-08
1759811076616005088,171463,1759811076610513088,base_link,-0.002468393938380629,0.001429973546278451,0.0315107541143819,-0.9994993626191165,1.0,0.0,0.0,0.0,1.0,0.0,0.0,0.0,1.0,0.00812484323978424,-0.0017067888984456639,0.015459906309843063,1.2184696791468346e-07,0.0,0.0,0.0,1.2184696791468346e-07,0.0,0.0,0.0,1.2184696791468346e-07,-0.1501374989748001,0.3986204862594617,10.348654747009277,8.999999999999999e-08,0.0,0.0,0.0,8.999999999999999e-08,0.0,0.0,0.0,8.999999999999999e-08
1759811076630735328,171464,1759811076621513088,base_link,-0.0024580234675821394,0.0014535675907972338,0.03148791052248901,-0.9995001212623897,1.0,0.0,0.0,0.0,1.0,0.0,0.0,0.0,1.0,0.007712925784289837,-0.02092262357473373,0.01429644785821438,1.2184696791468346e-07,0.0,0.0,0.0,1.2184696791468346e-07,0.0,0.0,0.0,1.2184696791468346e-07,0.0463181808590889,0.4003289341926587,10.169047355651855,8.999999999999999e-08,0.0,0.0,0.0,8.999999999999999e-08,0.0,0.0,0.0,8.999999999999999e-08
1759811076635448768,171465,1759811076626513088,base_link,-0.0024330539705403713,0.00151336520196043,0.03150143966086101,-0.9994996576470561,1.0,0.0,0.0,0.0,1.0,0.0,0.0,0.0,1.0,-0.008397436700761318,-0.0039956015534698954,0.008069420233368874,1.2184696791468346e-07,0.0,0.0,0.0,1.2184696791468346e-07,0.0,0.0,0.0,1.2184696791468346e-07,-0.13793712854385376,-0.30555498600005987,9.324115753173828,8.999999999999999e-08,0.0,0.0,0.0,8.999999999999999e-08,0.0,0.0,0.0,8.999999999999999e-08
1759811076641765824,171466,1759811076631513088,base_link,-0.0024646196963282845,0.001546562718721061,0.031422877935236716,-0.9995020178705728,1.0,0.0,0.0,0.0,1.0,0.0,0.0,0.0,1.0,0.008756540715694427,-0.02013484388589859,0.012886823154985906,1.2184696791468346e-07,0.0,0.0,0.0,1.2184696791468346e-07,0.0,0.0,0.0,1.2184696791468346e-07,0.24332422018051147,0.13998204469680908,9.896031379699707,8.999999999999999e-08,0.0,0.0,0.0,8.999999999999999e-08,0.0,0.0,0.0,8.999999999999999e-08
1759811076647631296,171467,1759811076642513088,base_link,-0.0024991328203797384,0.0015128079086705493,0.03138347063187904,-0.9995031558354825,1.0,0.0,0.0,0.0,1.0,0.0,0.0,0.0,1.0,0.02085134945809841,0.005327394232153894,0.017367230728268623,1.2184696791468346e-07,0.0,0.0,0.0,1.2184696791468346e-07,0.0,0.0,0.0,1.2184696791468346e-07,0.4138025641441345,0.6416272521018994,9.5202054977417,8.999999999999999e-08,0.0,0.0,0.0,8.999999999999999e-08,0.0,0.0,0.0,8.999999999999999e-08
1759811076657260064,171468,1759811076647513088,base_link,-0.002482256300273665,0.001463091091040394,0.03134326253839965,-0.9995045888283319,1.0,0.0,0.0,0.0,1.0,0.0,0.0,0.0,1.0,0.005917312577366829,0.023319054394960407,0.016456121578812596,1.2184696791468346e-07,0.0,0.0,0.0,1.2184696791468346e-07,0.0,0.0,0.0,1.2184696791468346e-07,-0.17921003699302673,-0.0986261665821064,9.238049507141113,8.999999999999999e-08,0.0,0.0,0.0,8.999999999999999e-08,0.0,0.0,0.0,8.999999999999999e-08
1759811076660773152,171469,1759811076652513088,base_link,-0.0025274687557872823,0.0014307660222757446,0.031243500947974345,-0.9995075812545762,1.0,0.0,0.0,0.0,1.0,0.0,0.0,0.0,1.0,0.0018207629909738898,1.5111989341678224e-05,0.01624174416065216,1.2184696791468346e-07,0.0,0.0,0.0,1.2184696791468346e-07,0.0,0.0,0.0,1.2184696791468346e-07,-0.030221598222851753,0.06438794732093935,10.076431274414062,8.999999999999999e-08,0.0,0.0,0.0,8.999999999999999e-08,0.0,0.0,0.0,8.999999999999999e-08
1759811076665803680,171470,1759811076658512832,base_link,-0.002436853154965955,0.00143669247009824,0.031331419273968035,-0.9995050524436655,1.0,0.0,0.0,0.0,1.0,0.0,0.0,0.0,1.0,-0.022533360868692398,0.0029494990594685065,-0.012180482037365437,1.2184696791468346e-07,0.0,0.0,0.0,1.2184696791468346e-07,0.0,0.0,0.0,1.2184696791468346e-07,-0.17954431474208832,-0.4153480529785144,9.771529197692871,8.999999999999999e-08,0.0,0.0,0.0,8.999999999999999e-08,0.0,0.0,0.0,8.999999999999999e-08
1759811076671958880,171471,1759811076668512832,base_link,-0.002399935973029079,0.0014959586770025258,0.0312696741408996,-0.9995070333455455,1.0,0.0,0.0,0.0,1.0,0.0,0.0,0.0,1.0,-0.012199897319078445,-0.01536597218364477,0.010290124453604223,1.2184696791468346e-07,0.0,0.0,0.0,1.2184696791468346e-07,0.0,0.0,0.0,1.2184696791468346e-07,-0.10749755054712296,-0.0838403329253185,9.499390602111816,8.999999999999999e-08,0.0,0.0,0.0,8.999999999999999e-08,0.0,0.0,0.0,8.999999999999999e-08
1759811076678936960,171472,1759811076674512832,base_link,-0.0024563462781974025,0.0015627429514870374,0.03121522041262353,-0.9995084663383949,1.0,0.0,0.0,0.0,1.0,0.0,0.0,0.0,1.0,0.009898738004267216,-0.018258452415466305,0.016203545033931736,1.2184696791468346e-07,0.0,0.0,0.0,1.2184696791468346e-07,0.0,0.0,0.0,1.2184696791468346e-07,0.07128505408763885,0.06783063709735988,9.652361869812012,8.999999999999999e-08,0.0,0.0,0.0,8.999999999999999e-08,0.0,0.0,0.0,8.999999999999999e-08
1759811076686203488,171473,1759811076679512832,base_link,-0.002445258446634561,0.0015544116225984846,0.03122832808251042,-0.9995080870167583,1.0,0.0,0.0,0.0,1.0,0.0,0.0,0.0,1.0,0.011913365684449673,-0.006394632160663605,0.001529259607195855,1.2184696791468346e-07,0.0,0.0,0.0,1.2184696791468346e-07,0.0,0.0,0.0,1.2184696791468346e-07,-0.05885808914899826,-0.23477019369602087,9.555885314941406,8.999999999999999e-08,0.0,0.0,0.0,8.999999999999999e-08,0.0,0.0,0.0,8.999999999999999e-08
1759811076688812256,171474,1759811076684512832,base_link,-0.0025011106764914006,0.0016061767606026566,0.03118512756278674,-0.999509224981668,1.0,0.0,0.0,0.0,1.0,0.0,0.0,0.0,1.0,0.004634265787899494,-0.01153719052672386,0.009889753535389902,1.2184696791468346e-07,0.0,0.0,0.0,1.2184696791468346e-07,0.0,0.0,0.0,1.2184696791468346e-07,0.24244549870491028,0.311481684446336,9.724854469299316,8.999999999999999e-08,0.0,0.0,0.0,8.999999999999999e-08,0.0,0.0,0.0,8.999999999999999e-08
1759811076696692352,171475,1759811076689512832,base_link,-0.002474538570230425,0.0015445282689407437,0.03115731064276955,-0.9995102365060323,1.0,0.0,0.0,0.0,1.0,0.0,0.0,0.0,1.0,-0.0010151539463549852,0.009392444975674154,0.013204922899603842,1.2184696791468346e-07,0.0,0.0,0.0,1.2184696791468346e-07,0.0,0.0,0.0,1.2184696791468346e-07,0.30994197726249695,0.13913731276989105,9.931836128234863,8.999999999999999e-08,0.0,0.0,0.0,8.999999999999999e-08,0.0,0.0,0.0,8.999999999999999e-08
1759811076703704928,171476,1759811076695512832,base_link,-0.0024834153386077145,0.0015433758983698373,0.03107171039344391,-0.9995128917574886,1.0,0.0,0.0,0.0,1.0,0.0,0.0,0.0,1.0,-0.01081748865544796,0.00837093219161034,0.026227496564388275,1.2184696791468346e-07,0.0,0.0,0.0,1.2184696791468346e-07,0.0,0.0,0.0,1.2184696791468346e-07,0.02612435817718506,0.4075134098529828,10.092082023620605,8.999999999999999e-08,0.0,0.0,0.0,8.999999999999999e-08,0.0,0.0,0.0,8.999999999999999e-08
1759811076710232032,171477,1759811076700512832,base_link,-0.0024104718619761675,0.0014684119248697355,0.03106800147077499,-0.9995133132259737,1.0,0.0,0.0,0.0,1.0,0.0,0.0,0.0,1.0,-0.014790971763432026,0.008425380103290081,0.004384185653179883,1.2184696791468346e-07,0.0,0.0,0.0,1.2184696791468346e-07,0.0,0.0,0.0,1.2184696791468346e-07,-0.26907891035079956,-0.1668236702680575,10.432964324951172,8.999999999999999e-08,0.0,0.0,0.0,8.999999999999999e-08,0.0,0.0,0.0,8.999999999999999e-08
1759811076714902944,171478,1759811076705512832,base_link,-0.002357209111442779,0.0015260747405332104,0.031088737720242322,-0.9995127231700945,1.0,0.0,0.0,0.0,1.0,0.0,0.0,0.0,1.0,-0.02832788974046707,-0.0020453585311770448,-0.006855659186840057,1.2184696791468346e-07,0.0,0.0,0.0,1.2184696791468346e-07,0.0,0.0,0.0,1.2184696791468346e-07,-0.0016085579991340637,-0.037476010620592776,10.171131134033203,8.999999999999999e-08,0.0,0.0,0.0,8.999999999999999e-08,0.0,0.0,0.0,8.999999999999999e-08
1759811076720920128,171479,1759811076716512832,base_link,-0.0022691220334188837,0.001570368938048509,0.031036517774937333,-0.9995145354845805,1.0,0.0,0.0,0.0,1.0,0.0,0.0,0.0,1.0,-0.016779426485300064,-0.01745888777077198,0.0120993759483099,1.2184696791468346e-07,0.0,0.0,0.0,1.2184696791468346e-07,0.0,0.0,0.0,1.2184696791468346e-07,-0.08201940357685089,0.2692984342575085,9.615421295166016,8.999999999999999e-08,0.0,0.0,0.0,8.999999999999999e-08,0.0,0.0,0.0,8.999999999999999e-08
1759811076728770336,171480,1759811076721512832,base_link,-0.0021995838286995675,0.001542663167996557,0.03102636038444622,-0.9995149990999141,1.0,0.0,0.0,0.0,1.0,0.0,0.0,0.0,1.0,0.0024596196599304676,-0.01617267355322838,0.011798199266195299,1.2184696791468346e-07,0.0,0.0,0.0,1.2184696791468346e-07,0.0,0.0,0.0,1.2184696791468346e-07,0.11375848948955536,-0.1878868937492358,10.09773063659668,8.999999999999999e-08,0.0,0.0,0.0,8.999999999999999e-08,0.0,0.0,0.0,8.999999999999999e-08
1759811076735305472,171481,1759811076726512832,base_link,-0.0022443010793226975,0.0016146067476903118,0.030985014326057034,-0.9995160527711269,1.0,0.0,0.0,0.0,1.0,0.0,0.0,0.0,1.0,0.0015897679841145873,0.0012362384004518403,0.010541007854044437,1.2184696791468346e-07,0.0,0.0,0.0,1.2184696791468346e-07,0.0,0.0,0.0,1.2184696791468346e-07,-0.01573067530989647,0.19595636427402618,9.873319625854492,8.999999999999999e-08,0.0,0.0,0.0,8.999999999999999e-08,0.0,0.0,0.0,8.999999999999999e-08
1759811076739993408,171482,1759811076732512832,base_link,-0.002212527315208809,0.001567510916622412,0.030972201684109725,-0.999516642827006,1.0,0.0,0.0,0.0,1.0,0.0,0.0,0.0,1.0,-0.002042843960225582,-0.0070822332054376585,0.010631090961396694,1.2184696791468346e-07,0.0,0.0,0.0,1.2184696791468346e-07,0.0,0.0,0.0,1.2184696791468346e-07,0.3775353729724884,-0.00014290248509367162,10.557217597961426,8.999999999999999e-08,0.0,0.0,0.0,8.999999999999999e-08,0.0,0.0,0.0,8.999999999999999e-08
1759811076746772608,171483,1759811076742512832,base_link,-0.00206910626127634,0.001510318898543597,0.030842937299726786,-0.9995209839524026,1.0,0.0,0.0,0.0,1.0,0.0,0.0,0.0,1.0,-0.03904871642589569,0.01774152182042599,0.028066068887710568,1.2184696791468346e-07,0.0,0.0,0.0,1.2184696791468346e-07,0.0,0.0,0.0,1.2184696791468346e-07,0.1381535828113556,0.12937675416469693,9.712803840637207,8.999999999999999e-08,0.0,0.0,0.0,8.999999999999999e-08,0.0,0.0,0.0,8.999999999999999e-08
1759811076754057248,171484,1759811076748512832,base_link,-0.0019958289848973094,0.001530961675849855,0.03079868310879033,-0.999522501238949,1.0,0.0,0.0,0.0,1.0,0.0,0.0,0.0,1.0,-0.03624037653207779,0.00973052065819502,0.020146749913692474,1.2184696791468346e-07,0.0,0.0,0.0,1.2184696791468346e-07,0.0,0.0,0.0,1.2184696791468346e-07,-0.4149523973464966,-0.07569389045238378,9.564042091369629,8.999999999999999e-08,0.0,0.0,0.0,8.999999999999999e-08,0.0,0.0,0.0,8.999999999999999e-08
1759811076759841152,171485,1759811076753512832,base_link,-0.0018828054811136558,0.0014305986490731376,0.030829618895597342,-0.9995219111830699,1.0,0.0,0.0,0.0,1.0,0.0,0.0,0.0,1.0,-0.024419352412223816,0.006776333786547183,-0.0058415387757122525,1.2184696791468346e-07,0.0,0.0,0.0,1.2184696791468346e-07,0.0,0.0,0.0,1.2184696791468346e-07,0.15600961446762085,-0.24488911032676577,9.696707725524902,8.999999999999999e-08,0.0,0.0,0.0,8.999999999999999e-08,0.0,0.0,0.0,8.999999999999999e-08
1759811076766216416,171486,1759811076758512064,base_link,-0.0018936602290797033,0.0014676424773507053,0.030848289949487687,-0.9995212789803423,1.0,0.0,0.0,0.0,1.0,0.0,0.0,0.0,1.0,-0.023534951731562614,0.011034389026463032,-0.0018503783503547324,1.2184696791468346e-07,0.0,0.0,0.0,1.2184696791468346e-07,0.0,0.0,0.0,1.2184696791468346e-07,-0.19692593812942505,0.20367310941219444,9.355948448181152,8.999999999999999e-08,0.0,0.0,0.0,8.999999999999999e-08,0.0,0.0,0.0,8.999999999999999e-08
1759811076773808160,171487,1759811076769512064,base_link,-0.0018311418207022606,0.0014760206246378724,0.030713462181101346,-0.9995255358120418,1.0,0.0,0.0,0.0,1.0,0.0,0.0,0.0,1.0,-0.004177574533969164,-0.009607461281120774,0.023591430857777596,1.2184696791468346e-07,0.0,0.0,0.0,1.2184696791468346e-07,0.0,0.0,0.0,1.2184696791468346e-07,-0.4470747411251068,-0.12745539844035983,9.82936954498291,8.999999999999999e-08,0.0,0.0,0.0,8.999999999999999e-08,0.0,0.0,0.0,8.999999999999999e-08
1759811076779701216,171488,1759811076774512064,base_link,-0.0017681763017629295,0.001407007568004641,0.03068867983417695,-0.9995264630427091,1.0,0.0,0.0,0.0,1.0,0.0,0.0,0.0,1.0,-0.01516310777515173,-6.249081343412145e-05,0.020826639607548714,1.2184696791468346e-07,0.0,0.0,0.0,1.2184696791468346e-07,0.0,0.0,0.0,1.2184696791468346e-07,0.29081687331199646,-0.14916923642158392,9.624567985534668,8.999999999999999e-08,0.0,0.0,0.0,8.999999999999999e-08,0.0,0.0,0.0,8.999999999999999e-08
1759811076788125376,171489,1759811076780512064,base_link,-0.0017255888561069212,0.0014942881245116584,0.030623099337893953,-0.9995284017977406,1.0,0.0,0.0,0.0,1.0,0.0,0.0,0.0,1.0,-0.02856997214257717,0.0008181516896002013,0.01515890657901764,1.2184696791468346e-07,0.0,0.0,0.0,1.2184696791468346e-07,0.0,0.0,0.0,1.2184696791468346e-07,-0.06537926197052002,0.030487712472678445,9.907078742980957,8.999999999999999e-08,0.0,0.0,0.0,8.999999999999999e-08,0.0,0.0,0.0,8.999999999999999e-08
1759811076793796736,171490,1759811076790512064,base_link,-0.0015667562400507816,0.0014491059569005295,0.030509302846914575,-0.9995321950141065,1.0,0.0,0.0,0.0,1.0,0.0,0.0,0.0,1.0,-0.025572694838047028,-1.9066501408812236e-05,0.025706565007567406,1.2184696791468346e-07,0.0,0.0,0.0,1.2184696791468346e-07,0.0,0.0,0.0,1.2184696791468346e-07,-0.15799874067306519,0.10501462966203812,9.932126998901367,8.999999999999999e-08,0.0,0.0,0.0,8.999999999999999e-08,0.0,0.0,0.0,8.999999999999999e-08
1759811076800109024,171491,1759811076795512064,base_link,-0.0014620528081604979,0.0013179707710475339,0.030453331832092104,-0.9995343023565321,1.0,0.0,0.0,0.0,1.0,0.0,0.0,0.0,1.0,-0.034369125962257385,0.021895557641983036,0.020947054028511044,1.2184696791468346e-07,0.0,0.0,0.0,1.2184696791468346e-07,0.0,0.0,0.0,1.2184696791468346e-07,0.19688081741333008,-0.013134591281412865,9.529212951660156,8.999999999999999e-08,0.0,0.0,0.0,8.999999999999999e-08,0.0,0.0,0.0,8.999999999999999e-08
1759811076812034016,171492,1759811076800512064,base_link,-0.0014495991913022529,0.0013683522710262815,0.030408571878973518,-0.9995355667619874,1.0,0.0,0.0,0.0,1.0,0.0,0.0,0.0,1.0,-0.015466108918190002,0.016248434782028198,-0.00012864661403000553,1.2184696791468346e-07,0.0,0.0,0.0,1.2184696791468346e-07,0.0,0.0,0.0,1.2184696791468346e-07,-0.4189055860042572,-0.36356270313262823,9.727478981018066,8.999999999999999e-08,0.0,0.0,0.0,8.999999999999999e-08,0.0,0.0,0.0,8.999999999999999e-08
1759811076815888768,171493,1759811076811512064,base_link,-0.0014094030365145067,0.0013557114243050502,0.0303941998036313,-0.999536114671018,1.0,0.0,0.0,0.0,1.0,0.0,0.0,0.0,1.0,-0.002220405265688896,-0.006802104413509368,0.007713189348578454,1.2184696791468346e-07,0.0,0.0,0.0,1.2184696791468346e-07,0.0,0.0,0.0,1.2184696791468346e-07,-0.2198278307914734,-0.07109471410512803,9.869140625,8.999999999999999e-08,0.0,0.0,0.0,8.999999999999999e-08,0.0,0.0,0.0,8.999999999999999e-08
1759811076824338656,171494,1759811076816512064,base_link,-0.0013441633884632262,0.0012925339054829384,0.030370218246828614,-0.9995369997548368,1.0,0.0,0.0,0.0,1.0,0.0,0.0,0.0,1.0,-0.012419545091688633,0.0014117549872025863,0.01307635847479105,1.2184696791468346e-07,0.0,0.0,0.0,1.2184696791468346e-07,0.0,0.0,0.0,1.2184696791468346e-07,0.222866952419281,0.24236634373664975,9.749772071838379,8.999999999999999e-08,0.0,0.0,0.0,8.999999999999999e-08,0.0,0.0,0.0,8.999999999999999e-08
1759811076834413920,171495,1759811076822512064,base_link,-0.0013359890864256744,0.0014136474381866377,0.030234294660380984,-0.9995410037054453,1.0,0.0,0.0,0.0,1.0,0.0,0.0,0.0,1.0,-0.023378929123282433,-0.01195494271814823,0.02011084370315075,1.2184696791468346e-07,0.0,0.0,0.0,1.2184696791468346e-07,0.0,0.0,0.0,1.2184696791468346e-07,-0.210737407207489,-0.19110970199108004,9.797048568725586,8.999999999999999e-08,0.0,0.0,0.0,8.999999999999999e-08,0.0,0.0,0.0,8.999999999999999e-08
1759811076834418464,171496,1759811076827512064,base_link,-0.0012156560755929855,0.0013617043825504122,0.030250689784451733,-0.9995407086775058,1.0,0.0,0.0,0.0,1.0,0.0,0.0,0.0,1.0,-0.02477966621518135,-0.006204680539667605,0.01476888358592987,1.2184696791468346e-07,0.0,0.0,0.0,1.2184696791468346e-07,0.0,0.0,0.0,1.2184696791468346e-07,0.1740036904811859,-0.03538041561841846,9.71208381652832,8.999999999999999e-08,0.0,0.0,0.0,8.999999999999999e-08,0.0,0.0,0.0,8.999999999999999e-08
1759811076839932256,171497,1759811076832512064,base_link,-0.0012128596126437475,0.0014398350444903333,0.030173729639070807,-0.9995429003136284,1.0,0.0,0.0,0.0,1.0,0.0,0.0,0.0,1.0,-0.019468000158667564,-0.010989721864461897,0.012074055150151254,1.2184696791468346e-07,0.0,0.0,0.0,1.2184696791468346e-07,0.0,0.0,0.0,1.2184696791468346e-07,-0.07167066633701324,0.09750402718782547,9.95163345336914,8.999999999999999e-08,0.0,0.0,0.0,8.999999999999999e-08,0.0,0.0,0.0,8.999999999999999e-08
1759811076846857824,171498,1759811076837512064,base_link,-0.001088209382094564,0.0013556967022338817,0.030161254171911584,-0.9995435746632044,1.0,0.0,0.0,0.0,1.0,0.0,0.0,0.0,1.0,-0.018578605726361275,0.008441589772701265,0.019721075892448425,1.2184696791468346e-07,0.0,0.0,0.0,1.2184696791468346e-07,0.0,0.0,0.0,1.2184696791468346e-07,0.12700356543064117,0.3167079985141766,9.504150390625,8.999999999999999e-08,0.0,0.0,0.0,8.999999999999999e-08,0.0,0.0,0.0,8.999999999999999e-08
1759811076852288128,171499,1759811076848512064,base_link,-0.001070333212004889,0.0012925032445767252,0.030073630873857466,-0.9995463142083577,1.0,0.0,0.0,0.0,1.0,0.0,0.0,0.0,1.0,-0.014588708989322186,0.017226779833436012,0.010565221309661863,1.2184696791468346e-07,0.0,0.0,0.0,1.2184696791468346e-07,0.0,0.0,0.0,1.2184696791468346e-07,0.0376015305519104,-0.09496717154979586,9.73465347290039,8.999999999999999e-08,0.0,0.0,0.0,8.999999999999999e-08,0.0,0.0,0.0,8.999999999999999e-08
1759811076858992800,171500,1759811076853512064,base_link,-0.0010963660937909222,0.0013583742001467283,0.0300056480072094,-0.9995482108165407,1.0,0.0,0.0,0.0,1.0,0.0,0.0,0.0,1.0,-0.005578198935836554,0.0007606943836435696,0.01711205020546913,1.2184696791468346e-07,0.0,0.0,0.0,1.2184696791468346e-07,0.0,0.0,0.0,1.2184696791468346e-07,-0.14043304324150085,-0.11595121026039004,9.721644401550293,8.999999999999999e-08,0.0,0.0,0.0,8.999999999999999e-08,0.0,0.0,0.0,8.999999999999999e-08
1759811076865772576,171501,1759811076859511552,base_link,-0.0010337508793708062,0.0013051833750213212,0.030067941049308475,-0.9995465249426002,1.0,0.0,0.0,0.0,1.0,0.0,0.0,0.0,1.0,-0.01220899261534214,0.0012692399322986596,-0.005849112756550312,1.2184696791468346e-07,0.0,0.0,0.0,1.2184696791468346e-07,0.0,0.0,0.0,1.2184696791468346e-07,-0.10921693593263626,0.10298076272010916,9.229968070983887,8.999999999999999e-08,0.0,0.0,0.0,8.999999999999999e-08,0.0,0.0,0.0,8.999999999999999e-08
1759811076871344032,171502,1759811076864511552,base_link,-0.001131606868364665,0.0014116725944016114,0.029949297670750327,-0.9995498545436327,1.0,0.0,0.0,0.0,1.0,0.0,0.0,0.0,1.0,0.0067284442484378815,-0.02336579747498035,0.02182615920901299,1.2184696791468346e-07,0.0,0.0,0.0,1.2184696791468346e-07,0.0,0.0,0.0,1.2184696791468346e-07,0.08804909884929657,0.060778308659793195,10.216004371643066,8.999999999999999e-08,0.0,0.0,0.0,8.999999999999999e-08,0.0,0.0,0.0,8.999999999999999e-08
1759811076872833920,171503,1759811076869511552,base_link,-0.0010064889271582027,0.001387123948459476,0.029976187360100274,-0.9995491801940565,1.0,0.0,0.0,0.0,1.0,0.0,0.0,0.0,1.0,-0.014041387476027012,-0.013327655382454394,0.011064569465816023,1.2184696791468346e-07,0.0,0.0,0.0,1.2184696791468346e-07,0.0,0.0,0.0,1.2184696791468346e-07,0.028293408453464508,-0.18439993262290835,9.64272689819336,8.999999999999999e-08,0.0,0.0,0.0,8.999999999999999e-08,0.0,0.0,0.0,8.999999999999999e-08
1759811076881083520,171504,1759811076874511552,base_link,-0.0010695484327465324,0.0014760021853916492,0.029852823534508886,-0.9995526783824829,1.0,0.0,0.0,0.0,1.0,0.0,0.0,0.0,1.0,-0.007670201826840639,-0.01946618221700191,0.031305864453315735,1.2184696791468346e-07,0.0,0.0,0.0,1.2184696791468346e-07,0.0,0.0,0.0,1.2184696791468346e-07,0.33480730652809143,0.16279934346675995,9.94401741027832,8.999999999999999e-08,0.0,0.0,0.0,8.999999999999999e-08,0.0,0.0,0.0,8.999999999999999e-08
1759811076891527232,171505,1759811076885511552,base_link,-0.000970447012610983,0.0014498746172530777,0.02973687755425539,-0.9995562608646062,1.0,0.0,0.0,0.0,1.0,0.0,0.0,0.0,1.0,-0.014077666215598583,-0.00336955394595861,0.03392665833234787,1.2184696791468346e-07,0.0,0.0,0.0,1.2184696791468346e-07,0.0,0.0,0.0,1.2184696791468346e-07,0.09258390963077545,0.3508911132812512,10.105975151062012,8.999999999999999e-08,0.0,0.0,0.0,8.999999999999999e-08,0.0,0.0,0.0,8.999999999999999e-08
1759811076902927136,171506,1759811076896511552,base_link,-0.0009840716810956692,0.0013490247408693185,0.029701179173566683,-0.999557483123213,1.0,0.0,0.0,0.0,1.0,0.0,0.0,0.0,1.0,0.003918590024113655,0.006845836993306877,0.015830470249056816,1.2184696791468346e-07,0.0,0.0,0.0,1.2184696791468346e-07,0.0,0.0,0.0,1.2184696791468346e-07,-0.06104664504528046,0.32666352391243103,10.060181617736816,8.999999999999999e-08,0.0,0.0,0.0,8.999999999999999e-08,0.0,0.0,0.0,8.999999999999999e-08
1759811076907606816,171507,1759811076901511552,base_link,-0.0010052888326899836,0.0013256674842601873,0.02975175539177974,-0.9995559658366667,1.0,0.0,0.0,0.0,1.0,0.0,0.0,0.0,1.0,-0.012300114147365093,0.0168189387768507,-0.006082045845687391,1.2184696791468346e-07,0.0,0.0,0.0,1.2184696791468346e-07,0.0,0.0,0.0,1.2184696791468346e-07,-0.14155957102775574,-0.378559499979018,9.571224212646484,8.999999999999999e-08,0.0,0.0,0.0,8.999999999999999e-08,0.0,0.0,0.0,8.999999999999999e-08
1759811076918628320,171508,1759811076912511552,base_link,-0.0010043086509283988,0.0013430271496604452,0.029635135061950122,-0.9995594640250931,1.0,0.0,0.0,0.0,1.0,0.0,0.0,0.0,1.0,0.0012315526837483048,-0.004449192900210617,0.012785411439836025,1.2184696791468346e-07,0.0,0.0,0.0,1.2184696791468346e-07,0.0,0.0,0.0,1.2184696791468346e-07,0.13008612394332886,0.6427912116050732,10.223823547363281,8.999999999999999e-08,0.0,0.0,0.0,8.999999999999999e-08,0.0,0.0,0.0,8.999999999999999e-08
1759811076924916544,171509,1759811076917511552,base_link,-0.0009945193868172357,0.0013408435807081014,0.02956875377554547,-0.999561360633276,1.0,0.0,0.0,0.0,1.0,0.0,0.0,0.0,1.0,0.006885085254907608,-0.011185887269675728,0.021783966571092606,1.2184696791468346e-07,0.0,0.0,0.0,1.2184696791468346e-07,0.0,0.0,0.0,1.2184696791468346e-07,-0.06376858055591583,-0.5408750772476185,9.26033878326416,8.999999999999999e-08,0.0,0.0,0.0,8.999999999999999e-08,0.0,0.0,0.0,8.999999999999999e-08
1759811076928740288,171510,1759811076922511552,base_link,-0.0009959825080778464,0.0014101998419275715,0.029525426815276264,-0.9995625407450344,1.0,0.0,0.0,0.0,1.0,0.0,0.0,0.0,1.0,-0.013008948415517807,-0.001269898028112947,0.00777244009077549,1.2184696791468346e-07,0.0,0.0,0.0,1.2184696791468346e-07,0.0,0.0,0.0,1.2184696791468346e-07,0.058703914284706116,-0.39017435908317455,9.111854553222656,8.999999999999999e-08,0.0,0.0,0.0,8.999999999999999e-08,0.0,0.0,0.0,8.999999999999999e-08
1759811076933873472,171511,1759811076927511552,base_link,-0.0009825306046289263,0.0013436196545019868,0.02948070900900619,-0.9995640158847322,1.0,0.0,0.0,0.0,1.0,0.0,0.0,0.0,1.0,0.006236216984689236,-0.0072596836835145916,0.02778349258005619,1.2184696791468346e-07,0.0,0.0,0.0,1.2184696791468346e-07,0.0,0.0,0.0,1.2184696791468346e-07,0.14560040831565857,0.5910509228706372,10.014185905456543,8.999999999999999e-08,0.0,0.0,0.0,8.999999999999999e-08,0.0,0.0,0.0,8.999999999999999e-08
1759811076943224480,171512,1759811076933511552,base_link,-0.0009932381678974395,0.0013790778722404592,0.029390767634283964,-0.9995666289893399,1.0,0.0,0.0,0.0,1.0,0.0,0.0,0.0,1.0,0.00024254166055470705,0.014416233636438848,0.011545823886990545,1.2184696791468346e-07,0.0,0.0,0.0,1.2184696791468346e-07,0.0,0.0,0.0,1.2184696791468346e-07,0.08326093852519989,-0.3717675805091847,9.261261940002441,8.999999999999999e-08,0.0,0.0,0.0,8.999999999999999e-08,0.0,0.0,0.0,8.999999999999999e-08
1759811076946149216,171513,1759811076938511552,base_link,-0.0008999941307291107,0.001269195502282788,0.02939397079477075,-0.9995667132830369,1.0,0.0,0.0,0.0,1.0,0.0,0.0,0.0,1.0,0.006506279576569796,-0.0028313943184912174,0.02586991712450981,1.2184696791468346e-07,0.0,0.0,0.0,1.2184696791468346e-07,0.0,0.0,0.0,1.2184696791468346e-07,0.07661819458007812,0.12128297984600189,10.001847267150879,8.999999999999999e-08,0.0,0.0,0.0,8.999999999999999e-08,0.0,0.0,0.0,8.999999999999999e-08
1759811076956578304,171514,1759811076949511552,base_link,-0.0009001820525783182,0.0012297421934173646,0.0293859628935537,-0.999567050457825,1.0,0.0,0.0,0.0,1.0,0.0,0.0,0.0,1.0,-0.01137530617415905,0.023019229993224144,-0.009164052084088329,1.2184696791468346e-07,0.0,0.0,0.0,1.2184696791468346e-07,0.0,0.0,0.0,1.2184696791468346e-07,-0.0742369294166565,0.16277213394641998,9.939887046813965,8.999999999999999e-08,0.0,0.0,0.0,8.999999999999999e-08,0.0,0.0,0.0,8.999999999999999e-08
1759811076958835456,171515,1759811076954511552,base_link,-0.0010508270002013457,0.0013946358833439715,0.029286369890522447,-0.9995695371218872,1.0,0.0,0.0,0.0,1.0,0.0,0.0,0.0,1.0,0.02129586972296238,-0.019366307184100148,0.016262480989098552,1.2184696791468346e-07,0.0,0.0,0.0,1.2184696791468346e-07,0.0,0.0,0.0,1.2184696791468346e-07,-0.020040158182382584,-0.04499652236699942,9.471994400024414,8.999999999999999e-08,0.0,0.0,0.0,8.999999999999999e-08,0.0,0.0,0.0,8.999999999999999e-08
1759811076964986912,171516,1759811076959510784,base_link,-0.0009897718880103987,0.0012959302381679615,0.02933391153564276,-0.9995683570101289,1.0,0.0,0.0,0.0,1.0,0.0,0.0,0.0,1.0,0.002519969828426838,-7.299252320080912e-05,0.006837797351181507,1.2184696791468346e-07,0.0,0.0,0.0,1.2184696791468346e-07,0.0,0.0,0.0,1.2184696791468346e-07,0.08328557014465332,0.15098384022712827,9.68600845336914,8.999999999999999e-08,0.0,0.0,0.0,8.999999999999999e-08,0.0,0.0,0.0,8.999999999999999e-08
1759811076971018368,171517,1759811076964510784,base_link,-0.0011046070786047862,0.0014878137985277957,0.029181171356639272,-0.9995724874012829,1.0,0.0,0.0,0.0,1.0,0.0,0.0,0.0,1.0,0.003993480000644922,-0.021372627466917034,0.02639582566916943,1.2184696791468346e-07,0.0,0.0,0.0,1.2184696791468346e-07,0.0,0.0,0.0,1.2184696791468346e-07,0.1555919498205185,-0.11666133254766343,9.872876167297363,8.999999999999999e-08,0.0,0.0,0.0,8.999999999999999e-08,0.0,0.0,0.0,8.999999999999999e-08
1759811076981170656,171518,1759811076974510784,base_link,-0.000984762844136313,0.0013656933049674802,0.02922529910703019,-0.9995714337300702,1.0,0.0,0.0,0.0,1.0,0.0,0.0,0.0,1.0,0.006513172760605812,-0.0030409367755055397,0.025494027882814407,1.2184696791468346e-07,0.0,0.0,0.0,1.2184696791468346e-07,0.0,0.0,0.0,1.2184696791468346e-07,-0.18873076140880585,0.10248335450887795,9.422792434692383,8.999999999999999e-08,0.0,0.0,0.0,8.999999999999999e-08,0.0,0.0,0.0,8.999999999999999e-08
1759811076988013600,171519,1759811076980510784,base_link,-0.0010411770902819264,0.0012969236113992218,0.029158664939534475,-0.9995734146319502,1.0,0.0,0.0,0.0,1.0,0.0,0.0,0.0,1.0,-0.009434850886464119,0.019982567057013515,0.02338294498622417,1.2184696791468346e-07,0.0,0.0,0.0,1.2184696791468346e-07,0.0,0.0,0.0,1.2184696791468346e-07,0.25615954399108887,-0.1646918207406986,9.45092487335205,8.999999999999999e-08,0.0,0.0,0.0,8.999999999999999e-08,0.0,0.0,0.0,8.999999999999999e-08
1759811076991033600,171520,1759811076986510784,base_link,-0.0010598299004314297,0.0013819263653507064,0.028982617553304422,-0.999578430106923,1.0,0.0,0.0,0.0,1.0,0.0,0.0,0.0,1.0,-0.004828582052141428,-0.005084754899144168,0.03479692339897156,1.2184696791468346e-07,0.0,0.0,0.0,1.2184696791468346e-07,0.0,0.0,0.0,1.2184696791468346e-07,-0.1670318841934204,0.3590168952941907,9.841972351074219,8.999999999999999e-08,0.0,0.0,0.0,8.999999999999999e-08,0.0,0.0,0.0,8.999999999999999e-08
1759811077001585440,171521,1759811076996510784,base_link,-0.001136051117715334,0.001374968060602266,0.028963272149837953,-0.9995788937222566,1.0,0.0,0.0,0.0,1.0,0.0,0.0,0.0,1.0,0.013324867933988571,0.00014050165191292887,0.010264274664223194,1.2184696791468346e-07,0.0,0.0,0.0,1.2184696791468346e-07,0.0,0.0,0.0,1.2184696791468346e-07,0.016835853457450867,0.4381298124790204,9.96533203125,8.999999999999999e-08,0.0,0.0,0.0,8.999999999999999e-08,0.0,0.0,0.0,8.999999999999999e-08
1759811077008798496,171522,1759811077001510784,base_link,-0.0010939107414621825,0.001404586871580634,0.029048155902738907,-0.999576449205043,1.0,0.0,0.0,0.0,1.0,0.0,0.0,0.0,1.0,-0.0036363136023283005,-0.005631519947201014,-0.008973000571131706,1.2184696791468346e-07,0.0,0.0,0.0,1.2184696791468346e-07,0.0,0.0,0.0,1.2184696791468346e-07,0.2489663064479828,-0.46760568022727855,8.872919082641602,8.999999999999999e-08,0.0,0.0,0.0,8.999999999999999e-08,0.0,0.0,0.0,8.999999999999999e-08
1759811077019342816,171523,1759811077012510784,base_link,-0.0011027654383086965,0.0014570469489666128,0.028854744014922405,-0.9995819704421979,1.0,0.0,0.0,0.0,1.0,0.0,0.0,0.0,1.0,0.005628748331218958,-0.018163513392210003,0.03356846421957016,1.2184696791468346e-07,0.0,0.0,0.0,1.2184696791468346e-07,0.0,0.0,0.0,1.2184696791468346e-07,-0.16740310192108154,-0.4623810648918141,8.934699058532715,8.999999999999999e-08,0.0,0.0,0.0,8.999999999999999e-08,0.0,0.0,0.0,8.999999999999999e-08
1759811077025320128,171524,1759811077017510784,base_link,-0.0011181465993425417,0.0014175722785637118,0.02877639302354067,-0.999584288518866,1.0,0.0,0.0,0.0,1.0,0.0,0.0,0.0,1.0,0.005427487660199404,0.006549844983965162,0.027511216700077057,1.2184696791468346e-07,0.0,0.0,0.0,1.2184696791468346e-07,0.0,0.0,0.0,1.2184696791468346e-07,0.10295604169368744,0.4475797712802899,9.897600173950195,8.999999999999999e-08,0.0,0.0,0.0,8.999999999999999e-08,0.0,0.0,0.0,8.999999999999999e-08
1759811077029088448,171525,1759811077023510784,base_link,-0.001084637076541738,0.001366661169888814,0.02875245361358644,-0.9995851314558362,1.0,0.0,0.0,0.0,1.0,0.0,0.0,0.0,1.0,-0.011492584832012653,0.027570657432079315,0.005762742832303044,1.2184696791468346e-07,0.0,0.0,0.0,1.2184696791468346e-07,0.0,0.0,0.0,1.2184696791468346e-07,0.293815016746521,-0.4502796232700337,9.221174240112305,8.999999999999999e-08,0.0,0.0,0.0,8.999999999999999e-08,0.0,0.0,0.0,8.999999999999999e-08
1759811077038131040,171526,1759811077028510784,base_link,-0.0010696662298953978,0.0013127120410522228,0.028695808249187788,-0.9995868173297766,1.0,0.0,0.0,0.0,1.0,0.0,0.0,0.0,1.0,-0.0011197960702702403,-0.001748088863678273,0.028908589854836464,1.2184696791468346e-07,0.0,0.0,0.0,1.2184696791468346e-07,0.0,0.0,0.0,1.2184696791468346e-07,-0.17886336147785187,0.4288779199123395,10.11085319519043,8.999999999999999e-08,0.0,0.0,0.0,8.999999999999999e-08,0.0,0.0,0.0,8.999999999999999e-08
1759811077041072640,171527,1759811077033510784,base_link,-0.0010527647879956007,0.0013649412677188798,0.028652439142070125,-0.9995879552946865,1.0,0.0,0.0,0.0,1.0,0.0,0.0,0.0,1.0,0.0017457796493545175,0.00321617117151618,-0.0017372872680425648,1.2184696791468346e-07,0.0,0.0,0.0,1.2184696791468346e-07,0.0,0.0,0.0,1.2184696791468346e-07,-0.18272212147712708,-0.4444534480571735,9.341224670410156,8.999999999999999e-08,0.0,0.0,0.0,8.999999999999999e-08,0.0,0.0,0.0,8.999999999999999e-08
1759811077054028032,171528,1759811077044510784,base_link,-0.0011824904725165966,0.001416186412805694,0.028678190866510276,-0.9995870702108678,1.0,0.0,0.0,0.0,1.0,0.0,0.0,0.0,1.0,0.015285197645425797,-0.0001372542465105664,-0.009161403402686119,1.2184696791468346e-07,0.0,0.0,0.0,1.2184696791468346e-07,0.0,0.0,0.0,1.2184696791468346e-07,0.08045245707035065,-0.0014116277452546557,9.571852684020996,8.999999999999999e-08,0.0,0.0,0.0,8.999999999999999e-08,0.0,0.0,0.0,8.999999999999999e-08
1759811077059866688,171529,1759811077054510784,base_link,-0.0012150978510800116,0.0013974181824414086,0.028580073003176904,-0.9995897676091724,1.0,0.0,0.0,0.0,1.0,0.0,0.0,0.0,1.0,-0.00014261488104239106,0.00010833190754056226,0.02030952461063862,1.2184696791468346e-07,0.0,0.0,0.0,1.2184696791468346e-07,0.0,0.0,0.0,1.2184696791468346e-07,0.14874355494976044,-0.10119047760963325,9.40677547454834,8.999999999999999e-08,0.0,0.0,0.0,8.999999999999999e-08,0.0,0.0,0.0,8.999999999999999e-08
1759811077067441376,171530,1759811077060508736,base_link,-0.0011574509999759763,0.0012471705995455223,0.028593391407306344,-0.9995896833154754,1.0,0.0,0.0,0.0,1.0,0.0,0.0,0.0,1.0,-0.015307247638702393,0.027313463389873508,0.020685151219367977,1.2184696791468346e-07,0.0,0.0,0.0,1.2184696791468346e-07,0.0,0.0,0.0,1.2184696791468346e-07,0.023893088102340698,0.2158739119768154,9.241975784301758,8.999999999999999e-08,0.0,0.0,0.0,8.999999999999999e-08,0.0,0.0,0.0,8.999999999999999e-08
1759811077073295520,171531,1759811077065508736,base_link,-0.0011579535620433886,0.0012440853905539289,0.02848094361547927,-0.9995928864759622,1.0,0.0,0.0,0.0,1.0,0.0,0.0,0.0,1.0,-0.02007295936346054,0.024727975949645046,0.014716180972754952,1.2184696791468346e-07,0.0,0.0,0.0,1.2184696791468346e-07,0.0,0.0,0.0,1.2184696791468346e-07,0.05809453874826431,0.02428307384252665,9.551158905029297,8.999999999999999e-08,0.0,0.0,0.0,8.999999999999999e-08,0.0,0.0,0.0,8.999999999999999e-08
1759811077081634880,171532,1759811077076508736,base_link,-0.001113699515163561,0.0011989645756245008,0.028458605785768514,-0.9995936451192354,1.0,0.0,0.0,0.0,1.0,0.0,0.0,0.0,1.0,0.004438160452991724,0.0012780921533703808,0.003106513759121299,1.2184696791468346e-07,0.0,0.0,0.0,1.2184696791468346e-07,0.0,0.0,0.0,1.2184696791468346e-07,0.06851692497730255,-0.12463909387588386,9.38170337677002,8.999999999999999e-08,0.0,0.0,0.0,8.999999999999999e-08,0.0,0.0,0.0,8.999999999999999e-08
1759811077086950400,171533,1759811077081508736,base_link,-0.0011248790143212062,0.001150770100670544,0.028504967319130464,-0.9995923807137801,1.0,0.0,0.0,0.0,1.0,0.0,0.0,0.0,1.0,0.013181682676076889,0.005944603122770785,-0.008779584430158138,1.2184696791468346e-07,0.0,0.0,0.0,1.2184696791468346e-07,0.0,0.0,0.0,1.2184696791468346e-07,-0.11083381623029709,0.11371477693319436,9.378092765808105,8.999999999999999e-08,0.0,0.0,0.0,8.999999999999999e-08,0.0,0.0,0.0,8.999999999999999e-08
1759811077096816480,171534,1759811077092508736,base_link,-0.001123007731804939,0.0011513325259771955,0.02848060644069118,-0.9995930550633563,1.0,0.0,0.0,0.0,1.0,0.0,0.0,0.0,1.0,0.0028384518809616566,0.006743157282471657,-0.0012305467389523992,1.2184696791468346e-07,0.0,0.0,0.0,1.2184696791468346e-07,0.0,0.0,0.0,1.2184696791468346e-07,0.09124179184436798,0.07373740524053692,9.636137962341309,8.999999999999999e-08,0.0,0.0,0.0,8.999999999999999e-08,0.0,0.0,0.0,8.999999999999999e-08
1759811077102676416,171535,1759811077097508736,base_link,-0.001148689226074734,0.001116476024986058,0.028373722032867563,-0.9995960896364491,1.0,0.0,0.0,0.0,1.0,0.0,0.0,0.0,1.0,0.00200097169727087,0.014344299212098123,0.021032402291893956,1.2184696791468346e-07,0.0,0.0,0.0,1.2184696791468346e-07,0.0,0.0,0.0,1.2184696791468346e-07,0.13700911402702332,0.1784363836050045,9.367347717285156,8.999999999999999e-08,0.0,0.0,0.0,8.999999999999999e-08,0.0,0.0,0.0,8.999999999999999e-08
1759811077106993056,171536,1759811077102508736,base_link,-0.0010716842417874105,0.001003341593753182,0.02836807435516708,-0.9995965111049342,1.0,0.0,0.0,0.0,1.0,0.0,0.0,0.0,1.0,-0.015229672193527222,0.030502911657094955,0.014089957810938355,1.2184696791468346e-07,0.0,0.0,0.0,1.2184696791468346e-07,0.0,0.0,0.0,1.2184696791468346e-07,-0.11894512921571732,-0.03958595916628715,10.02401065826416,8.999999999999999e-08,0.0,0.0,0.0,8.999999999999999e-08,0.0,0.0,0.0,8.999999999999999e-08
1759811077114010240,171537,1759811077107508736,base_link,-0.0010379285313830795,0.0009645857915641709,0.028308310123978667,-0.9995982812725717,1.0,0.0,0.0,0.0,1.0,0.0,0.0,0.0,1.0,-0.024300958961248398,0.022645473480224613,0.014867403544485566,1.2184696791468346e-07,0.0,0.0,0.0,1.2184696791468346e-07,0.0,0.0,0.0,1.2184696791468346e-07,0.04760066419839859,-0.23143135011196014,9.87570858001709,8.999999999999999e-08,0.0,0.0,0.0,8.999999999999999e-08,0.0,0.0,0.0,8.999999999999999e-08
1759811077117814304,171538,1759811077113508736,base_link,-0.0009757237188134108,0.0008828289880578962,0.028361415153102386,-0.9995969325734192,1.0,0.0,0.0,0.0,1.0,0.0,0.0,0.0,1.0,-0.02789037488400936,0.020260700955986977,-0.00013439287431538354,1.2184696791468346e-07,0.0,0.0,0.0,1.2184696791468346e-07,0.0,0.0,0.0,1.2184696791468346e-07,-0.1567627489566803,0.4073211550712597,9.658870697021484,8.999999999999999e-08,0.0,0.0,0.0,8.999999999999999e-08,0.0,0.0,0.0,8.999999999999999e-08
1759811077124895936,171539,1759811077118508736,base_link,-0.001017839723774888,0.0008758441923276462,0.028229579810960328,-0.9996006414960883,1.0,0.0,0.0,0.0,1.0,0.0,0.0,0.0,1.0,-0.007088877726346254,0.011921576224267486,0.021836785599589348,1.2184696791468346e-07,0.0,0.0,0.0,1.2184696791468346e-07,0.0,0.0,0.0,1.2184696791468346e-07,-0.024047063663601875,-0.07503889501094703,9.361154556274414,8.999999999999999e-08,0.0,0.0,0.0,8.999999999999999e-08,0.0,0.0,0.0,8.999999999999999e-08
1759811077139457600,171540,1759811077128508736,base_link,-0.0010215782037735215,0.000868173049163467,0.028242223865513595,-0.9996002200276032,1.0,0.0,0.0,0.0,1.0,0.0,0.0,0.0,1.0,0.005388555582612753,-0.0018506930209696289,0.0038062289822846655,1.2184696791468346e-07,0.0,0.0,0.0,1.2184696791468346e-07,0.0,0.0,0.0,1.2184696791468346e-07,-0.13646821677684784,-0.053519856184719806,9.7008638381958,8.999999999999999e-08,0.0,0.0,0.0,8.999999999999999e-08,0.0,0.0,0.0,8.999999999999999e-08
1759811077139876288,171541,1759811077134508736,base_link,-0.0009477405368874709,0.0008390194587209569,0.028295876803667956,-0.9995988291816023,1.0,0.0,0.0,0.0,1.0,0.0,0.0,0.0,1.0,0.0016239017713814974,-0.0004026775714010004,-0.0032482058741152287,1.2184696791468346e-07,0.0,0.0,0.0,1.2184696791468346e-07,0.0,0.0,0.0,1.2184696791468346e-07,0.0882125049829483,0.18145968019962427,9.623664855957031,8.999999999999999e-08,0.0,0.0,0.0,8.999999999999999e-08,0.0,0.0,0.0,8.999999999999999e-08
1759811077146210400,171542,1759811077139508736,base_link,-0.0010519862031715223,0.0008320106878547132,0.028233963083205426,-0.9996004729086941,1.0,0.0,0.0,0.0,1.0,0.0,0.0,0.0,1.0,0.008724475279450417,0.017741581425070763,0.011937106028199194,1.2184696791468346e-07,0.0,0.0,0.0,1.2184696791468346e-07,0.0,0.0,0.0,1.2184696791468346e-07,0.24817317724227905,-0.019156219437717174,9.949056625366211,8.999999999999999e-08,0.0,0.0,0.0,8.999999999999999e-08,0.0,0.0,0.0,8.999999999999999e-08
1759811077153477344,171543,1759811077144508736,base_link,-0.0009612534946151116,0.0007609762185644706,0.028254783626369837,-0.9996000514402091,1.0,0.0,0.0,0.0,1.0,0.0,0.0,0.0,1.0,-0.015345761552453041,0.013602648861706259,0.011315824463963507,1.2184696791468346e-07,0.0,0.0,0.0,1.2184696791468346e-07,0.0,0.0,0.0,1.2184696791468346e-07,0.14496470987796783,0.16749025881290566,10.727736473083496,8.999999999999999e-08,0.0,0.0,0.0,8.999999999999999e-08,0.0,0.0,0.0,8.999999999999999e-08
1759811077158786912,171544,1759811077155508736,base_link,-0.0008537385304250908,0.0006665402775752406,0.028136013807266096,-0.999603591775484,1.0,0.0,0.0,0.0,1.0,0.0,0.0,0.0,1.0,-0.024584738537669182,0.02007992193102837,0.0212958138436079,1.2184696791468346e-07,0.0,0.0,0.0,1.2184696791468346e-07,0.0,0.0,0.0,1.2184696791468346e-07,0.26086583733558655,-0.25694862008094665,9.76689338684082,8.999999999999999e-08,0.0,0.0,0.0,8.999999999999999e-08,0.0,0.0,0.0,8.999999999999999e-08
1759811077167147200,171545,1759811077160507712,base_link,-0.0008707222955332648,0.0007199252858675603,0.028089146511722014,-0.9996048561809393,1.0,0.0,0.0,0.0,1.0,0.0,0.0,0.0,1.0,-0.009724054485559464,-0.002899960381910203,0.015746627002954483,1.2184696791468346e-07,0.0,0.0,0.0,1.2184696791468346e-07,0.0,0.0,0.0,1.2184696791468346e-07,-0.4158160984516144,0.10633046925068025,10.124845504760742,8.999999999999999e-08,0.0,0.0,0.0,8.999999999999999e-08,0.0,0.0,0.0,8.999999999999999e-08
1759811077175158240,171546,1759811077165507712,base_link,-0.0007756152591038082,0.0006906242097520964,0.028128216640291605,-0.9996038025097265,1.0,0.0,0.0,0.0,1.0,0.0,0.0,0.0,1.0,-0.0179080069065094,-0.0064192665740847605,-0.01115934643894434,1.2184696791468346e-07,0.0,0.0,0.0,1.2184696791468346e-07,0.0,0.0,0.0,1.2184696791468346e-07,0.011593502014875412,-0.3219527304172504,9.358196258544922,8.999999999999999e-08,0.0,0.0,0.0,8.999999999999999e-08,0.0,0.0,0.0,8.999999999999999e-08
1759811077180738592,171547,1759811077171507712,base_link,-0.000858155303549628,0.000772544625554452,0.028134159345931612,-0.999603507481787,1.0,0.0,0.0,0.0,1.0,0.0,0.0,0.0,1.0,0.009224852547049522,-0.006619943305850028,0.005007972940802575,1.2184696791468346e-07,0.0,0.0,0.0,1.2184696791468346e-07,0.0,0.0,0.0,1.2184696791468346e-07,0.017158731818199158,0.284984201192857,9.485180854797363,8.999999999999999e-08,0.0,0.0,0.0,8.999999999999999e-08,0.0,0.0,0.0,8.999999999999999e-08
1759811077195484736,171548,1759811077181507712,base_link,-0.0008530510871319415,0.0007346901727190288,0.028005906485912994,-0.9996071742576075,1.0,0.0,0.0,0.0,1.0,0.0,0.0,0.0,1.0,-0.0006576127489097416,-0.003609420964494344,0.03005201183259487,1.2184696791468346e-07,0.0,0.0,0.0,1.2184696791468346e-07,0.0,0.0,0.0,1.2184696791468346e-07,-0.5470122694969177,0.48745894432068004,10.719344139099121,8.999999999999999e-08,0.0,0.0,0.0,8.999999999999999e-08,0.0,0.0,0.0,8.999999999999999e-08
1759811077195528992,171549,1759811077190507712,base_link,-0.0007376692891612913,0.0006602203391194678,0.027957901225459058,-0.9996086493973053,1.0,0.0,0.0,0.0,1.0,0.0,0.0,0.0,1.0,-0.028904708102345467,0.020461689680814743,0.001034862827509639,1.2184696791468346e-07,0.0,0.0,0.0,1.2184696791468346e-07,0.0,0.0,0.0,1.2184696791468346e-07,0.48327818512916565,-0.7153753638267505,9.744608879089355,8.999999999999999e-08,0.0,0.0,0.0,8.999999999999999e-08,0.0,0.0,0.0,8.999999999999999e-08
1759811077205037600,171550,1759811077197507712,base_link,-0.0006385560293730154,0.0006149506789828185,0.027893374400388894,-0.9996105460054883,1.0,0.0,0.0,0.0,1.0,0.0,0.0,0.0,1.0,-0.035706423223018646,0.0005840029916726068,0.01215861551463604,1.2184696791468346e-07,0.0,0.0,0.0,1.2184696791468346e-07,0.0,0.0,0.0,1.2184696791468346e-07,0.1572863757610321,0.1002361774444592,9.748950958251953,8.999999999999999e-08,0.0,0.0,0.0,8.999999999999999e-08,0.0,0.0,0.0,8.999999999999999e-08
1759811077213990784,171551,1759811077208507712,base_link,-0.0006017618756406959,0.0006674698054309398,0.027879634527774345,-0.9996108831802764,1.0,0.0,0.0,0.0,1.0,0.0,0.0,0.0,1.0,-0.0005235467106103897,-0.010808259248733519,0.007916438393294813,1.2184696791468346e-07,0.0,0.0,0.0,1.2184696791468346e-07,0.0,0.0,0.0,1.2184696791468346e-07,0.3355567157268524,-0.3809829354286183,9.124393463134766,8.999999999999999e-08,0.0,0.0,0.0,8.999999999999999e-08,0.0,0.0,0.0,8.999999999999999e-08
1759811077217947744,171552,1759811077213507712,base_link,-0.0006283073018455601,0.0006644006677550246,0.02794744880702837,-0.9996089865720934,1.0,0.0,0.0,0.0,1.0,0.0,0.0,0.0,1.0,0.008741278201341629,-0.0006910415831953299,-0.009817669168114662,1.2184696791468346e-07,0.0,0.0,0.0,1.2184696791468346e-07,0.0,0.0,0.0,1.2184696791468346e-07,-0.24931679666042328,0.14112341403961304,9.875751495361328,8.999999999999999e-08,0.0,0.0,0.0,8.999999999999999e-08,0.0,0.0,0.0,8.999999999999999e-08
1759811077223803392,171553,1759811077218507712,base_link,-0.0006735403433061504,0.0007299730904366541,0.027846338517450768,-0.9996117261172466,1.0,0.0,0.0,0.0,1.0,0.0,0.0,0.0,1.0,0.017657235264778137,-0.008890573866665362,0.019782446324825287,1.2184696791468346e-07,0.0,0.0,0.0,1.2184696791468346e-07,0.0,0.0,0.0,1.2184696791468346e-07,0.20298799872398376,0.16242334246635562,10.102303504943848,8.999999999999999e-08,0.0,0.0,0.0,8.999999999999999e-08,0.0,0.0,0.0,8.999999999999999e-08
1759811077229776416,171554,1759811077224507712,base_link,-0.0005692275620759535,0.0007037453926635954,0.027823031310224206,-0.9996124426136713,1.0,0.0,0.0,0.0,1.0,0.0,0.0,0.0,1.0,-0.01601226255297661,-0.00032423797529190584,0.01606953702867031,1.2184696791468346e-07,0.0,0.0,0.0,1.2184696791468346e-07,0.0,0.0,0.0,1.2184696791468346e-07,0.03181987255811691,-0.2969503104686725,9.885499000549316,8.999999999999999e-08,0.0,0.0,0.0,8.999999999999999e-08,0.0,0.0,0.0,8.999999999999999e-08
1759811077239375424,171555,1759811077229507712,base_link,-0.0006249147699398752,0.0007124101663029832,0.027763014197944726,-0.9996141284876118,1.0,0.0,0.0,0.0,1.0,0.0,0.0,0.0,1.0,-0.008929358795285225,0.00443575391545892,0.02083062194287777,1.2184696791468346e-07,0.0,0.0,0.0,1.2184696791468346e-07,0.0,0.0,0.0,1.2184696791468346e-07,-0.07323452085256577,-0.03504726663231728,9.89564037322998,8.999999999999999e-08,0.0,0.0,0.0,8.999999999999999e-08,0.0,0.0,0.0,8.999999999999999e-08
1759811077241812864,171556,1759811077234507712,base_link,-0.0005510436536232103,0.0006222924225572518,0.027792516991902307,-0.9996133698443386,1.0,0.0,0.0,0.0,1.0,0.0,0.0,0.0,1.0,-0.028602924197912216,0.018575383350253105,-0.004739211872220042,1.2184696791468346e-07,0.0,0.0,0.0,1.2184696791468346e-07,0.0,0.0,0.0,1.2184696791468346e-07,0.24660614132881165,-0.33963069319724914,9.803329467773438,8.999999999999999e-08,0.0,0.0,0.0,8.999999999999999e-08,0.0,0.0,0.0,8.999999999999999e-08
1759811077247137248,171557,1759811077239507712,base_link,-0.0005137311366139462,0.0006254316656402131,0.027740549927688384,-0.9996148449840364,1.0,0.0,0.0,0.0,1.0,0.0,0.0,0.0,1.0,-0.019046777859330177,0.002704106504097583,0.01848333142697811,1.2184696791468346e-07,0.0,0.0,0.0,1.2184696791468346e-07,0.0,0.0,0.0,1.2184696791468346e-07,-0.14304512739181519,0.5170775651931775,9.665411949157715,8.999999999999999e-08,0.0,0.0,0.0,8.999999999999999e-08,0.0,0.0,0.0,8.999999999999999e-08
1759811077254986784,171558,1759811077250507712,base_link,-0.000559844758837948,0.0006340962694985949,0.027641589127384795,-0.9996175423823411,1.0,0.0,0.0,0.0,1.0,0.0,0.0,0.0,1.0,0.013547409325838089,0.0010250310879200714,0.015039308927953243,1.2184696791468346e-07,0.0,0.0,0.0,1.2184696791468346e-07,0.0,0.0,0.0,1.2184696791468346e-07,-0.00019020959734916687,-0.28422865271568193,8.722562789916992,8.999999999999999e-08,0.0,0.0,0.0,8.999999999999999e-08,0.0,0.0,0.0,8.999999999999999e-08
1759811077261662016,171559,1759811077255507712,base_link,-0.0005611258671428463,0.0006172313639567934,0.02767880479461995,-0.9996165730048254,1.0,0.0,0.0,0.0,1.0,0.0,0.0,0.0,1.0,0.011755026876926422,-0.0017024066764861352,-0.005395267158746719,1.2184696791468346e-07,0.0,0.0,0.0,1.2184696791468346e-07,0.0,0.0,0.0,1.2184696791468346e-07,0.44195297360420227,-0.7051957249641407,8.863197326660156,8.999999999999999e-08,0.0,0.0,0.0,8.999999999999999e-08,0.0,0.0,0.0,8.999999999999999e-08
1759811077269430560,171560,1759811077265506688,base_link,-0.0006416332036714346,0.0006470374765048985,0.02769772872960131,-0.9996159408020977,1.0,0.0,0.0,0.0,1.0,0.0,0.0,0.0,1.0,0.043286051601171494,-0.007850595749914644,0.010657767765223982,1.2184696791468346e-07,0.0,0.0,0.0,1.2184696791468346e-07,0.0,0.0,0.0,1.2184696791468346e-07,-0.11721475422382355,0.752221167087556,9.162586212158203,8.999999999999999e-08,0.0,0.0,0.0,8.999999999999999e-08,0.0,0.0,0.0,8.999999999999999e-08
1759811077283846592,171561,1759811077271506688,base_link,-0.0007500761236350746,0.0005082075019455388,0.027619967794098726,-0.9996180902913717,1.0,0.0,0.0,0.0,1.0,0.0,0.0,0.0,1.0,0.013014571741223335,0.02707639336585999,0.016812108457088467,1.2184696791468346e-07,0.0,0.0,0.0,1.2184696791468346e-07,0.0,0.0,0.0,1.2184696791468346e-07,-0.2186642289161682,0.14707480370998516,10.915992736816406,8.999999999999999e-08,0.0,0.0,0.0,8.999999999999999e-08,0.0,0.0,0.0,8.999999999999999e-08
1759811077283919360,171562,1759811077276506688,base_link,-0.0007336289539686903,0.0005045147341965416,0.027592825223657712,-0.9996188489346449,1.0,0.0,0.0,0.0,1.0,0.0,0.0,0.0,1.0,0.003097357228398323,0.012570197694003584,0.01572362147271633,1.2184696791468346e-07,0.0,0.0,0.0,1.2184696791468346e-07,0.0,0.0,0.0,1.2184696791468346e-07,0.1558503806591034,-0.4489803314208972,9.98729419708252,8.999999999999999e-08,0.0,0.0,0.0,8.999999999999999e-08,0.0,0.0,0.0,8.999999999999999e-08
1759811077291803552,171563,1759811077282506688,base_link,-0.0007421924197963071,0.0003762794902434797,0.02768525326244209,-0.9996163622705828,1.0,0.0,0.0,0.0,1.0,0.0,0.0,0.0,1.0,-0.012173512950539589,0.028406888246536255,-0.010134880430996421,1.2184696791468346e-07,0.0,0.0,0.0,1.2184696791468346e-07,0.0,0.0,0.0,1.2184696791468346e-07,-0.2226060926914215,0.6266740560531628,9.733305931091309,8.999999999999999e-08,0.0,0.0,0.0,8.999999999999999e-08,0.0,0.0,0.0,8.999999999999999e-08
1759811077299187456,171564,1759811077292506688,base_link,-0.0008102380333882804,0.000310021413400362,0.027625699765496232,-0.9996180059976747,1.0,0.0,0.0,0.0,1.0,0.0,0.0,0.0,1.0,0.011499462649226189,0.011824054643511774,0.012128300964832304,1.2184696791468346e-07,0.0,0.0,0.0,1.2184696791468346e-07,0.0,0.0,0.0,1.2184696791468346e-07,0.020037874579429626,-0.11176817119121434,9.59255313873291,8.999999999999999e-08,0.0,0.0,0.0,8.999999999999999e-08,0.0,0.0,0.0,8.999999999999999e-08
1759811077307873184,171565,1759811077303506688,base_link,-0.0009545273782545245,0.00024854502822970685,0.027608883172940375,-0.9996183853193114,1.0,0.0,0.0,0.0,1.0,0.0,0.0,0.0,1.0,0.016501300036907196,0.023460885509848595,-0.009388649836182598,1.2184696791468346e-07,0.0,0.0,0.0,1.2184696791468346e-07,0.0,0.0,0.0,1.2184696791468346e-07,-0.1655026078224182,0.14258757233619804,9.369668006896973,8.999999999999999e-08,0.0,0.0,0.0,8.999999999999999e-08,0.0,0.0,0.0,8.999999999999999e-08
1759811077313875264,171566,1759811077308506688,base_link,-0.0011010215918720425,0.00034059374537749945,0.027498416282993317,-0.9996212091581615,1.0,0.0,0.0,0.0,1.0,0.0,0.0,0.0,1.0,0.039459578692913055,7.834366988390806e-05,0.010009038262069225,1.2184696791468346e-07,0.0,0.0,0.0,1.2184696791468346e-07,0.0,0.0,0.0,1.2184696791468346e-07,-0.10427489131689072,0.35327553749084595,9.948537826538086,8.999999999999999e-08,0.0,0.0,0.0,8.999999999999999e-08,0.0,0.0,0.0,8.999999999999999e-08
1759811077323955296,171567,1759811077319506688,base_link,-0.001102248501449446,0.00017368238826577108,0.027407041915421718,-0.9996238222627692,1.0,0.0,0.0,0.0,1.0,0.0,0.0,0.0,1.0,0.01203334704041481,0.022436836734414104,0.024100091308355328,1.2184696791468346e-07,0.0,0.0,0.0,1.2184696791468346e-07,0.0,0.0,0.0,1.2184696791468346e-07,-0.15954089164733887,0.30402541160583624,10.272817611694336,8.999999999999999e-08,0.0,0.0,0.0,8.999999999999999e-08,0.0,0.0,0.0,8.999999999999999e-08
1759811077330630560,171568,1759811077324506688,base_link,-0.0009837116424654456,7.245907598695366e-05,0.027461579937394814,-0.9996223892699199,1.0,0.0,0.0,0.0,1.0,0.0,0.0,0.0,1.0,-0.009262016043066978,0.021507231518626213,-0.001610792824067178,1.2184696791468346e-07,0.0,0.0,0.0,1.2184696791468346e-07,0.0,0.0,0.0,1.2184696791468346e-07,0.08824081718921661,-0.3908968865871418,9.401015281677246,8.999999999999999e-08,0.0,0.0,0.0,8.999999999999999e-08,0.0,0.0,0.0,8.999999999999999e-08
1759811077343606336,171569,1759811077335506688,base_link,-0.0010514914304508684,6.272587047703258e-05,0.027452181190176846,-0.9996226000041624,1.0,0.0,0.0,0.0,1.0,0.0,0.0,0.0,1.0,0.007735127117484808,0.014536357484757899,-0.01388349197804928,1.2184696791468346e-07,0.0,0.0,0.0,1.2184696791468346e-07,0.0,0.0,0.0,1.2184696791468346e-07,0.08943192660808563,-0.5538079142570485,9.078439712524414,8.999999999999999e-08,0.0,0.0,0.0,8.999999999999999e-08,0.0,0.0,0.0,8.999999999999999e-08
1759811077352617056,171570,1759811077345506688,base_link,-0.0012657475278749985,5.6155860034111324e-05,0.027392079784200347,-0.9996240329970117,1.0,0.0,0.0,0.0,1.0,0.0,0.0,0.0,1.0,0.027557285502552986,0.01329912804067135,0.015763992443680763,1.2184696791468346e-07,0.0,0.0,0.0,1.2184696791468346e-07,0.0,0.0,0.0,1.2184696791468346e-07,0.3695445656776428,-0.2774024009704579,9.246163368225098,8.999999999999999e-08,0.0,0.0,0.0,8.999999999999999e-08,0.0,0.0,0.0,8.999999999999999e-08
1759811077355524608,171571,1759811077351506688,base_link,-0.0013533465009413835,3.491323099914449e-05,0.02732312754003652,-0.9996258031646492,1.0,0.0,0.0,0.0,1.0,0.0,0.0,0.0,1.0,0.028087889775633812,0.017323931679129604,0.021452136337757107,1.2184696791468346e-07,0.0,0.0,0.0,1.2184696791468346e-07,0.0,0.0,0.0,1.2184696791468346e-07,-0.2586386501789093,0.22933046519756445,10.41967487335205,8.999999999999999e-08,0.0,0.0,0.0,8.999999999999999e-08,0.0,0.0,0.0,8.999999999999999e-08
1759811077360858944,171572,1759811077356506688,base_link,-0.0014409791009367076,2.4272057248842234e-05,0.027357519368421384,-0.9996247073465879,1.0,0.0,0.0,0.0,1.0,0.0,0.0,0.0,1.0,0.01874442584812641,0.006657459773123264,0.0019542837981134644,1.2184696791468346e-07,0.0,0.0,0.0,1.2184696791468346e-07,0.0,0.0,0.0,1.2184696791468346e-07,0.08361387252807617,-0.40602964162826416,10.174361228942871,8.999999999999999e-08,0.0,0.0,0.0,8.999999999999999e-08,0.0,0.0,0.0,8.999999999999999e-08
1759811077370435456,171573,1759811077361507712,base_link,-0.00142005228515235,-7.5141574721501805e-06,0.027344959607565143,-0.999625044521376,1.0,0.0,0.0,0.0,1.0,0.0,0.0,0.0,1.0,0.002344319364055991,0.003919655457139015,0.002419342519715428,1.2184696791468346e-07,0.0,0.0,0.0,1.2184696791468346e-07,0.0,0.0,0.0,1.2184696791468346e-07,-0.24573253095149994,0.7310675382614149,10.467957496643066,8.999999999999999e-08,0.0,0.0,0.0,8.999999999999999e-08,0.0,0.0,0.0,8.999999999999999e-08
1759811077375344512,171574,1759811077367507712,base_link,-0.0014092793201823878,4.639561304033117e-05,0.027264037658424233,-0.9996273204511956,1.0,0.0,0.0,0.0,1.0,0.0,0.0,0.0,1.0,-0.024332864210009575,-0.002083993516862392,0.0047743553295731544,1.2184696791468346e-07,0.0,0.0,0.0,1.2184696791468346e-07,0.0,0.0,0.0,1.2184696791468346e-07,-0.31696009635925293,-0.05032139644026636,9.823094367980957,8.999999999999999e-08,0.0,0.0,0.0,8.999999999999999e-08,0.0,0.0,0.0,8.999999999999999e-08
1759811077383842304,171575,1759811077372507712,base_link,-0.0013061225212281332,3.336120622995617e-05,0.02729653287862615,-0.999626603954771,1.0,0.0,0.0,0.0,1.0,0.0,0.0,0.0,1.0,0.004615488927811384,-0.021706480532884598,0.004359585233032706,1.2184696791468346e-07,0.0,0.0,0.0,1.2184696791468346e-07,0.0,0.0,0.0,1.2184696791468346e-07,0.2520805299282074,0.10614514350891233,9.693192481994629,8.999999999999999e-08,0.0,0.0,0.0,8.999999999999999e-08,0.0,0.0,0.0,8.999999999999999e-08
1759811077386383808,171576,1759811077377507712,base_link,-0.0013863689271809549,0.00011116951577809874,0.027244607961260686,-0.9996278683602263,1.0,0.0,0.0,0.0,1.0,0.0,0.0,0.0,1.0,-0.005329233594238758,-0.004136099480092525,0.0065012089908123025,1.2184696791468346e-07,0.0,0.0,0.0,1.2184696791468346e-07,0.0,0.0,0.0,1.2184696791468346e-07,0.2080957293510437,-0.053488817065953036,9.566337585449219,8.999999999999999e-08,0.0,0.0,0.0,8.999999999999999e-08,0.0,0.0,0.0,8.999999999999999e-08
1759811077392352768,171577,1759811077382507712,base_link,-0.0013223220987390318,7.815988999740147e-05,0.02721476799251502,-0.9996287955908936,1.0,0.0,0.0,0.0,1.0,0.0,0.0,0.0,1.0,0.010925665497779846,-0.008768025785684584,0.01804783008992672,1.2184696791468346e-07,0.0,0.0,0.0,1.2184696791468346e-07,0.0,0.0,0.0,1.2184696791468346e-07,0.09349820017814636,0.25959986448288086,9.75967788696289,8.999999999999999e-08,0.0,0.0,0.0,8.999999999999999e-08,0.0,0.0,0.0,8.999999999999999e-08
1759811077395479008,171578,1759811077388507712,base_link,-0.0014054705457024062,0.0001509626850584308,0.027126723225975737,-0.9996310293738646,1.0,0.0,0.0,0.0,1.0,0.0,0.0,0.0,1.0,0.006648215465247631,-0.0029994228389114124,0.013820136897265911,1.2184696791468346e-07,0.0,0.0,0.0,1.2184696791468346e-07,0.0,0.0,0.0,1.2184696791468346e-07,-0.30255943536758423,-0.08342967182397723,9.775270462036133,8.999999999999999e-08,0.0,0.0,0.0,8.999999999999999e-08,0.0,0.0,0.0,8.999999999999999e-08
1759811077401592416,171579,1759811077393507712,base_link,-0.0013590093663245586,0.00011085506077553696,0.02714206467883371,-0.9996306921990765,1.0,0.0,0.0,0.0,1.0,0.0,0.0,0.0,1.0,0.0052622240036726,-0.011435641907155514,-0.0007452536374330507,1.2184696791468346e-07,0.0,0.0,0.0,1.2184696791468346e-07,0.0,0.0,0.0,1.2184696791468346e-07,-0.06724539399147034,-0.17123629152774691,9.729165077209473,8.999999999999999e-08,0.0,0.0,0.0,8.999999999999999e-08,0.0,0.0,0.0,8.999999999999999e-08
1759811077407987552,171580,1759811077404507712,base_link,-0.0012693795243136183,0.00015611316165536362,0.027192683043895275,-0.9996294699404696,1.0,0.0,0.0,0.0,1.0,0.0,0.0,0.0,1.0,-0.023869240656495094,-0.0006662025116384043,-0.011111399158835411,1.2184696791468346e-07,0.0,0.0,0.0,1.2184696791468346e-07,0.0,0.0,0.0,1.2184696791468346e-07,0.3921920955181122,0.2476709336042415,8.829367637634277,8.999999999999999e-08,0.0,0.0,0.0,8.999999999999999e-08,0.0,0.0,0.0,8.999999999999999e-08
1759811077412932352,171581,1759811077409507712,base_link,-0.0012995167847456538,0.00020965846894170834,0.027087189482072525,-0.9996322937793198,1.0,0.0,0.0,0.0,1.0,0.0,0.0,0.0,1.0,-0.013915687799453735,-0.006690992042422292,0.017886660993099213,1.2184696791468346e-07,0.0,0.0,0.0,1.2184696791468346e-07,0.0,0.0,0.0,1.2184696791468346e-07,-0.4690341651439667,0.4193561077117931,8.861300468444824,8.999999999999999e-08,0.0,0.0,0.0,8.999999999999999e-08,0.0,0.0,0.0,8.999999999999999e-08
1759811077419881792,171582,1759811077414507712,base_link,-0.0009998436368462125,-0.00019068357907889243,0.02728713413140818,-0.9996271518638016,1.0,0.0,0.0,0.0,1.0,0.0,0.0,0.0,1.0,-0.10574935376644135,0.11129245162010193,-0.05249790102243425,1.2184696791468346e-07,0.0,0.0,0.0,1.2184696791468346e-07,0.0,0.0,0.0,1.2184696791468346e-07,0.44493165612220764,-0.13605254888534438,8.901970863342285,8.999999999999999e-08,0.0,0.0,0.0,8.999999999999999e-08,0.0,0.0,0.0,8.999999999999999e-08
1759811077427218528,171583,1759811077419507712,base_link,0.0005979885416596087,-0.001738768399953001,0.02803726374120512,-0.999605235502576,1.0,0.0,0.0,0.0,1.0,0.0,0.0,0.0,1.0,-0.658349871635437,0.6576201915740967,-0.24197173118591317,1.2184696791468346e-07,0.0,0.0,0.0,1.2184696791468346e-07,0.0,0.0,0.0,1.2184696791468346e-07,3.6783652305603027,3.6919260025024427,10.430986404418945,8.999999999999999e-08,0.0,0.0,0.0,8.999999999999999e-08,0.0,0.0,0.0,8.999999999999999e-08
1759811077434833216,171584,1759811077425507712,base_link,0.002845592756757311,-0.004122079458037147,0.02851874933859357,-0.9995807060367425,1.0,0.0,0.0,0.0,1.0,0.0,0.0,0.0,1.0,-0.95687335729599,0.9081881046295166,-0.18822361528873455,1.2184696791468346e-07,0.0,0.0,0.0,1.2184696791468346e-07,0.0,0.0,0.0,1.2184696791468346e-07,7.531731605529785,9.765802383422853,13.226019859313963,8.999999999999999e-08,0.0,0.0,0.0,8.999999999999999e-08,0.0,0.0,0.0,8.999999999999999e-08
1759811077436034464,171585,1759811077430507712,base_link,0.0055662613490295755,-0.006923888718545042,0.028847157582190454,-0.9995443754533262,1.0,0.0,0.0,0.0,1.0,0.0,0.0,0.0,1.0,-1.0422492027282715,1.0429134368896484,-0.1181755214929582,1.2184696791468346e-07,0.0,0.0,0.0,1.2184696791468346e-07,0.0,0.0,0.0,1.2184696791468346e-07,9.000619888305664,9.72026062011719,10.909861564636229,8.999999999999999e-08,0.0,0.0,0.0,8.999999999999999e-08,0.0,0.0,0.0,8.999999999999999e-08
1759811077444550496,171586,1759811077435507712,base_link,0.008477050012077115,-0.009755269673229709,0.02864902524734072,-0.9995059796743327,1.0,0.0,0.0,0.0,1.0,0.0,0.0,0.0,1.0,-1.19243323802948,1.0586340427398682,0.05809785798192011,1.2184696791468346e-07,0.0,0.0,0.0,1.2184696791468346e-07,0.0,0.0,0.0,1.2184696791468346e-07,4.515347480773926,3.753832578659059,11.072239875793457,8.999999999999999e-08,0.0,0.0,0.0,8.999999999999999e-08,0.0,0.0,0.0,8.999999999999999e-08
1759811077451016672,171587,1759811077446507712,base_link,0.0149181939961345,-0.015220912006884545,0.02973961709940861,-0.9993304801971333,1.0,0.0,0.0,0.0,1.0,0.0,0.0,0.0,1.0,-1.233113169670105,0.9923987984657288,-0.3023837506771089,1.2184696791468346e-07,0.0,0.0,0.0,1.2184696791468346e-07,0.0,0.0,0.0,1.2184696791468346e-07,-6.811654567718506,-4.404305934906005,9.994214057922363,8.999999999999999e-08,0.0,0.0,0.0,8.999999999999999e-08,0.0,0.0,0.0,8.999999999999999e-08
1759811077459074080,171588,1759811077456507712,base_link,0.018313704611816427,-0.017710792585619924,0.031054935947736603,-0.9991929971772909,1.0,0.0,0.0,0.0,1.0,0.0,0.0,0.0,1.0,-1.2470545768737793,0.8655043840408325,-0.38430413603782665,1.2184696791468346e-07,0.0,0.0,0.0,1.2184696791468346e-07,0.0,0.0,0.0,1.2184696791468346e-07,-1.0945148468017578,0.7629950642585767,9.734755516052246,8.999999999999999e-08,0.0,0.0,0.0,8.999999999999999e-08,0.0,0.0,0.0,8.999999999999999e-08
1759811077466889952,171589,1759811077462505920,base_link,0.024931375217289987,-0.02253827254902975,0.03098476144496596,-0.9989547410426588,1.0,0.0,0.0,0.0,1.0,0.0,0.0,0.0,1.0,-1.319385290145874,0.870774507522583,0.030658582225441825,1.2184696791468346e-07,0.0,0.0,0.0,1.2184696791468346e-07,0.0,0.0,0.0,1.2184696791468346e-07,2.1439809799194336,1.0888011455535902,10.454133987426758,8.999999999999999e-08,0.0,0.0,0.0,8.999999999999999e-08,0.0,0.0,0.0,8.999999999999999e-08
1759811077475631936,171590,1759811077467505920,base_link,0.028502623723862683,-0.025110996689200825,0.030914334061104255,-0.9988000199617753,1.0,0.0,0.0,0.0,1.0,0.0,0.0,0.0,1.0,-1.3896900415420532,0.9126204252243042,0.05172077566385258,1.2184696791468346e-07,0.0,0.0,0.0,1.2184696791468346e-07,0.0,0.0,0.0,1.2184696791468346e-07,-1.7026617527008057,-1.0750510692596424,9.539796829223633,8.999999999999999e-08,0.0,0.0,0.0,8.999999999999999e-08,0.0,0.0,0.0,8.999999999999999e-08
1759811077481611648,171591,1759811077472505920,base_link,0.03214329319365275,-0.027803934342673222,0.03161510971129491,-0.9985961556555281,1.0,0.0,0.0,0.0,1.0,0.0,0.0,0.0,1.0,-1.419787883758545,0.9552445411682129,-0.27489379048347484,1.2184696791468346e-07,0.0,0.0,0.0,1.2184696791468346e-07,0.0,0.0,0.0,1.2184696791468346e-07,-1.5539003610610962,-1.6413667201995836,10.023101806640625,8.999999999999999e-08,0.0,0.0,0.0,8.999999999999999e-08,0.0,0.0,0.0,8.999999999999999e-08
1759811077486519360,171592,1759811077478505920,base_link,0.03571940669777817,-0.030341047359302875,0.03252522875803913,-0.998371512952965,1.0,0.0,0.0,0.0,1.0,0.0,0.0,0.0,1.0,-1.3856210708618164,0.9573123455047607,-0.3224405646324159,1.2184696791468346e-07,0.0,0.0,0.0,1.2184696791468346e-07,0.0,0.0,0.0,1.2184696791468346e-07,0.5617456436157227,1.4872735738754286,10.668816566467285,8.999999999999999e-08,0.0,0.0,0.0,8.999999999999999e-08,0.0,0.0,0.0,8.999999999999999e-08
1759811077494187456,171593,1759811077488505920,base_link,0.043121747922344085,-0.03446307697375263,0.032623304474524,-0.9979421630071845,1.0,0.0,0.0,0.0,1.0,0.0,0.0,0.0,1.0,-1.4114503860473633,0.7386394143104553,-0.05768814682960519,1.2184696791468346e-07,0.0,0.0,0.0,1.2184696791468346e-07,0.0,0.0,0.0,1.2184696791468346e-07,-2.7640185356140137,-1.13723587989807,10.430913925170898,8.999999999999999e-08,0.0,0.0,0.0,8.999999999999999e-08,0.0,0.0,0.0,8.999999999999999e-08
1759811077497304096,171594,1759811077493505920,base_link,0.046329676271409825,-0.03584450315396995,0.03252430152737188,-0.9977529658042191,1.0,0.0,0.0,0.0,1.0,0.0,0.0,0.0,1.0,-1.3124058246612549,0.5699363946914673,0.0322484374046325,1.2184696791468346e-07,0.0,0.0,0.0,1.2184696791468346e-07,0.0,0.0,0.0,1.2184696791468346e-07,-6.509970188140869,-5.23180055618286,10.051461219787598,8.999999999999999e-08,0.0,0.0,0.0,8.999999999999999e-08,0.0,0.0,0.0,8.999999999999999e-08
1759811077504172128,171595,1759811077499505920,base_link,0.04920336957507205,-0.03687450891130343,0.0331701176871043,-0.9975566036370069,1.0,0.0,0.0,0.0,1.0,0.0,0.0,0.0,1.0,-1.1606392860412598,0.4152587950229645,-0.11596981436014181,1.2184696791468346e-07,0.0,0.0,0.0,1.2184696791468346e-07,0.0,0.0,0.0,1.2184696791468346e-07,-7.896268367767334,-6.147017002105712,10.356882095336914,8.999999999999999e-08,0.0,0.0,0.0,8.999999999999999e-08,0.0,0.0,0.0,8.999999999999999e-08
1759811077510150656,171596,1759811077504505920,base_link,0.05158179723751628,-0.037217524330631885,0.03384101122170075,-0.9974011660596988,1.0,0.0,0.0,0.0,1.0,0.0,0.0,0.0,1.0,-0.9446179270744324,0.16676844656467435,-0.27615800499916077,1.2184696791468346e-07,0.0,0.0,0.0,1.2184696791468346e-07,0.0,0.0,0.0,1.2184696791468346e-07,-6.1296162605285645,-3.812829732894896,11.415797233581543,8.999999999999999e-08,0.0,0.0,0.0,8.999999999999999e-08,0.0,0.0,0.0,8.999999999999999e-08
1759811077517162656,171597,1759811077509505920,base_link,0.05381122196103984,-0.03730660828040474,0.03439254488131432,-0.9972611542289456,1.0,0.0,0.0,0.0,1.0,0.0,0.0,0.0,1.0,-0.8199571967124939,-0.0048453882336616854,-0.2754639983177185,1.2184696791468346e-07,0.0,0.0,0.0,1.2184696791468346e-07,0.0,0.0,0.0,1.2184696791468346e-07,-2.4617583751678467,-3.894545793533324,11.90283489227295,8.999999999999999e-08,0.0,0.0,0.0,8.999999999999999e-08,0.0,0.0,0.0,8.999999999999999e-08
1759811077524793504,171598,1759811077515505920,base_link,0.055881974995176505,-0.03706373245604915,0.03495845061627009,-0.9971366102915958,1.0,0.0,0.0,0.0,1.0,0.0,0.0,0.0,1.0,-0.7794983983039856,-0.08356831967830661,-0.21042461693286896,1.2184696791468346e-07,0.0,0.0,0.0,1.2184696791468346e-07,0.0,0.0,0.0,1.2184696791468346e-07,-0.8830921649932861,-1.649530649185179,13.475679397583008,8.999999999999999e-08,0.0,0.0,0.0,8.999999999999999e-08,0.0,0.0,0.0,8.999999999999999e-08
1759811077526815296,171599,1759811077520505920,base_link,0.05802454823480927,-0.037029660680295146,0.035276617175678836,-0.9970043113341202,1.0,0.0,0.0,0.0,1.0,0.0,0.0,0.0,1.0,-0.8016126155853271,-0.04193456098437311,-0.16580872237682343,1.2184696791468346e-07,0.0,0.0,0.0,1.2184696791468346e-07,0.0,0.0,0.0,1.2184696791468346e-07,0.7323684692382812,-0.07961893081664881,12.964388847351074,8.999999999999999e-08,0.0,0.0,0.0,8.999999999999999e-08,0.0,0.0,0.0,8.999999999999999e-08
1759811077541832800,171600,1759811077530505920,base_link,0.06194863780940565,-0.0377428202599584,0.03571005536576484,-0.9967259735465541,1.0,0.0,0.0,0.0,1.0,0.0,0.0,0.0,1.0,-0.721522331237793,0.13109281659126282,-0.09203230589628221,1.2184696791468346e-07,0.0,0.0,0.0,1.2184696791468346e-07,0.0,0.0,0.0,1.2184696791468346e-07,1.675493836402893,0.20520858466625358,11.873464584350586,8.999999999999999e-08,0.0,0.0,0.0,8.999999999999999e-08,0.0,0.0,0.0,8.999999999999999e-08
1759811077541842880,171601,1759811077536505920,base_link,0.0634857123011737,-0.038185815247944274,0.036092327281758665,-0.9965986057703543,1.0,0.0,0.0,0.0,1.0,0.0,0.0,0.0,1.0,-0.6447795033454895,0.1596131920814514,-0.11726348102092744,1.2184696791468346e-07,0.0,0.0,0.0,1.2184696791468346e-07,0.0,0.0,0.0,1.2184696791468346e-07,0.7954641580581665,-3.5931556224822985,11.994354248046875,8.999999999999999e-08,0.0,0.0,0.0,8.999999999999999e-08,0.0,0.0,0.0,8.999999999999999e-08
1759811077546822368,171602,1759811077541505920,base_link,0.06487468408436348,-0.03841771642807433,0.03632544150087243,-0.9964917635093792,1.0,0.0,0.0,0.0,1.0,0.0,0.0,0.0,1.0,-0.5295153856277466,0.10064413398504256,-0.11633478105068208,1.2184696791468346e-07,0.0,0.0,0.0,1.2184696791468346e-07,0.0,0.0,0.0,1.2184696791468346e-07,-0.8577896356582642,-3.90084671974182,12.114970207214355,8.999999999999999e-08,0.0,0.0,0.0,8.999999999999999e-08,0.0,0.0,0.0,8.999999999999999e-08
1759811077553532384,171603,1759811077547505920,base_link,0.0659129176967797,-0.03861942202542435,0.03659096664649106,-0.996406121113205,1.0,0.0,0.0,0.0,1.0,0.0,0.0,0.0,1.0,-0.4038098454475403,0.07902743667364119,-0.11877498030662538,1.2184696791468346e-07,0.0,0.0,0.0,1.2184696791468346e-07,0.0,0.0,0.0,1.2184696791468346e-07,-2.113175630569458,-5.329576015472411,10.695338249206543,8.999999999999999e-08,0.0,0.0,0.0,8.999999999999999e-08,0.0,0.0,0.0,8.999999999999999e-08
1759811077556752992,171604,1759811077552505920,base_link,0.06657729164074708,-0.03892853491493735,0.036979476296064455,-0.9963355672887978,1.0,0.0,0.0,0.0,1.0,0.0,0.0,0.0,1.0,-0.2752606272697449,0.10337133705615996,-0.13984037935733795,1.2184696791468346e-07,0.0,0.0,0.0,1.2184696791468346e-07,0.0,0.0,0.0,1.2184696791468346e-07,-3.149034261703491,-4.5455679893493635,11.786491394042969,8.999999999999999e-08,0.0,0.0,0.0,8.999999999999999e-08,0.0,0.0,0.0,8.999999999999999e-08
1759811077567258848,171605,1759811077557505152,base_link,0.06680775192549367,-0.039111851315446464,0.037351464381021604,-0.9962990681179873,1.0,0.0,0.0,0.0,1.0,0.0,0.0,0.0,1.0,-0.0881592258810997,0.08818648010492323,-0.1491493582725525,1.2184696791468346e-07,0.0,0.0,0.0,1.2184696791468346e-07,0.0,0.0,0.0,1.2184696791468346e-07,-2.8071370124816895,-4.724628448486326,12.187141418457031,8.999999999999999e-08,0.0,0.0,0.0,8.999999999999999e-08,0.0,0.0,0.0,8.999999999999999e-08
1759811077569097984,171606,1759811077562505152,base_link,0.06677315463122228,-0.03923930865369947,0.037858322381213595,-0.9962773203441557,1.0,0.0,0.0,0.0,1.0,0.0,0.0,0.0,1.0,0.03679324686527252,0.04697579517960546,-0.1784374713897705,1.2184696791468346e-07,0.0,0.0,0.0,1.2184696791468346e-07,0.0,0.0,0.0,1.2184696791468346e-07,-0.9438928365707397,-4.446017265319822,12.668379783630371,8.999999999999999e-08,0.0,0.0,0.0,8.999999999999999e-08,0.0,0.0,0.0,8.999999999999999e-08
1759811077577611648,171607,1759811077573505152,base_link,0.06598657721708659,-0.03932852431237393,0.038278526460867233,-0.9963101105922971,1.0,0.0,0.0,0.0,1.0,0.0,0.0,0.0,1.0,0.15521961450576782,0.02943912707269191,-0.0706232488155365,1.2184696791468346e-07,0.0,0.0,0.0,1.2184696791468346e-07,0.0,0.0,0.0,1.2184696791468346e-07,-0.540655255317688,-2.37592053413391,12.005492210388184,8.999999999999999e-08,0.0,0.0,0.0,8.999999999999999e-08,0.0,0.0,0.0,8.999999999999999e-08
1759811077582770528,171608,1759811077578505152,base_link,0.06553275444030045,-0.03945979725750618,0.03851366372870949,-0.9963258313667918,1.0,0.0,0.0,0.0,1.0,0.0,0.0,0.0,1.0,0.17860956490039825,0.041205942630767815,-0.04898688197135926,1.2184696791468346e-07,0.0,0.0,0.0,1.2184696791468346e-07,0.0,0.0,0.0,1.2184696791468346e-07,-1.309381127357483,-3.089119195938109,11.019025802612305,8.999999999999999e-08,0.0,0.0,0.0,8.999999999999999e-08,0.0,0.0,0.0,8.999999999999999e-08
1759811077590161888,171609,1759811077583505152,base_link,0.06491626853586456,-0.039572681005797535,0.038635636708300045,-0.9963570200346898,1.0,0.0,0.0,0.0,1.0,0.0,0.0,0.0,1.0,0.23726026713848114,0.05437824502587318,-0.05031375959515572,1.2184696791468346e-07,0.0,0.0,0.0,1.2184696791468346e-07,0.0,0.0,0.0,1.2184696791468346e-07,-1.1396533250808716,-2.866503238677977,10.769553184509277,8.999999999999999e-08,0.0,0.0,0.0,8.999999999999999e-08,0.0,0.0,0.0,8.999999999999999e-08
1759811077594596384,171610,1759811077589505152,base_link,0.0640127889348498,-0.039765786011873305,0.03899557079458307,-0.9963936877928943,1.0,0.0,0.0,0.0,1.0,0.0,0.0,0.0,1.0,0.29739058017730713,0.08002025634050368,-0.09071289747953416,1.2184696791468346e-07,0.0,0.0,0.0,1.2184696791468346e-07,0.0,0.0,0.0,1.2184696791468346e-07,-0.7267849445343018,-3.609441518783568,10.236429214477539,8.999999999999999e-08,0.0,0.0,0.0,8.999999999999999e-08,0.0,0.0,0.0,8.999999999999999e-08
1759811077602777216,171611,1759811077599505152,base_link,0.061918134686340394,-0.040127382923038996,0.039437227620128745,-0.9964942080265928,1.0,0.0,0.0,0.0,1.0,0.0,0.0,0.0,1.0,0.40130898356437683,0.08257072418928145,-0.061988618224859245,1.2184696791468346e-07,0.0,0.0,0.0,1.2184696791468346e-07,0.0,0.0,0.0,1.2184696791468346e-07,-1.184518575668335,-2.210179567337035,10.546594619750977,8.999999999999999e-08,0.0,0.0,0.0,8.999999999999999e-08,0.0,0.0,0.0,8.999999999999999e-08
1759811077608839392,171612,1759811077604505152,base_link,0.06063443651110771,-0.04028913199091168,0.03993413896407216,-0.9965468072935344,1.0,0.0,0.0,0.0,1.0,0.0,0.0,0.0,1.0,0.4648943543434143,0.09320770949125289,-0.11115580797195436,1.2184696791468346e-07,0.0,0.0,0.0,1.2184696791468346e-07,0.0,0.0,0.0,1.2184696791468346e-07,-1.1696202754974365,-2.7434999942779528,11.027982711791992,8.999999999999999e-08,0.0,0.0,0.0,8.999999999999999e-08,0.0,0.0,0.0,8.999999999999999e-08
1759811077616215104,171613,1759811077610505152,base_link,0.05938224376368143,-0.040341741136020896,0.040355860330272164,-0.996603115483145,1.0,0.0,0.0,0.0,1.0,0.0,0.0,0.0,1.0,0.4956829845905304,0.05910904332995413,-0.13653500378131866,1.2184696791468346e-07,0.0,0.0,0.0,1.2184696791468346e-07,0.0,0.0,0.0,1.2184696791468346e-07,-1.3160934448242188,-1.5391089916229235,11.289090156555176,8.999999999999999e-08,0.0,0.0,0.0,8.999999999999999e-08,0.0,0.0,0.0,8.999999999999999e-08
1759811077626912064,171614,1759811077620505152,base_link,0.056875322872473134,-0.04018115637483833,0.041113955694437626,-0.9967247934347959,1.0,0.0,0.0,0.0,1.0,0.0,0.0,0.0,1.0,0.469818115234375,-0.04401310905814172,-0.11570962518453598,1.2184696791468346e-07,0.0,0.0,0.0,1.2184696791468346e-07,0.0,0.0,0.0,1.2184696791468346e-07,-1.862650990486145,-1.5323233604431137,13.266963005065918,8.999999999999999e-08,0.0,0.0,0.0,8.999999999999999e-08,0.0,0.0,0.0,8.999999999999999e-08
1759811077632843424,171615,1759811077626505152,base_link,0.05572476988440891,-0.039679510754426994,0.04126892965641221,-0.9968034816009658,1.0,0.0,0.0,0.0,1.0,0.0,0.0,0.0,1.0,0.47295618057250977,-0.158816397190094,-0.08882806450128554,1.2184696791468346e-07,0.0,0.0,0.0,1.2184696791468346e-07,0.0,0.0,0.0,1.2184696791468346e-07,-1.9757124185562134,-1.6932665109634384,13.467583656311035,8.999999999999999e-08,0.0,0.0,0.0,8.999999999999999e-08,0.0,0.0,0.0,8.999999999999999e-08
1759811077644494688,171616,1759811077635505152,base_link,0.05467851980969701,-0.03895385463418027,0.041663466305322694,-0.9968736561037363,1.0,0.0,0.0,0.0,1.0,0.0,0.0,0.0,1.0,0.4356972873210907,-0.25869616866111755,-0.14062072336673734,1.2184696791468346e-07,0.0,0.0,0.0,1.2184696791468346e-07,0.0,0.0,0.0,1.2184696791468346e-07,-2.1077933311462402,-2.9893612861633287,11.290120124816895,8.999999999999999e-08,0.0,0.0,0.0,8.999999999999999e-08,0.0,0.0,0.0,8.999999999999999e-08
1759811077646108384,171617,1759811077642505152,base_link,0.052240644017428166,-0.03737554669513389,0.04227607074842852,-0.9970389981904446,1.0,0.0,0.0,0.0,1.0,0.0,0.0,0.0,1.0,0.4709738790988922,-0.2860848307609558,-0.10774454474449154,1.2184696791468346e-07,0.0,0.0,0.0,1.2184696791468346e-07,0.0,0.0,0.0,1.2184696791468346e-07,-1.0647560358047485,-2.0370697975158683,8.314562797546387,8.999999999999999e-08,0.0,0.0,0.0,8.999999999999999e-08,0.0,0.0,0.0,8.999999999999999e-08
1759811077652794560,171618,1759811077647505152,base_link,0.051040783167873235,-0.036580312713440755,0.042674147732613917,-0.9971136402591574,1.0,0.0,0.0,0.0,1.0,0.0,0.0,0.0,1.0,0.47842732071876526,-0.2704116404056549,-0.1302855312824249,1.2184696791468346e-07,0.0,0.0,0.0,1.2184696791468346e-07,0.0,0.0,0.0,1.2184696791468346e-07,-2.315014600753784,-0.7472939491271962,9.348465919494629,8.999999999999999e-08,0.0,0.0,0.0,8.999999999999999e-08,0.0,0.0,0.0,8.999999999999999e-08
1759811077656894240,171619,1759811077652505152,base_link,0.049839738255292955,-0.035706852863822386,0.042913626125852825,-0.9971958266137536,1.0,0.0,0.0,0.0,1.0,0.0,0.0,0.0,1.0,0.4977312386035919,-0.2916654944419861,-0.10989353805780407,1.2184696791468346e-07,0.0,0.0,0.0,1.2184696791468346e-07,0.0,0.0,0.0,1.2184696791468346e-07,-1.3386635780334473,-0.9932624101638783,9.36734676361084,8.999999999999999e-08,0.0,0.0,0.0,8.999999999999999e-08,0.0,0.0,0.0,8.999999999999999e-08
1759811077662831072,171620,1759811077657504128,base_link,0.04845909640158465,-0.03466770189890654,0.04332034321398293,-0.9972829862964742,1.0,0.0,0.0,0.0,1.0,0.0,0.0,0.0,1.0,0.5239374041557312,-0.3466610610485077,-0.1340546160936355,1.2184696791468346e-07,0.0,0.0,0.0,1.2184696791468346e-07,0.0,0.0,0.0,1.2184696791468346e-07,-0.7918457984924316,-2.150855779647826,10.105765342712402,8.999999999999999e-08,0.0,0.0,0.0,8.999999999999999e-08,0.0,0.0,0.0,8.999999999999999e-08
1759811077669054496,171621,1759811077663504128,base_link,0.0470671657779205,-0.0334358226153735,0.04373279227351053,-0.9973736863144695,1.0,0.0,0.0,0.0,1.0,0.0,0.0,0.0,1.0,0.5468742251396179,-0.4469282329082489,-0.1459167450666427,1.2184696791468346e-07,0.0,0.0,0.0,1.2184696791468346e-07,0.0,0.0,0.0,1.2184696791468346e-07,-1.6461799144744873,-1.0516170263290394,9.952938079833984,8.999999999999999e-08,0.0,0.0,0.0,8.999999999999999e-08,0.0,0.0,0.0,8.999999999999999e-08
1759811077681187808,171622,1759811077673504128,base_link,0.04429987219332403,-0.03031477999451297,0.044208840927441095,-0.9975791522009602,1.0,0.0,0.0,0.0,1.0,0.0,0.0,0.0,1.0,0.5675489902496338,-0.554118275642395,-0.10898019373416894,1.2184696791468346e-07,0.0,0.0,0.0,1.2184696791468346e-07,0.0,0.0,0.0,1.2184696791468346e-07,-1.591431736946106,-1.9124892950057975,8.063800811767578,8.999999999999999e-08,0.0,0.0,0.0,8.999999999999999e-08,0.0,0.0,0.0,8.999999999999999e-08
1759811077684933920,171623,1759811077678504128,base_link,0.042595167172682497,-0.0286895731497861,0.04440318004592481,-0.9976928222513941,1.0,0.0,0.0,0.0,1.0,0.0,0.0,0.0,1.0,0.59300696849823,-0.5889554023742676,-0.08074465394020074,1.2184696791468346e-07,0.0,0.0,0.0,1.2184696791468346e-07,0.0,0.0,0.0,1.2184696791468346e-07,-1.3342572450637817,-1.4687218666076651,7.938316345214844,8.999999999999999e-08,0.0,0.0,0.0,8.999999999999999e-08,0.0,0.0,0.0,8.999999999999999e-08
1759811077692578144,171624,1759811077684504128,base_link,0.04099799127493791,-0.027272632981342287,0.044698123691804065,-0.9977863039613913,1.0,0.0,0.0,0.0,1.0,0.0,0.0,0.0,1.0,0.6128369569778442,-0.5258002877235413,-0.11414269357919686,1.2184696791468346e-07,0.0,0.0,0.0,1.2184696791468346e-07,0.0,0.0,0.0,1.2184696791468346e-07,-0.7557968497276306,-1.238454580307006,7.454437732696533,8.999999999999999e-08,0.0,0.0,0.0,8.999999999999999e-08,0.0,0.0,0.0,8.999999999999999e-08
1759811077701636704,171625,1759811077694504128,base_link,0.03842293605184471,-0.024719354508039054,0.045348786739115264,-0.9979259786173563,1.0,0.0,0.0,0.0,1.0,0.0,0.0,0.0,1.0,0.5465674996376038,-0.4390905201435089,-0.13314872980117792,1.2184696791468346e-07,0.0,0.0,0.0,1.2184696791468346e-07,0.0,0.0,0.0,1.2184696791468346e-07,1.1632578372955322,1.4384175539016737,10.409193992614746,8.999999999999999e-08,0.0,0.0,0.0,8.999999999999999e-08,0.0,0.0,0.0,8.999999999999999e-08
1759811077705238784,171626,1759811077700504128,base_link,0.03722669983126172,-0.023719487040113403,0.04566037839015626,-0.9979813174294512,1.0,0.0,0.0,0.0,1.0,0.0,0.0,0.0,1.0,0.45204484462738037,-0.36902597546577454,-0.12349057942628856,1.2184696791468346e-07,0.0,0.0,0.0,1.2184696791468346e-07,0.0,0.0,0.0,1.2184696791468346e-07,1.093603491783142,0.7213620543479933,10.71630859375,8.999999999999999e-08,0.0,0.0,0.0,8.999999999999999e-08,0.0,0.0,0.0,8.999999999999999e-08
1759811077712913856,171627,1759811077705504128,base_link,0.03629805658605243,-0.022704818125826327,0.04599405498981705,-0.9980238435995987,1.0,0.0,0.0,0.0,1.0,0.0,0.0,0.0,1.0,0.40490612387657166,-0.3669636845588684,-0.14577376842498774,1.2184696791468346e-07,0.0,0.0,0.0,1.2184696791468346e-07,0.0,0.0,0.0,1.2184696791468346e-07,0.394816517829895,0.7501291632652296,10.526987075805664,8.999999999999999e-08,0.0,0.0,0.0,8.999999999999999e-08,0.0,0.0,0.0,8.999999999999999e-08
1759811077719781440,171628,1759811077710504128,base_link,0.03530506498133462,-0.021713104097454007,0.046432635095421386,-0.9980611857073793,1.0,0.0,0.0,0.0,1.0,0.0,0.0,0.0,1.0,0.37581977248191833,-0.34032097458839417,-0.16765320301055903,1.2184696791468346e-07,0.0,0.0,0.0,1.2184696791468346e-07,0.0,0.0,0.0,1.2184696791468346e-07,0.40065863728523254,-0.6344363689422595,9.858264923095703,8.999999999999999e-08,0.0,0.0,0.0,8.999999999999999e-08,0.0,0.0,0.0,8.999999999999999e-08
1759811077723028256,171629,1759811077716504128,base_link,0.034369316040884196,-0.02070873877053883,0.04681115594189774,-0.9980975584376442,1.0,0.0,0.0,0.0,1.0,0.0,0.0,0.0,1.0,0.36337193846702576,-0.36761024594306946,-0.13375762104988093,1.2184696791468346e-07,0.0,0.0,0.0,1.2184696791468346e-07,0.0,0.0,0.0,1.2184696791468346e-07,-0.3041008412837982,0.22507552802562847,10.903514862060547,8.999999999999999e-08,0.0,0.0,0.0,8.999999999999999e-08,0.0,0.0,0.0,8.999999999999999e-08
1759811077728902976,171630,1759811077721504128,base_link,0.03347823749149925,-0.0197175601388515,0.04710888127977867,-0.9981338890210606,1.0,0.0,0.0,0.0,1.0,0.0,0.0,0.0,1.0,0.34647804498672485,-0.33911725878715515,-0.15150843560695645,1.2184696791468346e-07,0.0,0.0,0.0,1.2184696791468346e-07,0.0,0.0,0.0,1.2184696791468346e-07,-0.5675979256629944,-0.5548277497291554,8.849544525146484,8.999999999999999e-08,0.0,0.0,0.0,8.999999999999999e-08,0.0,0.0,0.0,8.999999999999999e-08
1759811077737603936,171631,1759811077731504128,base_link,0.03194806059490782,-0.01785296643857234,0.047818381327611105,-0.998185392469941,1.0,0.0,0.0,0.0,1.0,0.0,0.0,0.0,1.0,0.30443841218948364,-0.3314000070095062,-0.1310908794403076,1.2184696791468346e-07,0.0,0.0,0.0,1.2184696791468346e-07,0.0,0.0,0.0,1.2184696791468346e-07,0.08341078460216522,0.03480654954910391,9.164335250854492,8.999999999999999e-08,0.0,0.0,0.0,8.999999999999999e-08,0.0,0.0,0.0,8.999999999999999e-08
1759811077748506784,171632,1759811077737504128,base_link,0.031253437726055266,-0.017040317905910107,0.048248532063513254,-0.9982009025101929,1.0,0.0,0.0,0.0,1.0,0.0,0.0,0.0,1.0,0.26810944080352783,-0.30471765995025635,-0.1477365046739578,1.2184696791468346e-07,0.0,0.0,0.0,1.2184696791468346e-07,0.0,0.0,0.0,1.2184696791468346e-07,-0.19223737716674805,0.08178347349166978,8.829015731811523,8.999999999999999e-08,0.0,0.0,0.0,8.999999999999999e-08,0.0,0.0,0.0,8.999999999999999e-08
1759811077748516704,171633,1759811077742504128,base_link,0.030410506682737957,-0.016215571910636235,0.048580312054991005,-0.9982245890390561,1.0,0.0,0.0,0.0,1.0,0.0,0.0,0.0,1.0,0.29484057426452637,-0.29295286536216736,-0.14245556294918058,1.2184696791468346e-07,0.0,0.0,0.0,1.2184696791468346e-07,0.0,0.0,0.0,1.2184696791468346e-07,-0.31527578830718994,0.498104602098466,8.463561058044434,8.999999999999999e-08,0.0,0.0,0.0,8.999999999999999e-08,0.0,0.0,0.0,8.999999999999999e-08
1759811077753857376,171634,1759811077747504128,base_link,0.02967002935979457,-0.015374825917996413,0.04908202813966468,-0.9982356315133659,1.0,0.0,0.0,0.0,1.0,0.0,0.0,0.0,1.0,0.31469622254371643,-0.29183074831962585,-0.1776265054941177,1.2184696791468346e-07,0.0,0.0,0.0,1.2184696791468346e-07,0.0,0.0,0.0,1.2184696791468346e-07,-0.04658166691660881,-0.2647962570190419,8.783719062805176,8.999999999999999e-08,0.0,0.0,0.0,8.999999999999999e-08,0.0,0.0,0.0,8.999999999999999e-08
1759811077763856352,171635,1759811077753504128,base_link,0.028907272817601616,-0.014661562946845409,0.04954024867667517,-0.9982460839317966,1.0,0.0,0.0,0.0,1.0,0.0,0.0,0.0,1.0,0.3407246172428131,-0.2829103171825409,-0.1603058725595474,1.2184696791468346e-07,0.0,0.0,0.0,1.2184696791468346e-07,0.0,0.0,0.0,1.2184696791468346e-07,0.013625767081975937,0.4049428999423992,8.84664535522461,8.999999999999999e-08,0.0,0.0,0.0,8.999999999999999e-08,0.0,0.0,0.0,8.999999999999999e-08
1759811077767369280,171636,1759811077758507456,base_link,0.02799430029750428,-0.013775739582634169,0.04992045539709192,-0.9982657665100512,1.0,0.0,0.0,0.0,1.0,0.0,0.0,0.0,1.0,0.3313977122306824,-0.2907819151878357,-0.16544799506664273,1.2184696791468346e-07,0.0,0.0,0.0,1.2184696791468346e-07,0.0,0.0,0.0,1.2184696791468346e-07,-0.014809809625148773,-0.6229280233383168,9.274758338928223,8.999999999999999e-08,0.0,0.0,0.0,8.999999999999999e-08,0.0,0.0,0.0,8.999999999999999e-08
1759811077771047456,171637,1759811077763507456,base_link,0.027266582932947564,-0.013055657383103004,0.050525473407465805,-0.9982651343073236,1.0,0.0,0.0,0.0,1.0,0.0,0.0,0.0,1.0,0.30230483412742615,-0.2757531404495239,-0.17687022686004636,1.2184696791468346e-07,0.0,0.0,0.0,1.2184696791468346e-07,0.0,0.0,0.0,1.2184696791468346e-07,-0.692810595035553,0.06868473440408822,9.385247230529785,8.999999999999999e-08,0.0,0.0,0.0,8.999999999999999e-08,0.0,0.0,0.0,8.999999999999999e-08
1759811077778993632,171638,1759811077774507456,base_link,0.025910506106476026,-0.011493288855327848,0.05125524608943191,-0.9982832995990317,1.0,0.0,0.0,0.0,1.0,0.0,0.0,0.0,1.0,0.2853695750236511,-0.26861199736595154,-0.15230089426040647,1.2184696791468346e-07,0.0,0.0,0.0,1.2184696791468346e-07,0.0,0.0,0.0,1.2184696791468346e-07,-0.09532830864191055,-1.1751959323883046,9.554722785949707,8.999999999999999e-08,0.0,0.0,0.0,8.999999999999999e-08,0.0,0.0,0.0,8.999999999999999e-08
1759811077783811648,171639,1759811077779507456,base_link,0.02498780227418423,-0.010705623525664955,0.051602114652676605,-0.9982977138212225,1.0,0.0,0.0,0.0,1.0,0.0,0.0,0.0,1.0,0.3033963143825531,-0.26593589782714844,-0.1547301113605499,1.2184696791468346e-07,0.0,0.0,0.0,1.2184696791468346e-07,0.0,0.0,0.0,1.2184696791468346e-07,-0.3219727873802185,0.04291080683469892,9.73984432220459,8.999999999999999e-08,0.0,0.0,0.0,8.999999999999999e-08,0.0,0.0,0.0,8.999999999999999e-08
1759811077792659808,171640,1759811077784507456,base_link,0.02433094495723096,-0.01001877082346209,0.05194910965646675,-0.9983030664709833,1.0,0.0,0.0,0.0,1.0,0.0,0.0,0.0,1.0,0.2884765863418579,-0.2508167326450348,-0.14184002578258512,1.2184696791468346e-07,0.0,0.0,0.0,1.2184696791468346e-07,0.0,0.0,0.0,1.2184696791468346e-07,0.013767283409833908,-0.4196230471134175,8.81576919555664,8.999999999999999e-08,0.0,0.0,0.0,8.999999999999999e-08,0.0,0.0,0.0,8.999999999999999e-08
1759811077801085312,171641,1759811077794507456,base_link,0.02374954235291334,-0.009318469325317203,0.052488041408375596,-0.9982956907724939,1.0,0.0,0.0,0.0,1.0,0.0,0.0,0.0,1.0,0.27148470282554626,-0.21311728656291964,-0.1614159047603607,1.2184696791468346e-07,0.0,0.0,0.0,1.2184696791468346e-07,0.0,0.0,0.0,1.2184696791468346e-07,0.09301699697971344,0.8526998758316052,9.628494262695312,8.999999999999999e-08,0.0,0.0,0.0,8.999999999999999e-08,0.0,0.0,0.0,8.999999999999999e-08
1759811077803980320,171642,1759811077795507456,base_link,0.02310637683482554,-0.008829083169466482,0.05277232190158157,-0.9983002004852847,1.0,0.0,0.0,0.0,1.0,0.0,0.0,0.0,1.0,0.23091673851013184,-0.18789152801036837,-0.14365738630294797,1.2184696791468346e-07,0.0,0.0,0.0,1.2184696791468346e-07,0.0,0.0,0.0,1.2184696791468346e-07,1.1236687898635864,0.9208843708038342,9.543619155883789,8.999999999999999e-08,0.0,0.0,0.0,8.999999999999999e-08,0.0,0.0,0.0,8.999999999999999e-08
1759811077809166752,171643,1759811077800507456,base_link,0.022595577445753252,-0.008377319661356812,0.053251110100665314,-0.998290338122733,1.0,0.0,0.0,0.0,1.0,0.0,0.0,0.0,1.0,0.16946525871753693,-0.1476903706789017,-0.17332191765308377,1.2184696791468346e-07,0.0,0.0,0.0,1.2184696791468346e-07,0.0,0.0,0.0,1.2184696791468346e-07,1.1077094078063965,0.4260293841362011,9.379173278808594,8.999999999999999e-08,0.0,0.0,0.0,8.999999999999999e-08,0.0,0.0,0.0,8.999999999999999e-08
1759811077813148864,171644,1759811077805507456,base_link,0.022324497477209784,-0.007967559439055296,0.053623266773016515,-0.9982798857043024,1.0,0.0,0.0,0.0,1.0,0.0,0.0,0.0,1.0,0.14782175421714783,-0.14110432565212253,-0.13105967640876767,1.2184696791468346e-07,0.0,0.0,0.0,1.2184696791468346e-07,0.0,0.0,0.0,1.2184696791468346e-07,0.6379439234733582,0.8803662657737744,9.607609748840332,8.999999999999999e-08,0.0,0.0,0.0,8.999999999999999e-08,0.0,0.0,0.0,8.999999999999999e-08
1759811077824848864,171645,1759811077811507456,base_link,0.021943488649582288,-0.007591334278733786,0.05388120548590316,-0.9982773568933917,1.0,0.0,0.0,0.0,1.0,0.0,0.0,0.0,1.0,0.09605444967746735,-0.12366439402103425,-0.13513024151325223,1.2184696791468346e-07,0.0,0.0,0.0,1.2184696791468346e-07,0.0,0.0,0.0,1.2184696791468346e-07,0.49127116799354553,-0.4180795550346363,9.448318481445312,8.999999999999999e-08,0.0,0.0,0.0,8.999999999999999e-08,0.0,0.0,0.0,8.999999999999999e-08
1759811077827388224,171646,1759811077821507456,base_link,0.021445798906030412,-0.006852206313487252,0.05462716255769751,-0.9982530381618009,1.0,0.0,0.0,0.0,1.0,0.0,0.0,0.0,1.0,0.12245222926139832,-0.13560725748538974,-0.13022153079509732,1.2184696791468346e-07,0.0,0.0,0.0,1.2184696791468346e-07,0.0,0.0,0.0,1.2184696791468346e-07,-0.1516793817281723,-0.18153624236583601,8.895174980163574,8.999999999999999e-08,0.0,0.0,0.0,8.999999999999999e-08,0.0,0.0,0.0,8.999999999999999e-08
1759811077831837088,171647,1759811077827507456,base_link,0.0211545529875635,-0.006533173768050516,0.05499881346786654,-0.9982409841631268,1.0,0.0,0.0,0.0,1.0,0.0,0.0,0.0,1.0,0.124062180519104,-0.12940636277198794,-0.13140177726745603,1.2184696791468346e-07,0.0,0.0,0.0,1.2184696791468346e-07,0.0,0.0,0.0,1.2184696791468346e-07,0.1464110165834427,-0.6295484900474538,8.541850090026855,8.999999999999999e-08,0.0,0.0,0.0,8.999999999999999e-08,0.0,0.0,0.0,8.999999999999999e-08
1759811077839917408,171648,1759811077832507456,base_link,0.020863145725692128,-0.006236777372986669,0.055297044567929665,-0.9982325547934247,1.0,0.0,0.0,0.0,1.0,0.0,0.0,0.0,1.0,0.09988226741552353,-0.1029125675559044,-0.11247447133064269,1.2184696791468346e-07,0.0,0.0,0.0,1.2184696791468346e-07,0.0,0.0,0.0,1.2184696791468346e-07,-0.20102781057357788,-0.16014173626899603,9.50117301940918,8.999999999999999e-08,0.0,0.0,0.0,8.999999999999999e-08,0.0,0.0,0.0,8.999999999999999e-08
1759811077846843200,171649,1759811077842507456,base_link,0.020594360784758983,-0.005871655273069746,0.05599111886920704,-0.9982016190066176,1.0,0.0,0.0,0.0,1.0,0.0,0.0,0.0,1.0,0.056902773678302765,-0.06088705733418466,-0.13791444897651672,1.2184696791468346e-07,0.0,0.0,0.0,1.2184696791468346e-07,0.0,0.0,0.0,1.2184696791468346e-07,0.1917855441570282,-0.8639540672302235,8.683126449584961,8.999999999999999e-08,0.0,0.0,0.0,8.999999999999999e-08,0.0,0.0,0.0,8.999999999999999e-08
1759811077852778784,171650,1759811077848507456,base_link,0.020469358500431734,-0.005659775163071387,0.0562659584683466,-0.9981899443295801,1.0,0.0,0.0,0.0,1.0,0.0,0.0,0.0,1.0,0.0492476262152195,-0.0681564584374428,-0.12243386358022688,1.2184696791468346e-07,0.0,0.0,0.0,1.2184696791468346e-07,0.0,0.0,0.0,1.2184696791468346e-07,0.22191493213176727,-0.1725825071334827,9.848492622375488,8.999999999999999e-08,0.0,0.0,0.0,8.999999999999999e-08,0.0,0.0,0.0,8.999999999999999e-08
1759811077858040672,171651,1759811077853507456,base_link,0.02049009277426557,-0.00544283413852918,0.056538058522332894,-0.9981753615199953,1.0,0.0,0.0,0.0,1.0,0.0,0.0,0.0,1.0,0.016143541783094406,-0.0776990130543709,-0.1075620725750923,1.2184696791468346e-07,0.0,0.0,0.0,1.2184696791468346e-07,0.0,0.0,0.0,1.2184696791468346e-07,0.23992972075939178,-0.5883038640022266,10.22156047821045,8.999999999999999e-08,0.0,0.0,0.0,8.999999999999999e-08,0.0,0.0,0.0,8.999999999999999e-08
1759811077866222560,171652,1759811077859505664,base_link,0.020490699293757422,-0.005185321503939173,0.056728267249662574,-0.9981659627727774,1.0,0.0,0.0,0.0,1.0,0.0,0.0,0.0,1.0,0.012141009792685509,-0.0929737612605095,-0.08663018792867659,1.2184696791468346e-07,0.0,0.0,0.0,1.2184696791468346e-07,0.0,0.0,0.0,1.2184696791468346e-07,-0.6504288911819458,-0.3905910253524769,9.225318908691406,8.999999999999999e-08,0.0,0.0,0.0,8.999999999999999e-08,0.0,0.0,0.0,8.999999999999999e-08
1759811077879884672,171653,1759811077869505664,base_link,0.020481870187538897,-0.0047040354455366385,0.05747679527921605,-0.998125670385601,1.0,0.0,0.0,0.0,1.0,0.0,0.0,0.0,1.0,-0.020258663222193718,-0.08699321746826173,-0.11232811212539671,1.2184696791468346e-07,0.0,0.0,0.0,1.2184696791468346e-07,0.0,0.0,0.0,1.2184696791468346e-07,0.15104910731315613,-0.27574265003204235,9.157349586486816,8.999999999999999e-08,0.0,0.0,0.0,8.999999999999999e-08,0.0,0.0,0.0,8.999999999999999e-08
1759811077888786784,171654,1759811077880505664,base_link,0.020782664342827054,-0.004346848806940907,0.05793244485846736,-0.9980946924519455,1.0,0.0,0.0,0.0,1.0,0.0,0.0,0.0,1.0,-0.046228449791669846,-0.03959782421588899,-0.10980898141860962,1.2184696791468346e-07,0.0,0.0,0.0,1.2184696791468346e-07,0.0,0.0,0.0,1.2184696791468346e-07,0.36060014367103577,-0.4207656681537617,8.934381484985352,8.999999999999999e-08,0.0,0.0,0.0,8.999999999999999e-08,0.0,0.0,0.0,8.999999999999999e-08
1759811077897008736,171655,1759811077890505664,base_link,0.021031719290301037,-0.004027606185806125,0.058337897541142145,-0.9980672127067164,1.0,0.0,0.0,0.0,1.0,0.0,0.0,0.0,1.0,-0.07783038914203644,-0.0677975118160248,-0.08757942914962767,1.2184696791468346e-07,0.0,0.0,0.0,1.2184696791468346e-07,0.0,0.0,0.0,1.2184696791468346e-07,0.13124151527881622,-0.7204828262329089,9.54030704498291,8.999999999999999e-08,0.0,0.0,0.0,8.999999999999999e-08,0.0,0.0,0.0,8.999999999999999e-08
1759811077906328000,171656,1759811077901505664,base_link,0.021510265145005855,-0.00367741328988517,0.05877129358437968,-0.998032947318877,1.0,0.0,0.0,0.0,1.0,0.0,0.0,0.0,1.0,-0.07985886186361313,-0.06203941255807877,-0.0784151256084442,1.2184696791468346e-07,0.0,0.0,0.0,1.2184696791468346e-07,0.0,0.0,0.0,1.2184696791468346e-07,0.08891530334949493,-0.7865693569183339,9.112465858459473,8.999999999999999e-08,0.0,0.0,0.0,8.999999999999999e-08,0.0,0.0,0.0,8.999999999999999e-08
1759811077914021280,171657,1759811077906505664,base_link,0.0218425061176392,-0.0034683807263393273,0.059144335340549574,-0.9980044139024351,1.0,0.0,0.0,0.0,1.0,0.0,0.0,0.0,1.0,-0.1105094701051712,-0.07432747632265092,-0.12122493982315062,1.2184696791468346e-07,0.0,0.0,0.0,1.2184696791468346e-07,0.0,0.0,0.0,1.2184696791468346e-07,-0.17722710967063904,-1.349109649658202,9.664536476135254,8.999999999999999e-08,0.0,0.0,0.0,8.999999999999999e-08,0.0,0.0,0.0,8.999999999999999e-08
1759811077917127584,171658,1759811077911505664,base_link,0.022169489929465325,-0.0034862318923172147,0.05954401390497842,-0.9979734359687796,1.0,0.0,0.0,0.0,1.0,0.0,0.0,0.0,1.0,-0.12215626984834671,-0.03262155503034594,-0.14593851566314697,1.2184696791468346e-07,0.0,0.0,0.0,1.2184696791468346e-07,0.0,0.0,0.0,1.2184696791468346e-07,-0.4655677080154419,0.09215621650219068,8.494253158569336,8.999999999999999e-08,0.0,0.0,0.0,8.999999999999999e-08,0.0,0.0,0.0,8.999999999999999e-08
1759811077923937664,171659,1759811077917505664,base_link,0.02248562948887849,-0.0033493560505110376,0.05983617585885591,-0.9979493279714314,1.0,0.0,0.0,0.0,1.0,0.0,0.0,0.0,1.0,-0.1278146654367447,-0.016609420999884623,-0.13565976917743683,1.2184696791468346e-07,0.0,0.0,0.0,1.2184696791468346e-07,0.0,0.0,0.0,1.2184696791468346e-07,0.11051644384860992,-0.09209280461072807,9.357534408569336,8.999999999999999e-08,0.0,0.0,0.0,8.999999999999999e-08,0.0,0.0,0.0,8.999999999999999e-08
1759811077930671936,171660,1759811077927505664,base_link,0.023320795633902176,-0.0033173692266693024,0.06045434368596518,-0.9978929776349723,1.0,0.0,0.0,0.0,1.0,0.0,0.0,0.0,1.0,-0.15104250609874725,-0.019427120685577406,-0.11303628236055374,1.2184696791468346e-07,0.0,0.0,0.0,1.2184696791468346e-07,0.0,0.0,0.0,1.2184696791468346e-07,-0.07561328262090683,0.00836158916354302,10.02076244354248,8.999999999999999e-08,0.0,0.0,0.0,8.999999999999999e-08,0.0,0.0,0.0,8.999999999999999e-08
1759811077938771648,171661,1759811077932505664,base_link,0.023925965768057403,-0.0033499125206202835,0.06080719710169842,-0.9978571528137381,1.0,0.0,0.0,0.0,1.0,0.0,0.0,0.0,1.0,-0.19212135672569275,-0.013556853868067278,-0.11854129284620285,1.2184696791468346e-07,0.0,0.0,0.0,1.2184696791468346e-07,0.0,0.0,0.0,1.2184696791468346e-07,-0.09862730652093887,-0.45382940769195435,10.00904655456543,8.999999999999999e-08,0.0,0.0,0.0,8.999999999999999e-08,0.0,0.0,0.0,8.999999999999999e-08
1759811077941690624,171662,1759811077938505664,base_link,0.024401697003535103,-0.0032208997002394213,0.061223228643349406,-0.9978206114960791,1.0,0.0,0.0,0.0,1.0,0.0,0.0,0.0,1.0,-0.18929354846477509,-0.033941641449928305,-0.14406505227088928,1.2184696791468346e-07,0.0,0.0,0.0,1.2184696791468346e-07,0.0,0.0,0.0,1.2184696791468346e-07,-0.19269436597824097,-0.5092937350273121,9.358376502990723,8.999999999999999e-08,0.0,0.0,0.0,8.999999999999999e-08,0.0,0.0,0.0,8.999999999999999e-08
1759811077950587936,171663,1759811077943505664,base_link,0.024900443052477784,-0.0032055701011825992,0.061429537466810256,-0.9977957027086092,1.0,0.0,0.0,0.0,1.0,0.0,0.0,0.0,1.0,-0.1845162957906723,-0.03902980685234071,-0.10714540630578995,1.2184696791468346e-07,0.0,0.0,0.0,1.2184696791468346e-07,0.0,0.0,0.0,1.2184696791468346e-07,0.24143028259277344,-0.2384945601224888,9.208552360534668,8.999999999999999e-08,0.0,0.0,0.0,8.999999999999999e-08,0.0,0.0,0.0,8.999999999999999e-08
1759811077957238464,171664,1759811077948505664,base_link,0.025531966820753465,-0.003136941202372197,0.06181872146595988,-0.9977559160836149,1.0,0.0,0.0,0.0,1.0,0.0,0.0,0.0,1.0,-0.20927278697490692,-0.025467723608016985,-0.15506340563297272,1.2184696791468346e-07,0.0,0.0,0.0,1.2184696791468346e-07,0.0,0.0,0.0,1.2184696791468346e-07,-0.2934236526489258,-0.9326738119125355,8.93193244934082,8.999999999999999e-08,0.0,0.0,0.0,8.999999999999999e-08,0.0,0.0,0.0,8.999999999999999e-08
1759811077962056320,171665,1759811077954505664,base_link,0.026031547904132268,-0.003195621469300505,0.06238475364146117,-0.9977075315015244,1.0,0.0,0.0,0.0,1.0,0.0,0.0,0.0,1.0,-0.2157355397939682,0.002916623838245847,-0.17882683873176575,1.2184696791468346e-07,0.0,0.0,0.0,1.2184696791468346e-07,0.0,0.0,0.0,1.2184696791468346e-07,-0.14232434332370758,-0.016347806900738577,8.920990943908691,8.999999999999999e-08,0.0,0.0,0.0,8.999999999999999e-08,0.0,0.0,0.0,8.999999999999999e-08
1759811077972183840,171666,1759811077965505920,base_link,0.02727945945371215,-0.0034001588080348586,0.0631741219672217,-0.9976238700072303,1.0,0.0,0.0,0.0,1.0,0.0,0.0,0.0,1.0,-0.23769354820251465,0.036121852695941904,-0.15847162902355194,1.2184696791468346e-07,0.0,0.0,0.0,1.2184696791468346e-07,0.0,0.0,0.0,1.2184696791468346e-07,0.38205787539482117,0.0728179439902317,9.277536392211914,8.999999999999999e-08,0.0,0.0,0.0,8.999999999999999e-08,0.0,0.0,0.0,8.999999999999999e-08
1759811077973526272,171667,1759811077969505920,base_link,0.02779020681776831,-0.0034592658118043386,0.0636555232709131,-0.9975790257604147,1.0,0.0,0.0,0.0,1.0,0.0,0.0,0.0,1.0,-0.21835719048976898,0.031904950737953165,-0.16730235517024994,1.2184696791468346e-07,0.0,0.0,0.0,1.2184696791468346e-07,0.0,0.0,0.0,1.2184696791468346e-07,0.31182682514190674,-0.040131464600561904,9.32287883758545,8.999999999999999e-08,0.0,0.0,0.0,8.999999999999999e-08,0.0,0.0,0.0,8.999999999999999e-08
1759811077979957024,171668,1759811077975505920,base_link,0.028440320638959835,-0.0035407343528868823,0.06401044188222335,-0.9975376797020254,1.0,0.0,0.0,0.0,1.0,0.0,0.0,0.0,1.0,-0.24947816133499146,0.021994538605213148,-0.1512102335691452,1.2184696791468346e-07,0.0,0.0,0.0,1.2184696791468346e-07,0.0,0.0,0.0,1.2184696791468346e-07,-0.0566018670797348,-0.0768164545297611,9.537089347839355,8.999999999999999e-08,0.0,0.0,0.0,8.999999999999999e-08,0.0,0.0,0.0,8.999999999999999e-08
1759811077986806176,171669,1759811077980505920,base_link,0.02927092833889926,-0.0035803352683299134,0.0644257569274497,-0.9974866820153273,1.0,0.0,0.0,0.0,1.0,0.0,0.0,0.0,1.0,-0.2586381137371063,0.005053105298429708,-0.16524037718772888,1.2184696791468346e-07,0.0,0.0,0.0,1.2184696791468346e-07,0.0,0.0,0.0,1.2184696791468346e-07,-0.04125822335481644,-0.6110640764236439,9.330878257751465,8.999999999999999e-08,0.0,0.0,0.0,8.999999999999999e-08,0.0,0.0,0.0,8.999999999999999e-08
1759811077991954048,171670,1759811077985505920,base_link,0.029858800484463308,-0.003730549270600771,0.06493935842340347,-0.9974354314475381,1.0,0.0,0.0,0.0,1.0,0.0,0.0,0.0,1.0,-0.2919568717479706,0.024529501795768717,-0.16767551004886627,1.2184696791468346e-07,0.0,0.0,0.0,1.2184696791468346e-07,0.0,0.0,0.0,1.2184696791468346e-07,-0.05428642779588699,-0.16694554686546212,9.300169944763184,8.999999999999999e-08,0.0,0.0,0.0,8.999999999999999e-08,0.0,0.0,0.0,8.999999999999999e-08
1759811078000889984,171671,1759811077996505920,base_link,0.03154308469845679,-0.004037195252386862,0.06574684989402367,-0.9973295164172302,1.0,0.0,0.0,0.0,1.0,0.0,0.0,0.0,1.0,-0.31328943371772766,0.05194496363401411,-0.16176027059555054,1.2184696791468346e-07,0.0,0.0,0.0,1.2184696791468346e-07,0.0,0.0,0.0,1.2184696791468346e-07,0.17212818562984467,-0.5307280421257008,8.779557228088379,8.999999999999999e-08,0.0,0.0,0.0,8.999999999999999e-08,0.0,0.0,0.0,8.999999999999999e-08
1759811078009177792,171672,1759811078001505920,base_link,0.032227056926981745,-0.004322326585097157,0.06628624526126613,-0.997270763710406,1.0,0.0,0.0,0.0,1.0,0.0,0.0,0.0,1.0,-0.3305227756500244,0.07499013841152188,-0.18689551949501038,1.2184696791468346e-07,0.0,0.0,0.0,1.2184696791468346e-07,0.0,0.0,0.0,1.2184696791468346e-07,0.035871513187885284,-0.1300295144319523,9.341910362243652,8.999999999999999e-08,0.0,0.0,0.0,8.999999999999999e-08,0.0,0.0,0.0,8.999999999999999e-08
1759811078015970944,171673,1759811078012505920,base_link,0.034168672675825545,-0.004780934346278289,0.0672788456905462,-0.9971375375222631,1.0,0.0,0.0,0.0,1.0,0.0,0.0,0.0,1.0,-0.3631047308444977,0.07917237281799314,-0.19461189210414886,1.2184696791468346e-07,0.0,0.0,0.0,1.2184696791468346e-07,0.0,0.0,0.0,1.2184696791468346e-07,0.6560426950454712,0.12514187395572776,9.330739974975586,8.999999999999999e-08,0.0,0.0,0.0,8.999999999999999e-08,0.0,0.0,0.0,8.999999999999999e-08
1759811078022879072,171674,1759811078017505920,base_link,0.03506752270894919,-0.005095015295559504,0.06779455452892545,-0.9970698496835546,1.0,0.0,0.0,0.0,1.0,0.0,0.0,0.0,1.0,-0.37234556674957275,0.09323094785213468,-0.1894819289445877,1.2184696791468346e-07,0.0,0.0,0.0,1.2184696791468346e-07,0.0,0.0,0.0,1.2184696791468346e-07,0.23087123036384583,-0.10686015337705496,9.573287010192871,8.999999999999999e-08,0.0,0.0,0.0,8.999999999999999e-08,0.0,0.0,0.0,8.999999999999999e-08
1759811078032732640,171675,1759811078022505920,base_link,0.036066727022555305,-0.0052519411834557215,0.06823515768325834,-0.9970033419566043,1.0,0.0,0.0,0.0,1.0,0.0,0.0,0.0,1.0,-0.3848281800746918,0.0666595175862312,-0.1779812127351761,1.2184696791468346e-07,0.0,0.0,0.0,1.2184696791468346e-07,0.0,0.0,0.0,1.2184696791468346e-07,-0.32706886529922485,-0.3058526217937458,9.541446685791016,8.999999999999999e-08,0.0,0.0,0.0,8.999999999999999e-08,0.0,0.0,0.0,8.999999999999999e-08
1759811078040794656,171676,1759811078033505920,base_link,0.03823845797882351,-0.005923976634228976,0.06932330501811264,-0.9968435211070511,1.0,0.0,0.0,0.0,1.0,0.0,0.0,0.0,1.0,-0.4369317591190338,0.11909905076026914,-0.20457530021667483,1.2184696791468346e-07,0.0,0.0,0.0,1.2184696791468346e-07,0.0,0.0,0.0,1.2184696791468346e-07,-0.04027364030480385,-0.29752179980277904,8.853514671325684,8.999999999999999e-08,0.0,0.0,0.0,8.999999999999999e-08,0.0,0.0,0.0,8.999999999999999e-08
1759811078046924384,171677,1759811078038505920,base_link,0.03933462770287402,-0.006245929824558617,0.06974127531479518,-0.9967698062690056,1.0,0.0,0.0,0.0,1.0,0.0,0.0,0.0,1.0,-0.4337736666202545,0.11689466983079908,-0.1721901446580887,1.2184696791468346e-07,0.0,0.0,0.0,1.2184696791468346e-07,0.0,0.0,0.0,1.2184696791468346e-07,0.35169315338134766,0.4749732613563549,9.59279727935791,8.999999999999999e-08,0.0,0.0,0.0,8.999999999999999e-08,0.0,0.0,0.0,8.999999999999999e-08
1759811078051906336,171678,1759811078044505920,base_link,0.04065888826853139,-0.006765235633040519,0.0701805719168242,-0.9966824358520424,1.0,0.0,0.0,0.0,1.0,0.0,0.0,0.0,1.0,-0.43999144434928894,0.13173744082450864,-0.1619600206613541,1.2184696791468346e-07,0.0,0.0,0.0,1.2184696791468346e-07,0.0,0.0,0.0,1.2184696791468346e-07,-0.02023419924080372,-0.7980062961578358,9.235654830932617,8.999999999999999e-08,0.0,0.0,0.0,8.999999999999999e-08,0.0,0.0,0.0,8.999999999999999e-08
1759811078061979488,171679,1759811078054505920,base_link,0.042970912912602195,-0.007670343156079014,0.07121021942594537,-0.9965058405567818,1.0,0.0,0.0,0.0,1.0,0.0,0.0,0.0,1.0,-0.44725826382637024,0.13987790048122403,-0.18325145542621615,1.2184696791468346e-07,0.0,0.0,0.0,1.2184696791468346e-07,0.0,0.0,0.0,1.2184696791468346e-07,0.13833123445510864,-0.28495249152183405,10.311599731445312,8.999999999999999e-08,0.0,0.0,0.0,8.999999999999999e-08,0.0,0.0,0.0,8.999999999999999e-08
1759811078070136096,171680,1759811078059504640,base_link,0.044065839304621636,-0.008104188326670984,0.07164652360173014,-0.9964233170273975,1.0,0.0,0.0,0.0,1.0,0.0,0.0,0.0,1.0,-0.45947450399398804,0.16632831096649167,-0.17078059911727908,1.2184696791468346e-07,0.0,0.0,0.0,1.2184696791468346e-07,0.0,0.0,0.0,1.2184696791468346e-07,0.7260632514953613,-1.4907786846160878,8.926436424255371,8.999999999999999e-08,0.0,0.0,0.0,8.999999999999999e-08,0.0,0.0,0.0,8.999999999999999e-08
1759811078070224800,171681,1759811078065504640,base_link,0.04507651678064583,-0.008776845443459773,0.07197274020920442,-0.9963488013992302,1.0,0.0,0.0,0.0,1.0,0.0,0.0,0.0,1.0,-0.4119863212108612,0.2051466107368469,-0.13631002604961398,1.2184696791468346e-07,0.0,0.0,0.0,1.2184696791468346e-07,0.0,0.0,0.0,1.2184696791468346e-07,0.6059638261795044,-1.12547206878662,9.77361011505127,8.999999999999999e-08,0.0,0.0,0.0,8.999999999999999e-08,0.0,0.0,0.0,8.999999999999999e-08
1759811078078895200,171682,1759811078075504640,base_link,0.04699356750225286,-0.010251952214115663,0.07270550531741483,-0.9961930266471339,1.0,0.0,0.0,0.0,1.0,0.0,0.0,0.0,1.0,-0.3748438060283661,0.2604563534259796,-0.12502531707286837,1.2184696791468346e-07,0.0,0.0,0.0,1.2184696791468346e-07,0.0,0.0,0.0,1.2184696791468346e-07,0.9968231916427612,-0.9055572748184193,9.213201522827148,8.999999999999999e-08,0.0,0.0,0.0,8.999999999999999e-08,0.0,0.0,0.0,8.999999999999999e-08
1759811078087047456,171683,1759811078081504640,base_link,0.04795776622399264,-0.01141333496661367,0.07294300280877374,-0.9961170358792688,1.0,0.0,0.0,0.0,1.0,0.0,0.0,0.0,1.0,-0.34234774112701416,0.37248656153678894,-0.061065025627613116,1.2184696791468346e-07,0.0,0.0,0.0,1.2184696791468346e-07,0.0,0.0,0.0,1.2184696791468346e-07,1.5427168607711792,-0.9868084788322438,9.069928169250488,8.999999999999999e-08,0.0,0.0,0.0,8.999999999999999e-08,0.0,0.0,0.0,8.999999999999999e-08
1759811078092530112,171684,1759811078086504640,base_link,0.048591064769717335,-0.012510559678965964,0.0730825510241933,-0.9960629614726293,1.0,0.0,0.0,0.0,1.0,0.0,0.0,0.0,1.0,-0.33112832903862,0.44515910744667053,-0.048678956925869044,1.2184696791468346e-07,0.0,0.0,0.0,1.2184696791468346e-07,0.0,0.0,0.0,1.2184696791468346e-07,0.8956005573272705,-1.8210763931274403,9.699246406555176,8.999999999999999e-08,0.0,0.0,0.0,8.999999999999999e-08,0.0,0.0,0.0,8.999999999999999e-08
1759811078098904160,171685,1759811078091504640,base_link,0.049442838090143326,-0.013928146538116614,0.073152809820661,-0.9959970016547097,1.0,0.0,0.0,0.0,1.0,0.0,0.0,0.0,1.0,-0.2774214744567871,0.4760209023952484,-0.000865084934048413,1.2184696791468346e-07,0.0,0.0,0.0,1.2184696791468346e-07,0.0,0.0,0.0,1.2184696791468346e-07,0.8059747219085693,-0.9705309867858875,10.104736328125,8.999999999999999e-08,0.0,0.0,0.0,8.999999999999999e-08,0.0,0.0,0.0,8.999999999999999e-08
1759811078104567040,171686,1759811078100504640,base_link,0.049894643086557,-0.015422261537450918,0.07320566196869362,-0.9959486170726193,1.0,0.0,0.0,0.0,1.0,0.0,0.0,0.0,1.0,-0.2364434450864792,0.5776505470275879,0.00913273263722651,1.2184696791468346e-07,0.0,0.0,0.0,1.2184696791468346e-07,0.0,0.0,0.0,1.2184696791468346e-07,0.8178362846374512,-2.453134298324584,8.933089256286621,8.999999999999999e-08,0.0,0.0,0.0,8.999999999999999e-08,0.0,0.0,0.0,8.999999999999999e-08
1759811078110940576,171687,1759811078107504640,base_link,0.05047133182928648,-0.01875606276668346,0.0731609863092721,-0.9958656720747499,1.0,0.0,0.0,0.0,1.0,0.0,0.0,0.0,1.0,-0.14911091327667236,0.6252349019050598,0.03923978284001343,1.2184696791468346e-07,0.0,0.0,0.0,1.2184696791468346e-07,0.0,0.0,0.0,1.2184696791468346e-07,0.5062528848648071,-2.5053818225860582,9.4356107711792,8.999999999999999e-08,0.0,0.0,0.0,8.999999999999999e-08,0.0,0.0,0.0,8.999999999999999e-08
1759811078117917120,171688,1759811078112504640,base_link,0.05034212934808732,-0.020364124405145,0.07292458463597448,-0.9958578749077753,1.0,0.0,0.0,0.0,1.0,0.0,0.0,0.0,1.0,-0.03709714114665985,0.6334136724472046,0.0921192988753318,1.2184696791468346e-07,0.0,0.0,0.0,1.2184696791468346e-07,0.0,0.0,0.0,1.2184696791468346e-07,0.2759628891944885,-2.557044744491576,10.650838851928711,8.999999999999999e-08,0.0,0.0,0.0,8.999999999999999e-08,0.0,0.0,0.0,8.999999999999999e-08
1759811078125426528,171689,1759811078118504640,base_link,0.050207193578401664,-0.022426166871074585,0.07294308710247077,-0.9958191419539938,1.0,0.0,0.0,0.0,1.0,0.0,0.0,0.0,1.0,0.012013794854283333,0.7329839468002319,0.07330480217933646,1.2184696791468346e-07,0.0,0.0,0.0,1.2184696791468346e-07,0.0,0.0,0.0,1.2184696791468346e-07,0.36884865164756775,-3.114812374114989,9.575113296508789,8.999999999999999e-08,0.0,0.0,0.0,8.999999999999999e-08,0.0,0.0,0.0,8.999999999999999e-08
1759811078131956480,171690,1759811078128504640,base_link,0.049331011964331796,-0.026461486588702766,0.07272358631542604,-0.9957799453848787,1.0,0.0,0.0,0.0,1.0,0.0,0.0,0.0,1.0,0.09806963056325912,0.7837127447128296,0.07360337674617758,1.2184696791468346e-07,0.0,0.0,0.0,1.2184696791468346e-07,0.0,0.0,0.0,1.2184696791468346e-07,0.32282471656799316,-2.0628592967987047,9.67485237121582,8.999999999999999e-08,0.0,0.0,0.0,8.999999999999999e-08,0.0,0.0,0.0,8.999999999999999e-08
1759811078138219584,171691,1759811078133504640,base_link,0.04860952179664257,-0.028416667695866506,0.07245523733095717,-0.9957810833497884,1.0,0.0,0.0,0.0,1.0,0.0,0.0,0.0,1.0,0.17611147463321686,0.7930072546005249,0.1196918711066245,1.2184696791468346e-07,0.0,0.0,0.0,1.2184696791468346e-07,0.0,0.0,0.0,1.2184696791468346e-07,0.25261521339416504,-2.075092792510985,11.363635063171387,8.999999999999999e-08,0.0,0.0,0.0,8.999999999999999e-08,0.0,0.0,0.0,8.999999999999999e-08
1759811078145974304,171692,1759811078139504640,base_link,0.04786602965694163,-0.03064569399996273,0.07244596502428474,-0.9957515805558308,1.0,0.0,0.0,0.0,1.0,0.0,0.0,0.0,1.0,0.230999156832695,0.8098147511482239,0.07403542846441259,1.2184696791468346e-07,0.0,0.0,0.0,1.2184696791468346e-07,0.0,0.0,0.0,1.2184696791468346e-07,-0.6229298114776611,-2.6964204311370836,10.600713729858398,8.999999999999999e-08,0.0,0.0,0.0,8.999999999999999e-08,0.0,0.0,0.0,8.999999999999999e-08
1759811078152902656,171693,1759811078144504640,base_link,0.04702964125331113,-0.03254910363063141,0.07239888699449808,-0.9957345953758809,1.0,0.0,0.0,0.0,1.0,0.0,0.0,0.0,1.0,0.2736976146697998,0.771156370639801,0.034991811960935496,1.2184696791468346e-07,0.0,0.0,0.0,1.2184696791468346e-07,0.0,0.0,0.0,1.2184696791468346e-07,-0.9827302694320679,-1.7731584310531603,11.194045066833496,8.999999999999999e-08,0.0,0.0,0.0,8.999999999999999e-08,0.0,0.0,0.0,8.999999999999999e-08
1759811078156073984,171694,1759811078149504640,base_link,0.04614074775460368,-0.034566262995619434,0.07245165484883376,-0.9957042496449531,1.0,0.0,0.0,0.0,1.0,0.0,0.0,0.0,1.0,0.29656291007995605,0.7717358469963074,0.04777687788009634,1.2184696791468346e-07,0.0,0.0,0.0,1.2184696791468346e-07,0.0,0.0,0.0,1.2184696791468346e-07,-0.4990372359752655,-1.5455856323242174,10.461831092834473,8.999999999999999e-08,0.0,0.0,0.0,8.999999999999999e-08,0.0,0.0,0.0,8.999999999999999e-08
1759811078164105632,171695,1759811078155504128,base_link,0.04504820924497019,-0.03640278821187935,0.07226818961726579,-0.9957022687430731,1.0,0.0,0.0,0.0,1.0,0.0,0.0,0.0,1.0,0.34743738174438477,0.6967065334320068,0.05809129029512397,1.2184696791468346e-07,0.0,0.0,0.0,1.2184696791468346e-07,0.0,0.0,0.0,1.2184696791468346e-07,-1.221558928489685,-1.8715307712554918,11.14198112487793,8.999999999999999e-08,0.0,0.0,0.0,8.999999999999999e-08,0.0,0.0,0.0,8.999999999999999e-08
1759811078175075872,171696,1759811078165504128,base_link,0.04286832484914865,-0.03967816403090818,0.07266656162939078,-0.9956443589732191,1.0,0.0,0.0,0.0,1.0,0.0,0.0,0.0,1.0,0.39140555262565613,0.6109493374824524,-0.03978643938899048,1.2184696791468346e-07,0.0,0.0,0.0,1.2184696791468346e-07,0.0,0.0,0.0,1.2184696791468346e-07,-1.366772174835205,-0.9652872085571275,11.602799415588379,8.999999999999999e-08,0.0,0.0,0.0,8.999999999999999e-08,0.0,0.0,0.0,8.999999999999999e-08
1759811078180490240,171697,1759811078176504128,base_link,0.04058390490912733,-0.04263915679336275,0.07328249567352899,-0.9955725407433565,1.0,0.0,0.0,0.0,1.0,0.0,0.0,0.0,1.0,0.3857879638671875,0.5866430401802063,-0.07343618571758277,1.2184696791468346e-07,0.0,0.0,0.0,1.2184696791468346e-07,0.0,0.0,0.0,1.2184696791468346e-07,-1.3348655700683594,-1.1596678495407091,10.862139701843262,8.999999999999999e-08,0.0,0.0,0.0,8.999999999999999e-08,0.0,0.0,0.0,8.999999999999999e-08
1759811078192104896,171698,1759811078181504128,base_link,0.0395329867416706,-0.04389871239766053,0.07375513043273015,-0.9955250833919332,1.0,0.0,0.0,0.0,1.0,0.0,0.0,0.0,1.0,0.3861142694950104,0.5235423445701599,-0.14547874033451086,1.2184696791468346e-07,0.0,0.0,0.0,1.2184696791468346e-07,0.0,0.0,0.0,1.2184696791468346e-07,-1.7295300960540771,-1.746509790420531,10.81743049621582,8.999999999999999e-08,0.0,0.0,0.0,8.999999999999999e-08,0.0,0.0,0.0,8.999999999999999e-08
1759811078193107648,171699,1759811078186504128,base_link,0.03835507995501442,-0.045072899724935625,0.07433941219363667,-0.9954753079638419,1.0,0.0,0.0,0.0,1.0,0.0,0.0,0.0,1.0,0.39259880781173706,0.4497967064380646,-0.1736240535974503,1.2184696791468346e-07,0.0,0.0,0.0,1.2184696791468346e-07,0.0,0.0,0.0,1.2184696791468346e-07,-2.0062928199768066,-0.8169119954109179,11.046850204467773,8.999999999999999e-08,0.0,0.0,0.0,8.999999999999999e-08,0.0,0.0,0.0,8.999999999999999e-08
1759811078199412064,171700,1759811078192504128,base_link,0.03734213642733826,-0.04594815476688276,0.07494864488886167,-0.9954281456403582,1.0,0.0,0.0,0.0,1.0,0.0,0.0,0.0,1.0,0.37334418296813965,0.39771246910095215,-0.2010717391967774,1.2184696791468346e-07,0.0,0.0,0.0,1.2184696791468346e-07,0.0,0.0,0.0,1.2184696791468346e-07,-1.7462750673294067,-1.0215171575546251,10.295167922973633,8.999999999999999e-08,0.0,0.0,0.0,8.999999999999999e-08,0.0,0.0,0.0,8.999999999999999e-08
1759811078206024864,171701,1759811078202504128,base_link,0.03532003896635713,-0.04746638138556009,0.07602579189625455,-0.9953489517120062,1.0,0.0,0.0,0.0,1.0,0.0,0.0,0.0,1.0,0.37104642391204834,0.3098704218864441,-0.17663253843784335,1.2184696791468346e-07,0.0,0.0,0.0,1.2184696791468346e-07,0.0,0.0,0.0,1.2184696791468346e-07,-2.4888312816619873,-1.473060607910155,10.357351303100586,8.999999999999999e-08,0.0,0.0,0.0,8.999999999999999e-08,0.0,0.0,0.0,8.999999999999999e-08
1759811078212998880,171702,1759811078207504128,base_link,0.03440911912949118,-0.04792687258403405,0.07677284478611017,-0.9953014522137344,1.0,0.0,0.0,0.0,1.0,0.0,0.0,0.0,1.0,0.35133954882621765,0.24791219830512998,-0.22730937600135806,1.2184696791468346e-07,0.0,0.0,0.0,1.2184696791468346e-07,0.0,0.0,0.0,1.2184696791468346e-07,-2.211423635482788,-0.9666418433189379,10.908102989196777,8.999999999999999e-08,0.0,0.0,0.0,8.999999999999999e-08,0.0,0.0,0.0,8.999999999999999e-08
1759811078219146912,171703,1759811078213504128,base_link,0.03362143470203755,-0.048289511312611375,0.07741802874311492,-0.995260906945467,1.0,0.0,0.0,0.0,1.0,0.0,0.0,0.0,1.0,0.3161725699901581,0.1730009615421295,-0.23426853120327,1.2184696791468346e-07,0.0,0.0,0.0,1.2184696791468346e-07,0.0,0.0,0.0,1.2184696791468346e-07,-1.8092992305755615,0.35746616125106934,10.156620025634766,8.999999999999999e-08,0.0,0.0,0.0,8.999999999999999e-08,0.0,0.0,0.0,8.999999999999999e-08
1759811078226970112,171704,1759811078218504128,base_link,0.03279883885458224,-0.048550089471886035,0.0779196183872431,-0.9952365039201791,1.0,0.0,0.0,0.0,1.0,0.0,0.0,0.0,1.0,0.2923828065395355,0.11782089620828626,-0.18069696426391604,1.2184696791468346e-07,0.0,0.0,0.0,1.2184696791468346e-07,0.0,0.0,0.0,1.2184696791468346e-07,-1.681424617767334,0.05056776478886729,10.203646659851074,8.999999999999999e-08,0.0,0.0,0.0,8.999999999999999e-08,0.0,0.0,0.0,8.999999999999999e-08
1759811078229947296,171705,1759811078223504128,base_link,0.03212963185247077,-0.04859677171642341,0.07842744576495082,-0.9952161469923484,1.0,0.0,0.0,0.0,1.0,0.0,0.0,0.0,1.0,0.27066290378570557,0.059325866401195505,-0.19131867587566376,1.2184696791468346e-07,0.0,0.0,0.0,1.2184696791468346e-07,0.0,0.0,0.0,1.2184696791468346e-07,-2.1539742946624756,-1.2432731389999376,10.197957992553711,8.999999999999999e-08,0.0,0.0,0.0,8.999999999999999e-08,0.0,0.0,0.0,8.999999999999999e-08
1759811078237335904,171706,1759811078229504128,base_link,0.031386124566246155,-0.04862845034143541,0.07912952796744531,-0.9951827666883278,1.0,0.0,0.0,0.0,1.0,0.0,0.0,0.0,1.0,0.2789207696914673,-0.0035257805138826682,-0.2539447844028473,1.2184696791468346e-07,0.0,0.0,0.0,1.2184696791468346e-07,0.0,0.0,0.0,1.2184696791468346e-07,-2.467120885848999,-1.016216993331908,9.400069236755371,8.999999999999999e-08,0.0,0.0,0.0,8.999999999999999e-08,0.0,0.0,0.0,8.999999999999999e-08
1759811078242455808,171707,1759811078234504128,base_link,0.030753696616361022,-0.04845380828918544,0.07993086599818297,-0.9951469840139421,1.0,0.0,0.0,0.0,1.0,0.0,0.0,0.0,1.0,0.23180456459522247,-0.028375158086419137,-0.26861628890037537,1.2184696791468346e-07,0.0,0.0,0.0,1.2184696791468346e-07,0.0,0.0,0.0,1.2184696791468346e-07,-1.7817649841308594,-0.23960179090499759,9.8484468460083,8.999999999999999e-08,0.0,0.0,0.0,8.999999999999999e-08,0.0,0.0,0.0,8.999999999999999e-08
1759811078250019392,171708,1759811078245504128,base_link,0.02977827827183873,-0.04805707802851887,0.08085261757511618,-0.9951214430237445,1.0,0.0,0.0,0.0,1.0,0.0,0.0,0.0,1.0,0.20178817212581635,-0.06028200313448908,-0.17183153331279755,1.2184696791468346e-07,0.0,0.0,0.0,1.2184696791468346e-07,0.0,0.0,0.0,1.2184696791468346e-07,-1.0287562608718872,-0.13894350826740154,9.100762367248535,8.999999999999999e-08,0.0,0.0,0.0,8.999999999999999e-08,0.0,0.0,0.0,8.999999999999999e-08
1759811078256203168,171709,1759811078250504128,base_link,0.029333640873849945,-0.047693718193705305,0.08119181541193185,-0.9951244775968372,1.0,0.0,0.0,0.0,1.0,0.0,0.0,0.0,1.0,0.18583045899868011,-0.09442037343978883,-0.13020482659339905,1.2184696791468346e-07,0.0,0.0,0.0,1.2184696791468346e-07,0.0,0.0,0.0,1.2184696791468346e-07,-2.0151867866516113,-0.38116431236266973,9.724651336669922,8.999999999999999e-08,0.0,0.0,0.0,8.999999999999999e-08,0.0,0.0,0.0,8.999999999999999e-08
1759811078261396000,171710,1759811078255504128,base_link,0.02898656486908527,-0.047439458768984734,0.08176800497792432,-0.9950996531030643,1.0,0.0,0.0,0.0,1.0,0.0,0.0,0.0,1.0,0.1513451486825943,-0.11757320910692218,-0.17976550757884976,1.2184696791468346e-07,0.0,0.0,0.0,1.2184696791468346e-07,0.0,0.0,0.0,1.2184696791468346e-07,-1.7378605604171753,-0.6301673054695117,9.919414520263672,8.999999999999999e-08,0.0,0.0,0.0,8.999999999999999e-08,0.0,0.0,0.0,8.999999999999999e-08
1759811078269529952,171711,1759811078260502336,base_link,0.02866876050915592,-0.04694105779736424,0.0821823506456349,-0.9950983465507605,1.0,0.0,0.0,0.0,1.0,0.0,0.0,0.0,1.0,0.12718309462070465,-0.14144606888294223,-0.16546025872230527,1.2184696791468346e-07,0.0,0.0,0.0,1.2184696791468346e-07,0.0,0.0,0.0,1.2184696791468346e-07,-1.2054036855697632,0.4483734965324413,8.984073638916016,8.999999999999999e-08,0.0,0.0,0.0,8.999999999999999e-08,0.0,0.0,0.0,8.999999999999999e-08
1759811078275011424,171712,1759811078266502336,base_link,0.028427601510332648,-0.046581771718877056,0.08244197523246201,-0.9951007067742771,1.0,0.0,0.0,0.0,1.0,0.0,0.0,0.0,1.0,0.10618458688259125,-0.15496158599853516,-0.10351182520389555,1.2184696791468346e-07,0.0,0.0,0.0,1.2184696791468346e-07,0.0,0.0,0.0,1.2184696791468346e-07,-1.441096305847168,1.359806776046754,9.643383026123047,8.999999999999999e-08,0.0,0.0,0.0,8.999999999999999e-08,0.0,0.0,0.0,8.999999999999999e-08
1759811078278952576,171713,1759811078271502336,base_link,0.02836798084184694,-0.04613520873674693,0.08264642959458837,-0.995106228011432,1.0,0.0,0.0,0.0,1.0,0.0,0.0,0.0,1.0,0.028607221320271492,-0.16212809085845947,-0.08621536940336226,1.2184696791468346e-07,0.0,0.0,0.0,1.2184696791468346e-07,0.0,0.0,0.0,1.2184696791468346e-07,-1.0311863422393799,-0.02955623343586805,9.525629043579102,8.999999999999999e-08,0.0,0.0,0.0,8.999999999999999e-08,0.0,0.0,0.0,8.999999999999999e-08
1759811078288091328,171714,1759811078282502336,base_link,0.02845261698201288,-0.0451556369520128,0.08330956810905878,-0.9950934153694847,1.0,0.0,0.0,0.0,1.0,0.0,0.0,0.0,1.0,-0.011166483163833618,-0.194077804684639,-0.14578416943550107,1.2184696791468346e-07,0.0,0.0,0.0,1.2184696791468346e-07,0.0,0.0,0.0,1.2184696791468346e-07,-1.5109212398529053,-0.40469720959663275,9.601968765258789,8.999999999999999e-08,0.0,0.0,0.0,8.999999999999999e-08,0.0,0.0,0.0,8.999999999999999e-08
1759811078293024960,171715,1759811078287502336,base_link,0.02858749282414831,-0.04452811186598959,0.08366077779770006,-0.9950883998945119,1.0,0.0,0.0,0.0,1.0,0.0,0.0,0.0,1.0,-0.038578104227781296,-0.2100249379873276,-0.13257345557212827,1.2184696791468346e-07,0.0,0.0,0.0,1.2184696791468346e-07,0.0,0.0,0.0,1.2184696791468346e-07,-1.2439346313476562,1.2694728374481212,9.608925819396973,8.999999999999999e-08,0.0,0.0,0.0,8.999999999999999e-08,0.0,0.0,0.0,8.999999999999999e-08
1759811078299132224,171716,1759811078292502336,base_link,0.028767491477426212,-0.04406724134587902,0.08376635565321987,-0.9950949326560311,1.0,0.0,0.0,0.0,1.0,0.0,0.0,0.0,1.0,-0.055901046842336655,-0.2028607726097107,-0.056107115000486346,1.2184696791468346e-07,0.0,0.0,0.0,1.2184696791468346e-07,0.0,0.0,0.0,1.2184696791468346e-07,-0.15244406461715698,0.853057622909547,9.5172119140625,8.999999999999999e-08,0.0,0.0,0.0,8.999999999999999e-08,0.0,0.0,0.0,8.999999999999999e-08
1759811078309079872,171717,1759811078303502336,base_link,0.029402513434128297,-0.04308433930156802,0.08383876393896157,-0.9951132243882849,1.0,0.0,0.0,0.0,1.0,0.0,0.0,0.0,1.0,-0.10640434175729752,-0.1881142407655716,-0.022647893056273436,1.2184696791468346e-07,0.0,0.0,0.0,1.2184696791468346e-07,0.0,0.0,0.0,1.2184696791468346e-07,-1.6925230026245117,-0.18666674196720007,9.61905288696289,8.999999999999999e-08,0.0,0.0,0.0,8.999999999999999e-08,0.0,0.0,0.0,8.999999999999999e-08
1759811078313116832,171718,1759811078308502336,base_link,0.029880411281037262,-0.04257819779780069,0.08410884094421933,-0.9950980515228209,1.0,0.0,0.0,0.0,1.0,0.0,0.0,0.0,1.0,-0.14744026958942413,-0.1975783258676529,-0.08599013090133664,1.2184696791468346e-07,0.0,0.0,0.0,1.2184696791468346e-07,0.0,0.0,0.0,1.2184696791468346e-07,-1.0756875276565552,-0.3646193146705616,9.541906356811523,8.999999999999999e-08,0.0,0.0,0.0,8.999999999999999e-08,0.0,0.0,0.0,8.999999999999999e-08
1759811078322106944,171719,1759811078314502336,base_link,0.03034496504058097,-0.04202641586690762,0.08421875992513579,-0.995098135816518,1.0,0.0,0.0,0.0,1.0,0.0,0.0,0.0,1.0,-0.1626744121313095,-0.21596665680408478,-0.06896803528070447,1.2184696791468346e-07,0.0,0.0,0.0,1.2184696791468346e-07,0.0,0.0,0.0,1.2184696791468346e-07,-0.48891741037368774,0.9465137124061597,9.536645889282227,8.999999999999999e-08,0.0,0.0,0.0,8.999999999999999e-08,0.0,0.0,0.0,8.999999999999999e-08
1759811078326778784,171720,1759811078319502336,base_link,0.03083108086440505,-0.04156249562718059,0.0841125077200398,-0.9951116649548899,1.0,0.0,0.0,0.0,1.0,0.0,0.0,0.0,1.0,-0.18457140028476715,-0.19690340757369995,0.011082142591476465,1.2184696791468346e-07,0.0,0.0,0.0,1.2184696791468346e-07,0.0,0.0,0.0,1.2184696791468346e-07,-0.38878142833709717,-0.014036676846443469,9.286086082458496,8.999999999999999e-08,0.0,0.0,0.0,8.999999999999999e-08,0.0,0.0,0.0,8.999999999999999e-08
1759811078334994240,171721,1759811078324502336,base_link,0.03142678079926323,-0.04107899060305841,0.08405881263503691,-0.9951176498073785,1.0,0.0,0.0,0.0,1.0,0.0,0.0,0.0,1.0,-0.2069365382194519,-0.2098757028579712,-0.013155208900570843,1.2184696791468346e-07,0.0,0.0,0.0,1.2184696791468346e-07,0.0,0.0,0.0,1.2184696791468346e-07,-1.2014002799987793,-0.2657254040241229,9.858009338378906,8.999999999999999e-08,0.0,0.0,0.0,8.999999999999999e-08,0.0,0.0,0.0,8.999999999999999e-08
1759811078339638240,171722,1759811078335502336,base_link,0.032621631442201426,-0.039995007245128125,0.08419962525591183,-0.9951113699269504,1.0,0.0,0.0,0.0,1.0,0.0,0.0,0.0,1.0,-0.2080138921737671,-0.22400401532649994,-0.047399632632732364,1.2184696791468346e-07,0.0,0.0,0.0,1.2184696791468346e-07,0.0,0.0,0.0,1.2184696791468346e-07,-0.9431772232055664,-0.9785705804824817,9.571975708007812,8.999999999999999e-08,0.0,0.0,0.0,8.999999999999999e-08,0.0,0.0,0.0,8.999999999999999e-08
1759811078347044224,171723,1759811078340502336,base_link,0.03320602778985234,-0.039474026099417914,0.08422069868016725,-0.9951111170458593,1.0,0.0,0.0,0.0,1.0,0.0,0.0,0.0,1.0,-0.20143258571624756,-0.21706156432628632,-0.023232126608490916,1.2184696791468346e-07,0.0,0.0,0.0,1.2184696791468346e-07,0.0,0.0,0.0,1.2184696791468346e-07,-0.343668669462204,-0.006849778350441466,9.656155586242676,8.999999999999999e-08,0.0,0.0,0.0,8.999999999999999e-08,0.0,0.0,0.0,8.999999999999999e-08
1759811078352030176,171724,1759811078345502336,base_link,0.033733319438310296,-0.03900895373607417,0.08409746129512143,-0.9951221595201691,1.0,0.0,0.0,0.0,1.0,0.0,0.0,0.0,1.0,-0.1995244175195694,-0.19651807844638824,0.022893929854035402,1.2184696791468346e-07,0.0,0.0,0.0,1.2184696791468346e-07,0.0,0.0,0.0,1.2184696791468346e-07,-0.11147888004779816,-0.07321058958768722,9.985204696655273,8.999999999999999e-08,0.0,0.0,0.0,8.999999999999999e-08,0.0,0.0,0.0,8.999999999999999e-08
1759811078357438944,171725,1759811078350502336,base_link,0.03435207419321232,-0.038596281265322226,0.08392680870550083,-0.9951314739736901,1.0,0.0,0.0,0.0,1.0,0.0,0.0,0.0,1.0,-0.20441555976867676,-0.18024978041648865,0.0516089014708996,1.2184696791468346e-07,0.0,0.0,0.0,1.2184696791468346e-07,0.0,0.0,0.0,1.2184696791468346e-07,-0.33513152599334717,-0.5693887472152698,9.628711700439453,8.999999999999999e-08,0.0,0.0,0.0,8.999999999999999e-08,0.0,0.0,0.0,8.999999999999999e-08
1759811078364519648,171726,1759811078360501568,base_link,0.034871555668441724,-0.0381598554234396,0.0837715818624352,-0.9951433172381217,1.0,0.0,0.0,0.0,1.0,0.0,0.0,0.0,1.0,-0.1870359480381012,-0.16637977957725525,0.022116279229521772,1.2184696791468346e-07,0.0,0.0,0.0,1.2184696791468346e-07,0.0,0.0,0.0,1.2184696791468346e-07,-0.7973756790161133,-1.5755386352539051,9.874004364013672,8.999999999999999e-08,0.0,0.0,0.0,8.999999999999999e-08,0.0,0.0,0.0,8.999999999999999e-08
1759811078373285056,171727,1759811078366501568,base_link,0.035832790692941395,-0.037434927241828383,0.08386089103442976,-0.9951291980438705,1.0,0.0,0.0,0.0,1.0,0.0,0.0,0.0,1.0,-0.1684703677892685,-0.1541646271944046,-0.028212644159793836,1.2184696791468346e-07,0.0,0.0,0.0,1.2184696791468346e-07,0.0,0.0,0.0,1.2184696791468346e-07,-0.17771856486797333,-0.41390770673751714,9.74514389038086,8.999999999999999e-08,0.0,0.0,0.0,8.999999999999999e-08,0.0,0.0,0.0,8.999999999999999e-08
1759811078378053248,171728,1759811078371501568,base_link,0.03625853724781032,-0.03712108056975588,0.08371097469427655,-0.9951381753226033,1.0,0.0,0.0,0.0,1.0,0.0,0.0,0.0,1.0,-0.1281890571117401,-0.12759986519813538,0.027405885979533213,1.2184696791468346e-07,0.0,0.0,0.0,1.2184696791468346e-07,0.0,0.0,0.0,1.2184696791468346e-07,0.2165784239768982,-0.7605145573616016,10.096681594848633,8.999999999999999e-08,0.0,0.0,0.0,8.999999999999999e-08,0.0,0.0,0.0,8.999999999999999e-08
1759811078383979072,171729,1759811078377501568,base_link,0.03658970296131874,-0.03691477489496099,0.0835910247634145,-0.9951437387066068,1.0,0.0,0.0,0.0,1.0,0.0,0.0,0.0,1.0,-0.1192447692155838,-0.09256033599376678,0.034785140305757536,1.2184696791468346e-07,0.0,0.0,0.0,1.2184696791468346e-07,0.0,0.0,0.0,1.2184696791468346e-07,-0.12177327275276184,-1.9085394144058216,9.753551483154297,8.999999999999999e-08,0.0,0.0,0.0,8.999999999999999e-08,0.0,0.0,0.0,8.999999999999999e-08
1759811078389966912,171730,1759811078382501568,base_link,0.0368026776391728,-0.03675008996878829,0.08357437675825273,-0.9951433593849701,1.0,0.0,0.0,0.0,1.0,0.0,0.0,0.0,1.0,-0.08576193451881409,-0.07683315873146057,-0.0022962957154959345,1.2184696791468346e-07,0.0,0.0,0.0,1.2184696791468346e-07,0.0,0.0,0.0,1.2184696791468346e-07,-0.544701099395752,-1.7231875658035267,9.827756881713867,8.999999999999999e-08,0.0,0.0,0.0,8.999999999999999e-08,0.0,0.0,0.0,8.999999999999999e-08
1759811078396847520,171731,1759811078393501568,base_link,0.03721470744765813,-0.036415663045123635,0.08369634973784323,-0.9951301252745377,1.0,0.0,0.0,0.0,1.0,0.0,0.0,0.0,1.0,-0.06692443042993546,-0.06511084735393524,-0.03169486299157142,1.2184696791468346e-07,0.0,0.0,0.0,1.2184696791468346e-07,0.0,0.0,0.0,1.2184696791468346e-07,0.2006801962852478,-0.9889516234397876,9.6574068069458,8.999999999999999e-08,0.0,0.0,0.0,8.999999999999999e-08,0.0,0.0,0.0,8.999999999999999e-08
1759811078402760800,171732,1759811078398501568,base_link,0.037265094540120315,-0.036348527848734435,0.08363102212265135,-0.9951361944207232,1.0,0.0,0.0,0.0,1.0,0.0,0.0,0.0,1.0,-0.03809197247028351,-0.04021354392170906,-0.004234171006828541,1.2184696791468346e-07,0.0,0.0,0.0,1.2184696791468346e-07,0.0,0.0,0.0,1.2184696791468346e-07,0.14082108438014984,-1.2934672832489,9.991777420043945,8.999999999999999e-08,0.0,0.0,0.0,8.999999999999999e-08,0.0,0.0,0.0,8.999999999999999e-08
1759811078413880832,171733,1759811078403501568,base_link,0.03725910561288762,-0.03633405974937115,0.0836601455949724,-0.9951344663999343,1.0,0.0,0.0,0.0,1.0,0.0,0.0,0.0,1.0,-0.010176604613661766,0.003637059591710567,-0.005178255960345269,1.2184696791468346e-07,0.0,0.0,0.0,1.2184696791468346e-07,0.0,0.0,0.0,1.2184696791468346e-07,-0.18136203289031982,-1.6178921461105336,9.604843139648438,8.999999999999999e-08,0.0,0.0,0.0,8.999999999999999e-08,0.0,0.0,0.0,8.999999999999999e-08
1759811078417843008,171734,1759811078408501568,base_link,0.03726288491750088,-0.0363885063159757,0.08366608830061241,-0.9951318954421752,1.0,0.0,0.0,0.0,1.0,0.0,0.0,0.0,1.0,0.01882030814886093,0.011363673955202103,0.0016508363187313067,1.2184696791468346e-07,0.0,0.0,0.0,1.2184696791468346e-07,0.0,0.0,0.0,1.2184696791468346e-07,-0.13727031648159027,-0.9852144718170154,10.091980934143066,8.999999999999999e-08,0.0,0.0,0.0,8.999999999999999e-08,0.0,0.0,0.0,8.999999999999999e-08
1759811078426252352,171735,1759811078419501568,base_link,0.037096242596400174,-0.03647477986532219,0.08373533557271581,-0.9951290716033249,1.0,0.0,0.0,0.0,1.0,0.0,0.0,0.0,1.0,0.03865692764520645,0.02267215028405189,-0.017549691721796993,1.2184696791468346e-07,0.0,0.0,0.0,1.2184696791468346e-07,0.0,0.0,0.0,1.2184696791468346e-07,-0.4699777364730835,-1.4681098461151112,9.68621826171875,8.999999999999999e-08,0.0,0.0,0.0,8.999999999999999e-08,0.0,0.0,0.0,8.999999999999999e-08
1759811078430846432,171736,1759811078424501568,base_link,0.03692284153011647,-0.03657793794020643,0.08387981496941115,-0.9951195464155614,1.0,0.0,0.0,0.0,1.0,0.0,0.0,0.0,1.0,0.06592193245887756,0.052007202059030526,-0.047816205769777305,1.2184696791468346e-07,0.0,0.0,0.0,1.2184696791468346e-07,0.0,0.0,0.0,1.2184696791468346e-07,-0.1330597996711731,-1.872794985771178,9.602392196655273,8.999999999999999e-08,0.0,0.0,0.0,8.999999999999999e-08,0.0,0.0,0.0,8.999999999999999e-08
1759811078439696832,171737,1759811078430501568,base_link,0.03674529451778024,-0.036724791510114596,0.08398172604911047,-0.9951121285702236,1.0,0.0,0.0,0.0,1.0,0.0,0.0,0.0,1.0,0.08762066811323166,0.05250453948974609,-0.028590269386768348,1.2184696791468346e-07,0.0,0.0,0.0,1.2184696791468346e-07,0.0,0.0,0.0,1.2184696791468346e-07,-0.09782332181930542,-0.7641435861587512,10.055768966674805,8.999999999999999e-08,0.0,0.0,0.0,8.999999999999999e-08,0.0,0.0,0.0,8.999999999999999e-08
1759811078445151712,171738,1759811078440501568,base_link,0.036269002178586675,-0.03702733873467807,0.08406003489364375,-0.9951117913954355,1.0,0.0,0.0,0.0,1.0,0.0,0.0,0.0,1.0,0.07699031382799149,0.06899451464414597,-0.011386221274733552,1.2184696791468346e-07,0.0,0.0,0.0,1.2184696791468346e-07,0.0,0.0,0.0,1.2184696791468346e-07,-0.2722761034965515,-1.020293354988097,9.672550201416016,8.999999999999999e-08,0.0,0.0,0.0,8.999999999999999e-08,0.0,0.0,0.0,8.999999999999999e-08
1759811078450476000,171739,1759811078446501568,base_link,0.036037017733735396,-0.03716740090292709,0.08409982151863803,-0.9951116228080414,1.0,0.0,0.0,0.0,1.0,0.0,0.0,0.0,1.0,0.08393475413322449,0.0651584342122078,-0.004405463114380844,1.2184696791468346e-07,0.0,0.0,0.0,1.2184696791468346e-07,0.0,0.0,0.0,1.2184696791468346e-07,-0.7953231930732727,-1.4647169113159169,9.720871925354004,8.999999999999999e-08,0.0,0.0,0.0,8.999999999999999e-08,0.0,0.0,0.0,8.999999999999999e-08
1759811078462088544,171740,1759811078451501568,base_link,0.0357750347755481,-0.03739551359997981,0.08432008094895596,-0.9950939211316668,1.0,0.0,0.0,0.0,1.0,0.0,0.0,0.0,1.0,0.0880143940448761,0.08854460716247559,-0.05422933399677278,1.2184696791468346e-07,0.0,0.0,0.0,1.2184696791468346e-07,0.0,0.0,0.0,1.2184696791468346e-07,-0.4697173535823822,-1.1391716003417958,9.495320320129395,8.999999999999999e-08,0.0,0.0,0.0,8.999999999999999e-08,0.0,0.0,0.0,8.999999999999999e-08
1759811078464080736,171741,1759811078456502080,base_link,0.035496349441118076,-0.03757512749862892,0.08440327882791647,-0.9950900436216038,1.0,0.0,0.0,0.0,1.0,0.0,0.0,0.0,1.0,0.0831771194934845,0.08085346966981888,-0.02205991931259633,1.2184696791468346e-07,0.0,0.0,0.0,1.2184696791468346e-07,0.0,0.0,0.0,1.2184696791468346e-07,-0.25932836532592773,-0.2967061400413501,10.045061111450195,8.999999999999999e-08,0.0,0.0,0.0,8.999999999999999e-08,0.0,0.0,0.0,8.999999999999999e-08
1759811078473017504,171742,1759811078467502080,base_link,0.035083956193237516,-0.037961110477561344,0.08450127025070427,-0.9950818249861442,1.0,0.0,0.0,0.0,1.0,0.0,0.0,0.0,1.0,0.0796133354306221,0.07866620272397995,-0.016091549769043933,1.2184696791468346e-07,0.0,0.0,0.0,1.2184696791468346e-07,0.0,0.0,0.0,1.2184696791468346e-07,-0.6086870431900024,-1.3193142414093006,9.68521499633789,8.999999999999999e-08,0.0,0.0,0.0,8.999999999999999e-08,0.0,0.0,0.0,8.999999999999999e-08
1759811078479960320,171743,1759811078472502080,base_link,0.03484450891622662,-0.03817385772604059,0.08464397947976215,-0.9950698552811671,1.0,0.0,0.0,0.0,1.0,0.0,0.0,0.0,1.0,0.07220692932605743,0.09063201397657394,-0.042390994727611556,1.2184696791468346e-07,0.0,0.0,0.0,1.2184696791468346e-07,0.0,0.0,0.0,1.2184696791468346e-07,-0.8514034152030945,-1.0277621746063221,9.46541690826416,8.999999999999999e-08,0.0,0.0,0.0,8.999999999999999e-08,0.0,0.0,0.0,8.999999999999999e-08
1759811078488894880,171744,1759811078483502080,base_link,0.0345233456500343,-0.03850922448018107,0.08474673349643172,-0.9950594028627364,1.0,0.0,0.0,0.0,1.0,0.0,0.0,0.0,1.0,0.044366128742694855,0.08008891344070435,-0.015730872750282298,1.2184696791468346e-07,0.0,0.0,0.0,1.2184696791468346e-07,0.0,0.0,0.0,1.2184696791468346e-07,-0.8849315643310547,0.07413790374994403,10.207839012145996,8.999999999999999e-08,0.0,0.0,0.0,8.999999999999999e-08,0.0,0.0,0.0,8.999999999999999e-08
1759811078493993824,171745,1759811078488502080,base_link,0.0343884163011576,-0.0387510961887981,0.08481673941180835,-0.9950487397100631,1.0,0.0,0.0,0.0,1.0,0.0,0.0,0.0,1.0,0.048897843807935715,0.08355297148227692,-0.013524210080504428,1.2184696791468346e-07,0.0,0.0,0.0,1.2184696791468346e-07,0.0,0.0,0.0,1.2184696791468346e-07,-0.9609794020652771,-0.6205013394355762,9.697871208190918,8.999999999999999e-08,0.0,0.0,0.0,8.999999999999999e-08,0.0,0.0,0.0,8.999999999999999e-08
1759811078499880640,171746,1759811078493502080,base_link,0.03423600424195522,-0.03883390272768474,0.08483583193418376,-0.9950491190316998,1.0,0.0,0.0,0.0,1.0,0.0,0.0,0.0,1.0,0.04881703108549118,0.0515507310628891,-0.018839767202734954,1.2184696791468346e-07,0.0,0.0,0.0,1.2184696791468346e-07,0.0,0.0,0.0,1.2184696791468346e-07,-1.2751736640930176,-1.1953018903732286,10.151663780212402,8.999999999999999e-08,0.0,0.0,0.0,8.999999999999999e-08,0.0,0.0,0.0,8.999999999999999e-08
1759811078506020608,171747,1759811078499502080,base_link,0.03411272322833571,-0.039008228843207,0.08500968768429122,-0.9950317123832648,1.0,0.0,0.0,0.0,1.0,0.0,0.0,0.0,1.0,0.04773334041237831,0.06944022327661514,-0.03485947847366334,1.2184696791468346e-07,0.0,0.0,0.0,1.2184696791468346e-07,0.0,0.0,0.0,1.2184696791468346e-07,-0.6048637628555298,-0.7997596263885487,9.318544387817383,8.999999999999999e-08,0.0,0.0,0.0,8.999999999999999e-08,0.0,0.0,0.0,8.999999999999999e-08
1759811078510378144,171748,1759811078504502080,base_link,0.033924672715994836,-0.03916043346088937,0.08501213220150487,-0.9950319652643559,1.0,0.0,0.0,0.0,1.0,0.0,0.0,0.0,1.0,0.05806545168161392,0.05478627607226372,-0.0017232156824320622,1.2184696791468346e-07,0.0,0.0,0.0,1.2184696791468346e-07,0.0,0.0,0.0,1.2184696791468346e-07,-0.890816330909729,0.43912222981453064,10.086006164550781,8.999999999999999e-08,0.0,0.0,0.0,8.999999999999999e-08,0.0,0.0,0.0,8.999999999999999e-08
1759811078517066624,171749,1759811078513502080,base_link,0.033945019765657974,-0.03925901954936791,0.08492998799375713,-0.995034367634721,1.0,0.0,0.0,0.0,1.0,0.0,0.0,0.0,1.0,0.0031896140426397324,0.03654307872056961,0.017517412081360813,1.2184696791468346e-07,0.0,0.0,0.0,1.2184696791468346e-07,0.0,0.0,0.0,1.2184696791468346e-07,-1.1265231370925903,-0.5779575705528247,10.0844087600708,8.999999999999999e-08,0.0,0.0,0.0,8.999999999999999e-08,0.0,0.0,0.0,8.999999999999999e-08
1759811078524993728,171750,1759811078514502080,base_link,0.033896007426015236,-0.03934504209035927,0.08493631002103375,-0.9950320917049014,1.0,0.0,0.0,0.0,1.0,0.0,0.0,0.0,1.0,0.023797012865543365,0.040540166199207306,-0.005995810031890874,1.2184696791468346e-07,0.0,0.0,0.0,1.2184696791468346e-07,0.0,0.0,0.0,1.2184696791468346e-07,-0.809252917766571,-1.1716344356536854,9.186161041259766,8.999999999999999e-08,0.0,0.0,0.0,8.999999999999999e-08,0.0,0.0,0.0,8.999999999999999e-08
1759811078533667872,171751,1759811078525502080,base_link,0.0337097386058407,-0.039493410357010386,0.08521608080144903,-0.9950086580571293,1.0,0.0,0.0,0.0,1.0,0.0,0.0,0.0,1.0,0.012666944414377213,0.012418851256370541,-0.025150252506136894,1.2184696791468346e-07,0.0,0.0,0.0,1.2184696791468346e-07,0.0,0.0,0.0,1.2184696791468346e-07,-1.0767556428909302,-0.15806947648525113,10.250863075256348,8.999999999999999e-08,0.0,0.0,0.0,8.999999999999999e-08,0.0,0.0,0.0,8.999999999999999e-08
1759811078539824896,171752,1759811078535502080,base_link,0.03363623779476024,-0.039637870655915,0.0850811687393657,-0.995016960986286,1.0,0.0,0.0,0.0,1.0,0.0,0.0,0.0,1.0,0.013683672994375229,0.030139088630676273,0.02095607481896877,1.2184696791468346e-07,0.0,0.0,0.0,1.2184696791468346e-07,0.0,0.0,0.0,1.2184696791468346e-07,-1.4162675142288208,-0.27295669913291815,9.533981323242188,8.999999999999999e-08,0.0,0.0,0.0,8.999999999999999e-08,0.0,0.0,0.0,8.999999999999999e-08
1759811078545822176,171753,1759811078541502080,base_link,0.03361501981998529,-0.03959272841770955,0.08506620660814432,-0.9950207120558034,1.0,0.0,0.0,0.0,1.0,0.0,0.0,0.0,1.0,0.006465468090027571,0.004145666491240265,0.01155500765889883,1.2184696791468346e-07,0.0,0.0,0.0,1.2184696791468346e-07,0.0,0.0,0.0,1.2184696791468346e-07,-1.5007050037384033,-0.3811716735362994,10.46196174621582,8.999999999999999e-08,0.0,0.0,0.0,8.999999999999999e-08,0.0,0.0,0.0,8.999999999999999e-08
1759811078557125568,171754,1759811078551502080,base_link,0.033605015870364525,-0.03968735270242806,0.08515909826226235,-0.9950094167004025,1.0,0.0,0.0,0.0,1.0,0.0,0.0,0.0,1.0,0.006403356324881315,0.021542845293879506,-0.016343129798769954,1.2184696791468346e-07,0.0,0.0,0.0,1.2184696791468346e-07,0.0,0.0,0.0,1.2184696791468346e-07,-0.8862301111221313,-0.0005716258310701072,9.63667106628418,8.999999999999999e-08,0.0,0.0,0.0,8.999999999999999e-08,0.0,0.0,0.0,8.999999999999999e-08
1759811078568756288,171755,1759811078557501312,base_link,0.03361927895659067,-0.03968482224515613,0.0851459062986784,-0.9950101331968272,1.0,0.0,0.0,0.0,1.0,0.0,0.0,0.0,1.0,-0.008732431568205357,-0.003760861232876777,0.0019003886263817553,1.2184696791468346e-07,0.0,0.0,0.0,1.2184696791468346e-07,0.0,0.0,0.0,1.2184696791468346e-07,-1.2534198760986328,0.04315287247300279,10.694546699523926,8.999999999999999e-08,0.0,0.0,0.0,8.999999999999999e-08,0.0,0.0,0.0,8.999999999999999e-08
1759811078572516160,171756,1759811078567501312,base_link,0.03370896119404903,-0.03967457628042868,0.08506452073420391,-0.9950144743222238,1.0,0.0,0.0,0.0,1.0,0.0,0.0,0.0,1.0,-0.014173975214362144,0.0014919093810021895,0.014845399186015129,1.2184696791468346e-07,0.0,0.0,0.0,1.2184696791468346e-07,0.0,0.0,0.0,1.2184696791468346e-07,-0.9243239164352417,-0.8100463151931752,9.443387031555176,8.999999999999999e-08,0.0,0.0,0.0,8.999999999999999e-08,0.0,0.0,0.0,8.999999999999999e-08
1759811078578397024,171757,1759811078573501312,base_link,0.03368968032794431,-0.03964249594326682,0.08511543412720506,-0.9950120298050101,1.0,0.0,0.0,0.0,1.0,0.0,0.0,0.0,1.0,-0.0008733328431844711,-0.0016121986554935585,-0.009227641858160496,1.2184696791468346e-07,0.0,0.0,0.0,1.2184696791468346e-07,0.0,0.0,0.0,1.2184696791468346e-07,-1.3333123922348022,-0.351998150348662,10.682938575744629,8.999999999999999e-08,0.0,0.0,0.0,8.999999999999999e-08,0.0,0.0,0.0,8.999999999999999e-08
1759811078584522752,171758,1759811078578501312,base_link,0.033812706320203105,-0.03958473961428321,0.08511349537217355,-0.9950103439310697,1.0,0.0,0.0,0.0,1.0,0.0,0.0,0.0,1.0,-0.02498042769730091,-0.018815381452441216,-0.004523887299001214,1.2184696791468346e-07,0.0,0.0,0.0,1.2184696791468346e-07,0.0,0.0,0.0,1.2184696791468346e-07,-0.30239537358283997,-0.4138491451740253,9.620233535766602,8.999999999999999e-08,0.0,0.0,0.0,8.999999999999999e-08,0.0,0.0,0.0,8.999999999999999e-08
1759811078588829984,171759,1759811078583501312,base_link,0.03382137638792295,-0.03960899150360643,0.08502705218587768,-0.9950163709304068,1.0,0.0,0.0,0.0,1.0,0.0,0.0,0.0,1.0,-0.015036242082715034,-0.002717439550906417,0.02055949531495571,1.2184696791468346e-07,0.0,0.0,0.0,1.2184696791468346e-07,0.0,0.0,0.0,1.2184696791468346e-07,-0.7335013151168823,-0.372259348630904,9.330466270446777,8.999999999999999e-08,0.0,0.0,0.0,8.999999999999999e-08,0.0,0.0,0.0,8.999999999999999e-08
1759811078597759264,171760,1759811078588501312,base_link,0.033869417539052545,-0.03955952262798353,0.08500277560113541,-0.9950188997413174,1.0,0.0,0.0,0.0,1.0,0.0,0.0,0.0,1.0,-0.03258255496621132,-0.03212784603238106,0.0009552394039928952,1.2184696791468346e-07,0.0,0.0,0.0,1.2184696791468346e-07,0.0,0.0,0.0,1.2184696791468346e-07,-1.456534743309021,-0.4729067385196673,10.483792304992676,8.999999999999999e-08,0.0,0.0,0.0,8.999999999999999e-08,0.0,0.0,0.0,8.999999999999999e-08
1759811078603849536,171761,1759811078599501312,base_link,0.033991714028632616,-0.03941680599029993,0.08504749340740549,-0.9950164973709523,1.0,0.0,0.0,0.0,1.0,0.0,0.0,0.0,1.0,-0.020187094807624817,-0.026742422953248024,-0.008556114509701725,1.2184696791468346e-07,0.0,0.0,0.0,1.2184696791468346e-07,0.0,0.0,0.0,1.2184696791468346e-07,-0.5925732254981995,-0.9398425817489613,9.266679763793945,8.999999999999999e-08,0.0,0.0,0.0,8.999999999999999e-08,0.0,0.0,0.0,8.999999999999999e-08
1759811078611829888,171762,1759811078604501312,base_link,0.03407956040863885,-0.0393950722105391,0.08506742886675112,-0.9950126620077379,1.0,0.0,0.0,0.0,1.0,0.0,0.0,0.0,1.0,-0.02025808021426201,-0.025470180436968803,-0.006878310814499852,1.2184696791468346e-07,0.0,0.0,0.0,1.2184696791468346e-07,0.0,0.0,0.0,1.2184696791468346e-07,-0.9560702443122864,-0.31118643283843866,10.454230308532715,8.999999999999999e-08,0.0,0.0,0.0,8.999999999999999e-08,0.0,0.0,0.0,8.999999999999999e-08
1759811078620236896,171763,1759811078615501312,base_link,0.03426158211064527,-0.0392058908126419,0.0849106847371391,-0.9950272869641711,1.0,0.0,0.0,0.0,1.0,0.0,0.0,0.0,1.0,-0.032975275069475174,-0.03397556394338607,0.029331140220165256,1.2184696791468346e-07,0.0,0.0,0.0,1.2184696791468346e-07,0.0,0.0,0.0,1.2184696791468346e-07,-0.7253727912902832,-0.579872965812682,9.5068359375,8.999999999999999e-08,0.0,0.0,0.0,8.999999999999999e-08,0.0,0.0,0.0,8.999999999999999e-08
1759811078633276832,171764,1759811078620501312,base_link,0.034367198491018776,-0.039117133171672744,0.08490318259810418,-0.9950277927263532,1.0,0.0,0.0,0.0,1.0,0.0,0.0,0.0,1.0,-0.04512479901313782,-0.036354996263980865,0.005019875243306164,1.2184696791468346e-07,0.0,0.0,0.0,1.2184696791468346e-07,0.0,0.0,0.0,1.2184696791468346e-07,-1.1648305654525757,-0.9760669469833362,9.974695205688477,8.999999999999999e-08,0.0,0.0,0.0,8.999999999999999e-08,0.0,0.0,0.0,8.999999999999999e-08
1759811078633891648,171765,1759811078626501312,base_link,0.03450491941006482,-0.03897940698427063,0.08493765872018606,-0.9950255167965336,1.0,0.0,0.0,0.0,1.0,0.0,0.0,0.0,1.0,-0.029742594808340073,-0.044929660856723785,-0.017628617584705346,1.2184696791468346e-07,0.0,0.0,0.0,1.2184696791468346e-07,0.0,0.0,0.0,1.2184696791468346e-07,-0.4526977837085724,-1.1519757509231556,9.92842960357666,8.999999999999999e-08,0.0,0.0,0.0,8.999999999999999e-08,0.0,0.0,0.0,8.999999999999999e-08
1759811078643970400,171766,1759811078631501312,base_link,0.03457129905010821,-0.0389309502915565,0.08497849901639314,-0.9950215128459251,1.0,0.0,0.0,0.0,1.0,0.0,0.0,0.0,1.0,-0.026177648454904556,-0.032152093946933746,-0.010386306792497631,1.2184696791468346e-07,0.0,0.0,0.0,1.2184696791468346e-07,0.0,0.0,0.0,1.2184696791468346e-07,-0.573836088180542,-0.7911131381988514,9.435914993286133,8.999999999999999e-08,0.0,0.0,0.0,8.999999999999999e-08,0.0,0.0,0.0,8.999999999999999e-08
1759811078647814528,171767,1759811078641501312,base_link,0.034771995757272,-0.03874272378319587,0.08492493037193578,-0.9950264440272009,1.0,0.0,0.0,0.0,1.0,0.0,0.0,0.0,1.0,-0.03587169945240021,-0.04185529053211212,0.010388000868260866,1.2184696791468346e-07,0.0,0.0,0.0,1.2184696791468346e-07,0.0,0.0,0.0,1.2184696791468346e-07,-0.6794575452804565,-0.9215425848960864,9.951340675354004,8.999999999999999e-08,0.0,0.0,0.0,8.999999999999999e-08,0.0,0.0,0.0,8.999999999999999e-08
1759811078651491872,171768,1759811078647501312,base_link,0.034790001845845395,-0.038618576125003856,0.08487089811214485,-0.9950353791590851,1.0,0.0,0.0,0.0,1.0,0.0,0.0,0.0,1.0,-0.023259401321411133,-0.04327934980392456,0.015149882994592195,1.2184696791468346e-07,0.0,0.0,0.0,1.2184696791468346e-07,0.0,0.0,0.0,1.2184696791468346e-07,-0.6872817277908325,-0.8614369630813588,9.487524032592773,8.999999999999999e-08,0.0,0.0,0.0,8.999999999999999e-08,0.0,0.0,0.0,8.999999999999999e-08
1759811078662163104,171769,1759811078652501312,base_link,0.03492277824808938,-0.03856621064136259,0.08487094025899336,-0.9950326396139321,1.0,0.0,0.0,0.0,1.0,0.0,0.0,0.0,1.0,-0.024311020970344543,-0.028602680191397667,-0.002258426975458857,1.2184696791468346e-07,0.0,0.0,0.0,1.2184696791468346e-07,0.0,0.0,0.0,1.2184696791468346e-07,-0.22834524512290955,-1.104239463806151,10.037043571472168,8.999999999999999e-08,0.0,0.0,0.0,8.999999999999999e-08,0.0,0.0,0.0,8.999999999999999e-08
1759811078672917792,171770,1759811078668500544,base_link,0.035119105183170456,-0.03839098347231728,0.0848484338418885,-0.9950344940752665,1.0,0.0,0.0,0.0,1.0,0.0,0.0,0.0,1.0,-0.02510453760623932,-0.020957553759217262,0.012337096035480501,1.2184696791468346e-07,0.0,0.0,0.0,1.2184696791468346e-07,0.0,0.0,0.0,1.2184696791468346e-07,-0.4274371564388275,-1.2178825139999379,9.708883285522461,8.999999999999999e-08,0.0,0.0,0.0,8.999999999999999e-08,0.0,0.0,0.0,8.999999999999999e-08
1759811078679089824,171771,1759811078673500544,base_link,0.03518379565655087,-0.03833357386701713,0.0848468744084936,-0.995034536222115,1.0,0.0,0.0,0.0,1.0,0.0,0.0,0.0,1.0,-0.018488653004169464,-0.022795943543314934,0.003879396710544827,1.2184696791468346e-07,0.0,0.0,0.0,1.2184696791468346e-07,0.0,0.0,0.0,1.2184696791468346e-07,-0.8723779916763306,-1.0455609560012804,9.976447105407715,8.999999999999999e-08,0.0,0.0,0.0,8.999999999999999e-08,0.0,0.0,0.0,8.999999999999999e-08
1759811078690556064,171772,1759811078678500544,base_link,0.03527891006301945,-0.0382721716710012,0.08492771206393751,-0.9950266126145949,1.0,0.0,0.0,0.0,1.0,0.0,0.0,0.0,1.0,-0.026150070130825043,-0.024598693475127224,-0.02091306075453758,1.2184696791468346e-07,0.0,0.0,0.0,1.2184696791468346e-07,0.0,0.0,0.0,1.2184696791468346e-07,-0.5960631370544434,-1.1599377393722523,9.678565979003906,8.999999999999999e-08,0.0,0.0,0.0,8.999999999999999e-08,0.0,0.0,0.0,8.999999999999999e-08
1759811078693866688,171773,1759811078684500544,base_link,0.03527850736305282,-0.03822321514300551,0.08492636336478515,-0.9950286356633234,1.0,0.0,0.0,0.0,1.0,0.0,0.0,0.0,1.0,-0.006884598173201084,-0.007309000939130783,-0.0001975196646526447,1.2184696791468346e-07,0.0,0.0,0.0,1.2184696791468346e-07,0.0,0.0,0.0,1.2184696791468346e-07,-0.086233951151371,-0.7826017141342152,9.510316848754883,8.999999999999999e-08,0.0,0.0,0.0,8.999999999999999e-08,0.0,0.0,0.0,8.999999999999999e-08
1759811078697390304,171774,1759811078689500544,base_link,0.035318808969852344,-0.03826462047040042,0.08489407887882584,-0.9950282984885354,1.0,0.0,0.0,0.0,1.0,0.0,0.0,0.0,1.0,-0.007090807426720858,0.004468186758458616,0.010998673737049103,1.2184696791468346e-07,0.0,0.0,0.0,1.2184696791468346e-07,0.0,0.0,0.0,1.2184696791468346e-07,-0.37737593054771423,-0.7758911252021777,9.803719520568848,8.999999999999999e-08,0.0,0.0,0.0,8.999999999999999e-08,0.0,0.0,0.0,8.999999999999999e-08
1759811078702909568,171775,1759811078699500544,base_link,0.03535634468971834,-0.038276912862186416,0.08488269922972787,-0.9950275398452622,1.0,0.0,0.0,0.0,1.0,0.0,0.0,0.0,1.0,-0.011209103278815746,0.004470115527510643,0.003096080850809812,1.2184696791468346e-07,0.0,0.0,0.0,1.2184696791468346e-07,0.0,0.0,0.0,1.2184696791468346e-07,-0.6686620712280273,-1.1282951831817616,9.721064567565918,8.999999999999999e-08,0.0,0.0,0.0,8.999999999999999e-08,0.0,0.0,0.0,8.999999999999999e-08
1759811078709825376,171776,1759811078705500544,base_link,0.035316058723350884,-0.03825014846092911,0.0848897377534292,-0.9950294364534451,1.0,0.0,0.0,0.0,1.0,0.0,0.0,0.0,1.0,0.0033171484246850014,-0.004077138844877482,-0.004692870192229747,1.2184696791468346e-07,0.0,0.0,0.0,1.2184696791468346e-07,0.0,0.0,0.0,1.2184696791468346e-07,-0.5790009498596191,-1.0407592058181752,9.865922927856445,8.999999999999999e-08,0.0,0.0,0.0,8.999999999999999e-08,0.0,0.0,0.0,8.999999999999999e-08
1759811078716594432,171777,1759811078710500544,base_link,0.035345208702088356,-0.03829230041315994,0.08489715559876711,-0.9950260647055643,1.0,0.0,0.0,0.0,1.0,0.0,0.0,0.0,1.0,0.004990000277757645,0.008695721626281738,-0.002800463233143092,1.2184696791468346e-07,0.0,0.0,0.0,1.2184696791468346e-07,0.0,0.0,0.0,1.2184696791468346e-07,-0.44426071643829346,-0.9792478084564197,9.704784393310547,8.999999999999999e-08,0.0,0.0,0.0,8.999999999999999e-08,0.0,0.0,0.0,8.999999999999999e-08
1759811078721079488,171778,1759811078715500544,base_link,0.035243113065290654,-0.03833608588504283,0.0849106847371391,-0.995026865495686,1.0,0.0,0.0,0.0,1.0,0.0,0.0,0.0,1.0,0.01829371228814125,0.017231637611985207,-0.003814666299149396,1.2184696791468346e-07,0.0,0.0,0.0,1.2184696791468346e-07,0.0,0.0,0.0,1.2184696791468346e-07,-0.6212078332901001,-0.9700458645820605,9.7927885055542,8.999999999999999e-08,0.0,0.0,0.0,8.999999999999999e-08,0.0,0.0,0.0,8.999999999999999e-08
1759811078730208288,171779,1759811078721500544,base_link,0.03521643196991361,-0.038366670832263194,0.08495949078771475,-0.9950224822234409,1.0,0.0,0.0,0.0,1.0,0.0,0.0,0.0,1.0,0.020127002149820328,0.016619205474853516,-0.011820162646472456,1.2184696791468346e-07,0.0,0.0,0.0,1.2184696791468346e-07,0.0,0.0,0.0,1.2184696791468346e-07,-0.5557997226715088,-1.0007392168045033,9.967945098876953,8.999999999999999e-08,0.0,0.0,0.0,8.999999999999999e-08,0.0,0.0,0.0,8.999999999999999e-08
1759811078736110016,171780,1759811078726500544,base_link,0.0351309922408118,-0.03840511682527536,0.084948785488193,-0.9950249267406546,1.0,0.0,0.0,0.0,1.0,0.0,0.0,0.0,1.0,0.02869131788611412,0.02332119829952717,0.00596119090914726,1.2184696791468346e-07,0.0,0.0,0.0,1.2184696791468346e-07,0.0,0.0,0.0,1.2184696791468346e-07,-0.5739322900772095,-0.6717052459716785,9.588014602661133,8.999999999999999e-08,0.0,0.0,0.0,8.999999999999999e-08,0.0,0.0,0.0,8.999999999999999e-08
1759811078750059968,171781,1759811078742500544,base_link,0.034961883444154025,-0.03860793256402971,0.0849956527837371,-0.99501911047556,1.0,0.0,0.0,0.0,1.0,0.0,0.0,0.0,1.0,0.01769188791513443,0.03066173568367958,-0.01136194542050362,1.2184696791468346e-07,0.0,0.0,0.0,1.2184696791468346e-07,0.0,0.0,0.0,1.2184696791468346e-07,-0.7124444246292114,-0.750942289829253,9.319256782531738,8.999999999999999e-08,0.0,0.0,0.0,8.999999999999999e-08,0.0,0.0,0.0,8.999999999999999e-08
1759811078752834528,171782,1759811078747500544,base_link,0.03484506818515002,-0.038681210128521964,0.08499877165052691,-0.9950199534125302,1.0,0.0,0.0,0.0,1.0,0.0,0.0,0.0,1.0,0.030452575534582138,0.03276415914297104,-0.00497063342481852,1.2184696791468346e-07,0.0,0.0,0.0,1.2184696791468346e-07,0.0,0.0,0.0,1.2184696791468346e-07,-0.6289930939674377,-0.5536332130432117,9.766292572021484,8.999999999999999e-08,0.0,0.0,0.0,8.999999999999999e-08,0.0,0.0,0.0,8.999999999999999e-08
1759811078759862752,171783,1759811078752500544,base_link,0.03476577185312706,-0.03879042018627553,0.0850418035828565,-0.9950148536438604,1.0,0.0,0.0,0.0,1.0,0.0,0.0,0.0,1.0,0.0343826599419117,0.030052004382014275,-0.012567224912345413,1.2184696791468346e-07,0.0,0.0,0.0,1.2184696791468346e-07,0.0,0.0,0.0,1.2184696791468346e-07,-0.8433006405830383,-0.7213910222053516,9.987530708312988,8.999999999999999e-08,0.0,0.0,0.0,8.999999999999999e-08,0.0,0.0,0.0,8.999999999999999e-08
1759811078765001248,171784,1759811078758499520,base_link,0.03466043057972176,-0.038808317285732856,0.08508496195573166,-0.9950141792942843,1.0,0.0,0.0,0.0,1.0,0.0,0.0,0.0,1.0,0.034946996718645096,0.025707505643367764,-0.018393933773040775,1.2184696791468346e-07,0.0,0.0,0.0,1.2184696791468346e-07,0.0,0.0,0.0,1.2184696791468346e-07,-0.7391305565834045,-1.2222450971603382,9.628844261169434,8.999999999999999e-08,0.0,0.0,0.0,8.999999999999999e-08,0.0,0.0,0.0,8.999999999999999e-08
1759811078772737760,171785,1759811078763499520,base_link,0.03454366833355065,-0.0389332665572272,0.08516731689772197,-0.9950063399804612,1.0,0.0,0.0,0.0,1.0,0.0,0.0,0.0,1.0,0.04671592637896538,0.03280399367213249,-0.020374793559312824,1.2184696791468346e-07,0.0,0.0,0.0,1.2184696791468346e-07,0.0,0.0,0.0,1.2184696791468346e-07,-0.8937984704971313,-0.778201103210448,9.537711143493652,8.999999999999999e-08,0.0,0.0,0.0,8.999999999999999e-08,0.0,0.0,0.0,8.999999999999999e-08
1759811078775906624,171786,1759811078769499520,base_link,0.03441577141683856,-0.038977175341569206,0.08521443707435712,-0.9950049912813088,1.0,0.0,0.0,0.0,1.0,0.0,0.0,0.0,1.0,0.036310017108917236,0.03219113126397133,-0.01896138116717339,1.2184696791468346e-07,0.0,0.0,0.0,1.2184696791468346e-07,0.0,0.0,0.0,1.2184696791468346e-07,-0.8166412711143494,-0.2136743068695056,10.182718276977539,8.999999999999999e-08,0.0,0.0,0.0,8.999999999999999e-08,0.0,0.0,0.0,8.999999999999999e-08
1759811078783332032,171787,1759811078774499520,base_link,0.034400543562908226,-0.039064094984816576,0.08522505808018187,-0.9950011980649429,1.0,0.0,0.0,0.0,1.0,0.0,0.0,0.0,1.0,0.02649771049618721,0.027029016986489296,0.005294911097735163,1.2184696791468346e-07,0.0,0.0,0.0,1.2184696791468346e-07,0.0,0.0,0.0,1.2184696791468346e-07,-0.6161261200904846,-0.24703025817870972,9.910833358764648,8.999999999999999e-08,0.0,0.0,0.0,8.999999999999999e-08,0.0,0.0,0.0,8.999999999999999e-08
1759811078788835616,171788,1759811078784499520,base_link,0.034232843722225285,-0.03926697163893793,0.08526037713923398,-0.9949959718557275,1.0,0.0,0.0,0.0,1.0,0.0,0.0,0.0,1.0,0.021689429879188538,0.04508403316140175,-0.005001611076295381,1.2184696791468346e-07,0.0,0.0,0.0,1.2184696791468346e-07,0.0,0.0,0.0,1.2184696791468346e-07,-0.6436806321144104,-0.899209976196288,9.32111644744873,8.999999999999999e-08,0.0,0.0,0.0,8.999999999999999e-08,0.0,0.0,0.0,8.999999999999999e-08
1759811078794783008,171789,1759811078789499520,base_link,0.034187273100817386,-0.03930393376653747,0.08534955987068303,-0.9949884697166926,1.0,0.0,0.0,0.0,1.0,0.0,0.0,0.0,1.0,0.016735311597585678,0.027053914964199063,-0.02668607793748379,1.2184696791468346e-07,0.0,0.0,0.0,1.2184696791468346e-07,0.0,0.0,0.0,1.2184696791468346e-07,-1.028430700302124,-0.6845574378967273,9.788383483886719,8.999999999999999e-08,0.0,0.0,0.0,8.999999999999999e-08,0.0,0.0,0.0,8.999999999999999e-08
1759811078802799616,171790,1759811078799499520,base_link,0.034134617857592614,-0.039352758914903814,0.08538723915325182,-0.9949850979688117,1.0,0.0,0.0,0.0,1.0,0.0,0.0,0.0,1.0,0.023016929626464844,0.019520727917551994,-0.01221901271492243,1.2184696791468346e-07,0.0,0.0,0.0,1.2184696791468346e-07,0.0,0.0,0.0,1.2184696791468346e-07,-0.7319421768188477,-0.4768994450569141,9.676933288574219,8.999999999999999e-08,0.0,0.0,0.0,8.999999999999999e-08,0.0,0.0,0.0,8.999999999999999e-08
1759811078812741888,171791,1759811078805499520,base_link,0.03404380341748891,-0.039433642503827145,0.08542723651248861,-0.9949815154866883,1.0,0.0,0.0,0.0,1.0,0.0,0.0,0.0,1.0,0.016299284994602203,0.010583735071122646,-0.005727794952690602,1.2184696791468346e-07,0.0,0.0,0.0,1.2184696791468346e-07,0.0,0.0,0.0,1.2184696791468346e-07,-1.1042155027389526,-0.45348277688026306,10.107702255249023,8.999999999999999e-08,0.0,0.0,0.0,8.999999999999999e-08,0.0,0.0,0.0,8.999999999999999e-08
1759811078817417152,171792,1759811078811499520,base_link,0.03399039265907735,-0.03945043818759486,0.08546457862026931,-0.9949794924379598,1.0,0.0,0.0,0.0,1.0,0.0,0.0,0.0,1.0,0.013741341419517994,0.012486458756029604,-0.014576451852917673,1.2184696791468346e-07,0.0,0.0,0.0,1.2184696791468346e-07,0.0,0.0,0.0,1.2184696791468346e-07,-0.8034229278564453,-0.6659570336341847,9.443161010742188,8.999999999999999e-08,0.0,0.0,0.0,8.999999999999999e-08,0.0,0.0,0.0,8.999999999999999e-08
1759811078827373440,171793,1759811078821499520,base_link,0.0339723569360011,-0.03954317919965667,0.08547566324142768,-0.9949754884873513,1.0,0.0,0.0,0.0,1.0,0.0,0.0,0.0,1.0,2.4660257622599602e-05,0.01616775244474411,0.003577766939997671,1.2184696791468346e-07,0.0,0.0,0.0,1.2184696791468346e-07,0.0,0.0,0.0,1.2184696791468346e-07,-0.7889178991317749,-0.40301990509033087,9.7335786819458,8.999999999999999e-08,0.0,0.0,0.0,8.999999999999999e-08,0.0,0.0,0.0,8.999999999999999e-08
1759811078832971616,171794,1759811078826499520,base_link,0.033940023059203656,-0.039544635241563826,0.08543954339225379,-0.9949796610253538,1.0,0.0,0.0,0.0,1.0,0.0,0.0,0.0,1.0,0.0038518705405294895,0.005656308494508268,0.011143146082758904,1.2184696791468346e-07,0.0,0.0,0.0,1.2184696791468346e-07,0.0,0.0,0.0,1.2184696791468346e-07,-1.0613698959350586,-0.6632580161094653,9.784120559692383,8.999999999999999e-08,0.0,0.0,0.0,8.999999999999999e-08,0.0,0.0,0.0,8.999999999999999e-08
1759811078839333568,171795,1759811078832499520,base_link,0.033961388877220645,-0.03958388186006156,0.08550133067217082,-0.9949719902989248,1.0,0.0,0.0,0.0,1.0,0.0,0.0,0.0,1.0,-0.004905730485916138,0.0040978174656629545,-0.01670689508318901,1.2184696791468346e-07,0.0,0.0,0.0,1.2184696791468346e-07,0.0,0.0,0.0,1.2184696791468346e-07,-0.9654961824417114,-0.9369134306907642,9.726152420043945,8.999999999999999e-08,0.0,0.0,0.0,8.999999999999999e-08,0.0,0.0,0.0,8.999999999999999e-08
1759811078845042752,171796,1759811078837499520,base_link,0.03397944057000121,-0.039558206856056585,0.08553795628352677,-0.9949692507537716,1.0,0.0,0.0,0.0,1.0,0.0,0.0,0.0,1.0,-0.01576576568186283,-0.005209762603044511,-0.008560341782867908,1.2184696791468346e-07,0.0,0.0,0.0,1.2184696791468346e-07,0.0,0.0,0.0,1.2184696791468346e-07,-0.7656530737876892,-0.5542305707931506,10.053506851196289,8.999999999999999e-08,0.0,0.0,0.0,8.999999999999999e-08,0.0,0.0,0.0,8.999999999999999e-08
1759811078851740320,171797,1759811078848499520,base_link,0.03403900443902311,-0.03949810561471618,0.08542340114927417,-0.9949794502911112,1.0,0.0,0.0,0.0,1.0,0.0,0.0,0.0,1.0,-0.008944966830313206,-0.014956068247556685,0.020213723182678226,1.2184696791468346e-07,0.0,0.0,0.0,1.2184696791468346e-07,0.0,0.0,0.0,1.2184696791468346e-07,-0.6493161916732788,-1.0398318767547596,9.86164379119873,8.999999999999999e-08,0.0,0.0,0.0,8.999999999999999e-08,0.0,0.0,0.0,8.999999999999999e-08
1759811078856858240,171798,1759811078853499520,base_link,0.03413084291583673,-0.03950744064775295,0.08547258652148639,-0.9949717374178337,1.0,0.0,0.0,0.0,1.0,0.0,0.0,0.0,1.0,-0.021354012191295624,-0.007385190576314926,0.0025877868756651887,1.2184696791468346e-07,0.0,0.0,0.0,1.2184696791468346e-07,0.0,0.0,0.0,1.2184696791468346e-07,-0.8489333391189575,-0.8066203594207751,9.858169555664062,8.999999999999999e-08,0.0,0.0,0.0,8.999999999999999e-08,0.0,0.0,0.0,8.999999999999999e-08
1759811078862337696,171799,1759811078858499008,base_link,0.03414980652812473,-0.039453142171344636,0.08548864447076898,-0.9949718638583793,1.0,0.0,0.0,0.0,1.0,0.0,0.0,0.0,1.0,-0.014783059246838093,-0.013640070334076883,-0.009365273639559744,1.2184696791468346e-07,0.0,0.0,0.0,1.2184696791468346e-07,0.0,0.0,0.0,1.2184696791468346e-07,-0.6493011713027954,-0.5202463865280139,9.853654861450195,8.999999999999999e-08,0.0,0.0,0.0,8.999999999999999e-08,0.0,0.0,0.0,8.999999999999999e-08
1759811078870210976,171800,1759811078863499008,base_link,0.03423540299081943,-0.03944261978255996,0.08544843637728959,-0.9949727910890466,1.0,0.0,0.0,0.0,1.0,0.0,0.0,0.0,1.0,-0.023467615246772766,-0.014653367921710013,0.01306990720331669,1.2184696791468346e-07,0.0,0.0,0.0,1.2184696791468346e-07,0.0,0.0,0.0,1.2184696791468346e-07,-0.6598195433616638,-0.31965544819831726,9.910161018371582,8.999999999999999e-08,0.0,0.0,0.0,8.999999999999999e-08,0.0,0.0,0.0,8.999999999999999e-08
1759811078872960128,171801,1759811078869499008,base_link,0.0342965694279015,-0.039394355549478295,0.08539461485174117,-0.9949772165081402,1.0,0.0,0.0,0.0,1.0,0.0,0.0,0.0,1.0,-0.024118799716234207,-0.017376318573951718,0.017332281917333606,1.2184696791468346e-07,0.0,0.0,0.0,1.2184696791468346e-07,0.0,0.0,0.0,1.2184696791468346e-07,-0.6363086104393005,-1.032909870147704,9.800433158874512,8.999999999999999e-08,0.0,0.0,0.0,8.999999999999999e-08,0.0,0.0,0.0,8.999999999999999e-08
1759811078882655008,171802,1759811078874499008,base_link,0.03439299236230744,-0.03937101525039024,0.08541324375878302,-0.9949732547043801,1.0,0.0,0.0,0.0,1.0,0.0,0.0,0.0,1.0,-0.024537069723010063,-0.02370617166161537,-0.003242933889850971,1.2184696791468346e-07,0.0,0.0,0.0,1.2184696791468346e-07,0.0,0.0,0.0,1.2184696791468346e-07,-1.0049853324890137,-0.8524389863014209,9.800097465515137,8.999999999999999e-08,0.0,0.0,0.0,8.999999999999999e-08,0.0,0.0,0.0,8.999999999999999e-08
1759811078891796032,171803,1759811078885499008,base_link,0.03454743422031955,-0.03923757832800476,0.08539866094919825,-0.9949743505224414,1.0,0.0,0.0,0.0,1.0,0.0,0.0,0.0,1.0,-0.028495067730545998,-0.02732006460428238,0.00211859401315451,1.2184696791468346e-07,0.0,0.0,0.0,1.2184696791468346e-07,0.0,0.0,0.0,1.2184696791468346e-07,-0.5802369713783264,-0.6824095249176013,9.815157890319824,8.999999999999999e-08,0.0,0.0,0.0,8.999999999999999e-08,0.0,0.0,0.0,8.999999999999999e-08
1759811078897057824,171804,1759811078890499008,base_link,0.03461866173575845,-0.03916909562607512,0.08535014992656223,-0.994978775941535,1.0,0.0,0.0,0.0,1.0,0.0,0.0,0.0,1.0,-0.026140308007597923,-0.028957655653357506,0.013144108466804031,1.2184696791468346e-07,0.0,0.0,0.0,1.2184696791468346e-07,0.0,0.0,0.0,1.2184696791468346e-07,-0.6746838688850403,-0.8604137897491443,9.705479621887207,8.999999999999999e-08,0.0,0.0,0.0,8.999999999999999e-08,0.0,0.0,0.0,8.999999999999999e-08
1759811078902950208,171805,1759811078895499008,base_link,0.03467148260292698,-0.03909973738922212,0.08533514564849233,-0.9949809675776576,1.0,0.0,0.0,0.0,1.0,0.0,0.0,0.0,1.0,-0.02156594768166542,-0.026420606300234795,0.0023279287852346927,1.2184696791468346e-07,0.0,0.0,0.0,1.2184696791468346e-07,0.0,0.0,0.0,1.2184696791468346e-07,-0.6095768213272095,-1.1422390937805165,9.889330863952637,8.999999999999999e-08,0.0,0.0,0.0,8.999999999999999e-08,0.0,0.0,0.0,8.999999999999999e-08
1759811078910756864,171806,1759811078906499008,base_link,0.03478057395803299,-0.03897915048118478,0.08532334453090928,-0.9949829063326892,1.0,0.0,0.0,0.0,1.0,0.0,0.0,0.0,1.0,-0.01669725589454174,-0.025076866149902344,0.0021473579108715088,1.2184696791468346e-07,0.0,0.0,0.0,1.2184696791468346e-07,0.0,0.0,0.0,1.2184696791468346e-07,-0.31759458780288696,-0.8621730804443347,9.926148414611816,8.999999999999999e-08,0.0,0.0,0.0,8.999999999999999e-08,0.0,0.0,0.0,8.999999999999999e-08
1759811078918923872,171807,1759811078915499008,base_link,0.034846175198467944,-0.03896666480658568,0.08530623291041385,-0.9949825691579011,1.0,0.0,0.0,0.0,1.0,0.0,0.0,0.0,1.0,-0.01751985214650631,-0.013069324195384978,0.010723911225795748,1.2184696791468346e-07,0.0,0.0,0.0,1.2184696791468346e-07,0.0,0.0,0.0,1.2184696791468346e-07,-0.6081212162971497,-0.7327937483787524,9.675803184509277,8.999999999999999e-08,0.0,0.0,0.0,8.999999999999999e-08,0.0,0.0,0.0,8.999999999999999e-08
1759811078927876992,171808,1759811078922499008,base_link,0.034933778081642344,-0.038886258497794514,0.08525628889492845,-0.9949868259896006,1.0,0.0,0.0,0.0,1.0,0.0,0.0,0.0,1.0,-0.016451891511678696,-0.0160187017172575,0.00832849368453026,1.2184696791468346e-07,0.0,0.0,0.0,1.2184696791468346e-07,0.0,0.0,0.0,1.2184696791468346e-07,-0.4610881507396698,-1.1244527101516713,9.771649360656738,8.999999999999999e-08,0.0,0.0,0.0,8.999999999999999e-08,0.0,0.0,0.0,8.999999999999999e-08
1759811078932313024,171809,1759811078927499008,base_link,0.034963025524966995,-0.03884508876469734,0.0852410317357675,-0.9949888490383292,1.0,0.0,0.0,0.0,1.0,0.0,0.0,0.0,1.0,-0.012499230913817883,-0.0144881010055542,0.002751949708908798,1.2184696791468346e-07,0.0,0.0,0.0,1.2184696791468346e-07,0.0,0.0,0.0,1.2184696791468346e-07,-0.6060956120491028,-0.7922853231430041,9.72079086303711,8.999999999999999e-08,0.0,0.0,0.0,8.999999999999999e-08,0.0,0.0,0.0,8.999999999999999e-08
1759811078938723680,171810,1759811078932499008,base_link,0.03498790369011731,-0.03883693763004978,0.0852561203075344,-0.9949869102832977,1.0,0.0,0.0,0.0,1.0,0.0,0.0,0.0,1.0,-0.008881323039531708,-0.00835341215133667,-0.003807764733210205,1.2184696791468346e-07,0.0,0.0,0.0,1.2184696791468346e-07,0.0,0.0,0.0,1.2184696791468346e-07,-0.6565086245536804,-0.9480230808258044,9.910604476928711,8.999999999999999e-08,0.0,0.0,0.0,8.999999999999999e-08,0.0,0.0,0.0,8.999999999999999e-08
1759811078943804480,171811,1759811078938499008,base_link,0.03499930589436465,-0.03879683342196652,0.08527436989293964,-0.9949865309616611,1.0,0.0,0.0,0.0,1.0,0.0,0.0,0.0,1.0,-0.0038916231133043766,-0.011566256172955038,-0.007103291340172289,1.2184696791468346e-07,0.0,0.0,0.0,1.2184696791468346e-07,0.0,0.0,0.0,1.2184696791468346e-07,-0.688280463218689,-0.8635231852531421,9.803250312805176,8.999999999999999e-08,0.0,0.0,0.0,8.999999999999999e-08,0.0,0.0,0.0,8.999999999999999e-08
1759811078948886752,171812,1759811078943499008,base_link,0.034991212382361546,-0.038794390221841904,0.08528950061155506,-0.9949856458778423,1.0,0.0,0.0,0.0,1.0,0.0,0.0,0.0,1.0,0.004477227106690407,-0.0034686115104705104,-0.006387696601450443,1.2184696791468346e-07,0.0,0.0,0.0,1.2184696791468346e-07,0.0,0.0,0.0,1.2184696791468346e-07,-0.5004474520683289,-0.9542749524116504,9.62623405456543,8.999999999999999e-08,0.0,0.0,0.0,8.999999999999999e-08,0.0,0.0,0.0,8.999999999999999e-08
1759811078956068512,171813,1759811078948499008,base_link,0.034971681927888305,-0.03880457988101392,0.0853061064698683,-0.994984465766084,1.0,0.0,0.0,0.0,1.0,0.0,0.0,0.0,1.0,0.0056000095792114735,0.00447187665849924,-0.007587355561554433,1.2184696791468346e-07,0.0,0.0,0.0,1.2184696791468346e-07,0.0,0.0,0.0,1.2184696791468346e-07,-0.49492332339286804,-0.9095354080200183,9.852557182312012,8.999999999999999e-08,0.0,0.0,0.0,8.999999999999999e-08,0.0,0.0,0.0,8.999999999999999e-08
1759811078960889280,171814,1759811078953499008,base_link,0.03495773971747367,-0.03881464984972161,0.08532326023721226,-0.9949830749200832,1.0,0.0,0.0,0.0,1.0,0.0,0.0,0.0,1.0,0.009007018990814686,0.0035965933930128817,0.003426246345043182,1.2184696791468346e-07,0.0,0.0,0.0,1.2184696791468346e-07,0.0,0.0,0.0,1.2184696791468346e-07,-0.6595051884651184,-0.5973765850067126,9.757149696350098,8.999999999999999e-08,0.0,0.0,0.0,8.999999999999999e-08,0.0,0.0,0.0,8.999999999999999e-08
1759811078967867936,171815,1759811078959497472,base_link,0.03491794041549761,-0.03881850842663001,0.08529320953422397,-0.9949869102832977,1.0,0.0,0.0,0.0,1.0,0.0,0.0,0.0,1.0,0.008201166056096554,0.012928313575685024,0.00015660794451832614,1.2184696791468346e-07,0.0,0.0,0.0,1.2184696791468346e-07,0.0,0.0,0.0,1.2184696791468346e-07,-0.4237053096294403,-0.9713342189788806,9.735268592834473,8.999999999999999e-08,0.0,0.0,0.0,8.999999999999999e-08,0.0,0.0,0.0,8.999999999999999e-08
1759811078975493728,171816,1759811078969497472,base_link,0.03485576393577642,-0.038922136331861666,0.08534559806692302,-0.9949805461091725,1.0,0.0,0.0,0.0,1.0,0.0,0.0,0.0,1.0,0.01209451537579298,0.018756622448563576,-0.0068658497184515025,1.2184696791468346e-07,0.0,0.0,0.0,1.2184696791468346e-07,0.0,0.0,0.0,1.2184696791468346e-07,-0.6606069803237915,-0.7442811131477344,9.81226921081543,8.999999999999999e-08,0.0,0.0,0.0,8.999999999999999e-08,0.0,0.0,0.0,8.999999999999999e-08
1759811078981803200,171817,1759811078975497472,base_link,0.03483711576630775,-0.03898367418804624,0.0853713919382117,-0.9949766685991095,1.0,0.0,0.0,0.0,1.0,0.0,0.0,0.0,1.0,0.012087945826351643,0.021779349073767662,-0.006672004237771037,1.2184696791468346e-07,0.0,0.0,0.0,1.2184696791468346e-07,0.0,0.0,0.0,1.2184696791468346e-07,-0.5737730264663696,-0.8063087463378894,9.906898498535156,8.999999999999999e-08,0.0,0.0,0.0,8.999999999999999e-08,0.0,0.0,0.0,8.999999999999999e-08
1759811078988068832,171818,1759811078980497472,base_link,0.034768257858644694,-0.039035747113289825,0.08537796684657942,-0.9949763314243215,1.0,0.0,0.0,0.0,1.0,0.0,0.0,0.0,1.0,0.02188814990222454,0.02154298685491085,-0.006334516219794753,1.2184696791468346e-07,0.0,0.0,0.0,1.2184696791468346e-07,0.0,0.0,0.0,1.2184696791468346e-07,-0.8258672952651978,-0.778907001018523,9.612164497375488,8.999999999999999e-08,0.0,0.0,0.0,8.999999999999999e-08,0.0,0.0,0.0,8.999999999999999e-08
1759811078992998944,171819,1759811078985497472,base_link,0.03470389797460729,-0.03907813795254093,0.08541914431757451,-0.9949734232917742,1.0,0.0,0.0,0.0,1.0,0.0,0.0,0.0,1.0,0.022514935582876205,0.021199934184551236,-0.01693322136998177,1.2184696791468346e-07,0.0,0.0,0.0,1.2184696791468346e-07,0.0,0.0,0.0,1.2184696791468346e-07,-0.8536248207092285,-1.0544147491455067,9.846281051635742,8.999999999999999e-08,0.0,0.0,0.0,8.999999999999999e-08,0.0,0.0,0.0,8.999999999999999e-08
1759811078998895200,171820,1759811078990497472,base_link,0.03465478059711553,-0.039135584600969664,0.08548775938695027,-0.9949670169708005,1.0,0.0,0.0,0.0,1.0,0.0,0.0,0.0,1.0,0.0235056821256876,0.018618805333971974,-0.01752077788114548,1.2184696791468346e-07,0.0,0.0,0.0,1.2184696791468346e-07,0.0,0.0,0.0,1.2184696791468346e-07,-0.83629310131073,-0.7262433171272266,9.777101516723633,8.999999999999999e-08,0.0,0.0,0.0,8.999999999999999e-08,0.0,0.0,0.0,8.999999999999999e-08
1759811079007741312,171821,1759811079001497472,base_link,0.03453030333739727,-0.03921936381009458,0.08549100469428562,-0.9949677334672252,1.0,0.0,0.0,0.0,1.0,0.0,0.0,0.0,1.0,0.020487001165747643,0.01828836463391781,-0.00020505045540631042,1.2184696791468346e-07,0.0,0.0,0.0,1.2184696791468346e-07,0.0,0.0,0.0,1.2184696791468346e-07,-0.45703446865081787,-0.6309571266174304,9.752509117126465,8.999999999999999e-08,0.0,0.0,0.0,8.999999999999999e-08,0.0,0.0,0.0,8.999999999999999e-08
1759811079011420416,171822,1759811079006497472,base_link,0.03447275988292586,-0.03928881901762638,0.08545408405499008,-0.9949701779844389,1.0,0.0,0.0,0.0,1.0,0.0,0.0,0.0,1.0,0.016223542392253876,0.025749647989869118,0.012517424300312992,1.2184696791468346e-07,0.0,0.0,0.0,1.2184696791468346e-07,0.0,0.0,0.0,1.2184696791468346e-07,-0.9187463521957397,-0.6869881749153125,9.694068908691406,8.999999999999999e-08,0.0,0.0,0.0,8.999999999999999e-08,0.0,0.0,0.0,8.999999999999999e-08
1759811079019920288,171823,1759811079012497472,base_link,0.03442865814504303,-0.03935094380160369,0.08549816965853245,-0.9949654575374056,1.0,0.0,0.0,0.0,1.0,0.0,0.0,0.0,1.0,0.019690420478582382,0.025925811380147934,-0.013964356854557994,1.2184696791468346e-07,0.0,0.0,0.0,1.2184696791468346e-07,0.0,0.0,0.0,1.2184696791468346e-07,-0.8249832391738892,-0.9768561124801624,9.757750511169434,8.999999999999999e-08,0.0,0.0,0.0,8.999999999999999e-08,0.0,0.0,0.0,8.999999999999999e-08
1759811079025224320,171824,1759811079017497472,base_link,0.034355529905517955,-0.03940669173447408,0.08555915614832775,-0.9949605263561299,1.0,0.0,0.0,0.0,1.0,0.0,0.0,0.0,1.0,0.021782662719488144,0.025199335068464276,-0.0153979416936636,1.2184696791468346e-07,0.0,0.0,0.0,1.2184696791468346e-07,0.0,0.0,0.0,1.2184696791468346e-07,-0.7451889514923096,-0.5736030936241138,9.855423927307129,8.999999999999999e-08,0.0,0.0,0.0,8.999999999999999e-08,0.0,0.0,0.0,8.999999999999999e-08
1759811079032046624,171825,1759811079027497472,base_link,0.03425648003706967,-0.039501890434639676,0.08555097965971661,-0.994960863530918,1.0,0.0,0.0,0.0,1.0,0.0,0.0,0.0,1.0,0.018454041332006454,0.01912146434187889,0.001216627191752193,1.2184696791468346e-07,0.0,0.0,0.0,1.2184696791468346e-07,0.0,0.0,0.0,1.2184696791468346e-07,-0.7574570178985596,-0.737849712371825,9.885235786437988,8.999999999999999e-08,0.0,0.0,0.0,8.999999999999999e-08,0.0,0.0,0.0,8.999999999999999e-08
1759811079038675360,171826,1759811079033497472,base_link,0.03421632446251479,-0.03954497521516607,0.08556910280457632,-0.9949590933632805,1.0,0.0,0.0,0.0,1.0,0.0,0.0,0.0,1.0,0.01441765297204256,0.0157681442797184,0.0016293602529913168,1.2184696791468346e-07,0.0,0.0,0.0,1.2184696791468346e-07,0.0,0.0,0.0,1.2184696791468346e-07,-1.1224427223205566,-0.7718719840049731,9.699729919433594,8.999999999999999e-08,0.0,0.0,0.0,8.999999999999999e-08,0.0,0.0,0.0,8.999999999999999e-08
1759811079046179328,171827,1759811079038497472,base_link,0.03417398564827982,-0.03952772892231876,0.08561339914236128,-0.9949572810487946,1.0,0.0,0.0,0.0,1.0,0.0,0.0,0.0,1.0,0.014395777136087418,0.0017026048153638825,-0.01199724804610014,1.2184696791468346e-07,0.0,0.0,0.0,1.2184696791468346e-07,0.0,0.0,0.0,1.2184696791468346e-07,-0.9341704845428467,-0.7104983329772937,9.956299781799316,8.999999999999999e-08,0.0,0.0,0.0,8.999999999999999e-08,0.0,0.0,0.0,8.999999999999999e-08
1759811079049333984,171828,1759811079043497472,base_link,0.03418995502332615,-0.039529008145025524,0.08563738069916398,-0.9949546257973384,1.0,0.0,0.0,0.0,1.0,0.0,0.0,0.0,1.0,0.0015714498003944755,-0.0012534443521872176,-0.010973237454891205,1.2184696791468346e-07,0.0,0.0,0.0,1.2184696791468346e-07,0.0,0.0,0.0,1.2184696791468346e-07,-0.5412344336509705,-0.5183107852935779,9.712557792663574,8.999999999999999e-08,0.0,0.0,0.0,8.999999999999999e-08,0.0,0.0,0.0,8.999999999999999e-08
1759811079056963680,171829,1759811079049497472,base_link,0.03416999223438341,-0.03955118891187114,0.08560695067453909,-0.9949570703145519,1.0,0.0,0.0,0.0,1.0,0.0,0.0,0.0,1.0,-0.0011614596005529165,0.003394605591893197,0.008573551662266254,1.2184696791468346e-07,0.0,0.0,0.0,1.2184696791468346e-07,0.0,0.0,0.0,1.2184696791468346e-07,-0.7978334426879883,-0.2880608737468707,9.754112243652344,8.999999999999999e-08,0.0,0.0,0.0,8.999999999999999e-08,0.0,0.0,0.0,8.999999999999999e-08
1759811079062837280,171830,1759811079059495680,base_link,0.03422386660812859,-0.03957509127869675,0.08561108106569314,-0.9949538671540652,1.0,0.0,0.0,0.0,1.0,0.0,0.0,0.0,1.0,-0.011143837124109268,0.004893811419606209,-0.0006490933010354645,1.2184696791468346e-07,0.0,0.0,0.0,1.2184696791468346e-07,0.0,0.0,0.0,1.2184696791468346e-07,-0.869523286819458,-0.80064558982849,9.646100044250488,8.999999999999999e-08,0.0,0.0,0.0,8.999999999999999e-08,0.0,0.0,0.0,8.999999999999999e-08
1759811079070195840,171831,1759811079064495680,base_link,0.03422065439265478,-0.03956574373331432,0.08563485188825332,-0.9949524341612158,1.0,0.0,0.0,0.0,1.0,0.0,0.0,0.0,1.0,-0.002453338820487261,0.00010426563676446572,-0.008492790162563324,1.2184696791468346e-07,0.0,0.0,0.0,1.2184696791468346e-07,0.0,0.0,0.0,1.2184696791468346e-07,-0.8130936622619629,-0.7954067587852466,9.745577812194824,8.999999999999999e-08,0.0,0.0,0.0,8.999999999999999e-08,0.0,0.0,0.0,8.999999999999999e-08
1759811079076865216,171832,1759811079070495680,base_link,0.03424246291721726,-0.03956125229513375,0.08567236258342802,-0.9949486409448498,1.0,0.0,0.0,0.0,1.0,0.0,0.0,0.0,1.0,-0.0020006627310067415,-0.008395906537771225,-0.004710061009973287,1.2184696791468346e-07,0.0,0.0,0.0,1.2184696791468346e-07,0.0,0.0,0.0,1.2184696791468346e-07,-0.7542665004730225,-0.6202041506767261,9.893115043640137,8.999999999999999e-08,0.0,0.0,0.0,8.999999999999999e-08,0.0,0.0,0.0,8.999999999999999e-08
1759811079085986944,171833,1759811079075495680,base_link,0.03423121250747901,-0.03952113623324935,0.08565343864844659,-0.9949521391332762,1.0,0.0,0.0,0.0,1.0,0.0,0.0,0.0,1.0,-0.006014224141836166,-0.002677041571587324,-0.001315390923991799,1.2184696791468346e-07,0.0,0.0,0.0,1.2184696791468346e-07,0.0,0.0,0.0,1.2184696791468346e-07,-0.6809616088867188,-0.6789845228195178,9.698726654052734,8.999999999999999e-08,0.0,0.0,0.0,8.999999999999999e-08,0.0,0.0,0.0,8.999999999999999e-08
1759811079088860672,171834,1759811079081495680,base_link,0.03428238240356603,-0.039556372644965726,0.08565305932681,-0.9949491467070319,1.0,0.0,0.0,0.0,1.0,0.0,0.0,0.0,1.0,-0.008075296878814697,-0.004385513719171285,0.00881415605545044,1.2184696791468346e-07,0.0,0.0,0.0,1.2184696791468346e-07,0.0,0.0,0.0,1.2184696791468346e-07,-0.8628343343734741,-0.5645452141761768,9.75202465057373,8.999999999999999e-08,0.0,0.0,0.0,8.999999999999999e-08,0.0,0.0,0.0,8.999999999999999e-08
1759811079097089952,171835,1759811079091495680,base_link,0.03437294001131162,-0.0395283767654785,0.0856147478415136,-0.9949502846719417,1.0,0.0,0.0,0.0,1.0,0.0,0.0,0.0,1.0,-0.019238343462347984,-0.0070647895336151114,0.004919094033539296,1.2184696791468346e-07,0.0,0.0,0.0,1.2184696791468346e-07,0.0,0.0,0.0,1.2184696791468346e-07,-0.8711413145065308,-0.5835205316543567,9.810341835021973,8.999999999999999e-08,0.0,0.0,0.0,8.999999999999999e-08,0.0,0.0,0.0,8.999999999999999e-08
1759811079103763296,171836,1759811079096495680,base_link,0.034375877119817225,-0.03948100107357421,0.08559847915798838,-0.9949534878324285,1.0,0.0,0.0,0.0,1.0,0.0,0.0,0.0,1.0,-0.019178280606865883,-0.007766733877360821,-0.0011907732114195815,1.2184696791468346e-07,0.0,0.0,0.0,1.2184696791468346e-07,0.0,0.0,0.0,1.2184696791468346e-07,-0.6976858377456665,-0.7736360430717456,9.797135353088379,8.999999999999999e-08,0.0,0.0,0.0,8.999999999999999e-08,0.0,0.0,0.0,8.999999999999999e-08
1759811079109091872,171837,1759811079102495680,base_link,0.03446513969978787,-0.03949014611652044,0.08561293552702763,-0.9949488095322438,1.0,0.0,0.0,0.0,1.0,0.0,0.0,0.0,1.0,-0.018770335242152214,-0.010565788485109806,0.0010418791789561523,1.2184696791468346e-07,0.0,0.0,0.0,1.2184696791468346e-07,0.0,0.0,0.0,1.2184696791468346e-07,-0.7311694622039795,-0.6734323501586902,9.877754211425781,8.999999999999999e-08,0.0,0.0,0.0,8.999999999999999e-08,0.0,0.0,0.0,8.999999999999999e-08
1759811079117057088,171838,1759811079112495680,base_link,0.03455256741012315,-0.03945354223713324,0.08559047125677136,-0.9949491888538804,1.0,0.0,0.0,0.0,1.0,0.0,0.0,0.0,1.0,-0.01796300709247589,-0.006094253621995449,0.0017975915689021355,1.2184696791468346e-07,0.0,0.0,0.0,1.2184696791468346e-07,0.0,0.0,0.0,1.2184696791468346e-07,-0.7589743137359619,-0.9048577547073352,9.90964412689209,8.999999999999999e-08,0.0,0.0,0.0,8.999999999999999e-08,0.0,0.0,0.0,8.999999999999999e-08
1759811079126106880,171839,1759811079117495680,base_link,0.034552414463161166,-0.03941850783394469,0.08558339058622148,-0.9949512119026089,1.0,0.0,0.0,0.0,1.0,0.0,0.0,0.0,1.0,-0.0071955290623009205,-0.008043590933084488,0.0013762856833636772,1.2184696791468346e-07,0.0,0.0,0.0,1.2184696791468346e-07,0.0,0.0,0.0,1.2184696791468346e-07,-0.7804515361785889,-0.8112022280693042,9.699821472167969,8.999999999999999e-08,0.0,0.0,0.0,8.999999999999999e-08,0.0,0.0,0.0,8.999999999999999e-08
1759811079129131232,171840,1759811079123495680,base_link,0.034584412152987284,-0.039401856865332596,0.08559464379477388,-0.9949497367629111,1.0,0.0,0.0,0.0,1.0,0.0,0.0,0.0,1.0,-0.0076605346985161304,-0.008011652156710625,-0.002263162983581423,1.2184696791468346e-07,0.0,0.0,0.0,1.2184696791468346e-07,0.0,0.0,0.0,1.2184696791468346e-07,-0.5668185353279114,-0.922688305377959,9.95909595489502,8.999999999999999e-08,0.0,0.0,0.0,8.999999999999999e-08,0.0,0.0,0.0,8.999999999999999e-08
1759811079135542816,171841,1759811079128495680,base_link,0.03460482983154891,-0.03940000487354002,0.08558157827173551,-0.9949502425250932,1.0,0.0,0.0,0.0,1.0,0.0,0.0,0.0,1.0,-0.007153981365263462,-0.003759946674108505,0.002785245887935162,1.2184696791468346e-07,0.0,0.0,0.0,1.2184696791468346e-07,0.0,0.0,0.0,1.2184696791468346e-07,-0.7154205441474915,-0.6115719676017749,9.550469398498535,8.999999999999999e-08,0.0,0.0,0.0,8.999999999999999e-08,0.0,0.0,0.0,8.999999999999999e-08
1759811079141546784,171842,1759811079133495680,base_link,0.03458670718059761,-0.03937579101516213,0.08553589108794972,-0.9949557216153996,1.0,0.0,0.0,0.0,1.0,0.0,0.0,0.0,1.0,0.0002909045433625579,-0.010655192658305166,0.011615958064794542,1.2184696791468346e-07,0.0,0.0,0.0,1.2184696791468346e-07,0.0,0.0,0.0,1.2184696791468346e-07,-0.7278145551681519,-0.7019219398498523,9.961712837219238,8.999999999999999e-08,0.0,0.0,0.0,8.999999999999999e-08,0.0,0.0,0.0,8.999999999999999e-08
1759811079153109344,171843,1759811079144495680,base_link,0.034626929103511665,-0.039353808140941166,0.08554908305153364,-0.9949540778883077,1.0,0.0,0.0,0.0,1.0,0.0,0.0,0.0,1.0,-0.00286511005833745,-0.006732328329235315,-0.0011395318433642379,1.2184696791468346e-07,0.0,0.0,0.0,1.2184696791468346e-07,0.0,0.0,0.0,1.2184696791468346e-07,-0.7670363783836365,-0.628797650337218,9.765600204467773,8.999999999999999e-08,0.0,0.0,0.0,8.999999999999999e-08,0.0,0.0,0.0,8.999999999999999e-08
1759811079157128928,171844,1759811079149495680,base_link,0.034645140164063164,-0.03933796257226233,0.08555519434456768,-0.9949535299792771,1.0,0.0,0.0,0.0,1.0,0.0,0.0,0.0,1.0,-0.004626300185918808,-0.0048858202062547216,-0.0055795786902308455,1.2184696791468346e-07,0.0,0.0,0.0,1.2184696791468346e-07,0.0,0.0,0.0,1.2184696791468346e-07,-0.6709564328193665,-0.9200606942176807,9.85106372833252,8.999999999999999e-08,0.0,0.0,0.0,8.999999999999999e-08,0.0,0.0,0.0,8.999999999999999e-08
1759811079164774528,171845,1759811079160492352,base_link,0.03463191198053132,-0.039302732416718784,0.08557382325160952,-0.9949537828603681,1.0,0.0,0.0,0.0,1.0,0.0,0.0,0.0,1.0,0.003033692017197609,-0.007846403867006302,-0.003242679638788103,1.2184696791468346e-07,0.0,0.0,0.0,1.2184696791468346e-07,0.0,0.0,0.0,1.2184696791468346e-07,-0.7753737568855286,-0.7959055900573718,9.643970489501953,8.999999999999999e-08,0.0,0.0,0.0,8.999999999999999e-08,0.0,0.0,0.0,8.999999999999999e-08
1759811079174200096,171846,1759811079165492352,base_link,0.03464668478020664,-0.039259900352647335,0.08558756312422407,-0.9949537828603681,1.0,0.0,0.0,0.0,1.0,0.0,0.0,0.0,1.0,-0.001153457909822464,-0.009672071784734726,-0.0057771243155002585,1.2184696791468346e-07,0.0,0.0,0.0,1.2184696791468346e-07,0.0,0.0,0.0,1.2184696791468346e-07,-0.4795306921005249,-0.9534847140312183,10.044614791870117,8.999999999999999e-08,0.0,0.0,0.0,8.999999999999999e-08,0.0,0.0,0.0,8.999999999999999e-08
1759811079191587264,171847,1759811079176492352,base_link,0.03461468215129671,-0.03928505938703031,0.08556299151154223,-0.9949561009370362,1.0,0.0,0.0,0.0,1.0,0.0,0.0,0.0,1.0,0.00602462375536561,0.0026468310970813045,0.005433212034404278,1.2184696791468346e-07,0.0,0.0,0.0,1.2184696791468346e-07,0.0,0.0,0.0,1.2184696791468346e-07,-0.6920229196548462,-0.595345616340636,9.585198402404785,8.999999999999999e-08,0.0,0.0,0.0,8.999999999999999e-08,0.0,0.0,0.0,8.999999999999999e-08
1759811079191594464,171848,1759811079181492352,base_link,0.03462033213390295,-0.0392881074602855,0.08556096846281369,-0.9949558480559452,1.0,0.0,0.0,0.0,1.0,0.0,0.0,0.0,1.0,0.0020783250220119953,0.0006979586905799807,0.0009403217118233441,1.2184696791468346e-07,0.0,0.0,0.0,1.2184696791468346e-07,0.0,0.0,0.0,1.2184696791468346e-07,-0.6118350028991699,-1.054880142211913,9.937379837036133,8.999999999999999e-08,0.0,0.0,0.0,8.999999999999999e-08,0.0,0.0,0.0,8.999999999999999e-08
1759811079194762464,171849,1759811079186492352,base_link,0.03461335781829116,-0.03929280584607771,0.0856004179130199,-0.9949525606017613,1.0,0.0,0.0,0.0,1.0,0.0,0.0,0.0,1.0,0.0017280253814533353,0.0029823132790625082,-0.008976948447525501,1.2184696791468346e-07,0.0,0.0,0.0,1.2184696791468346e-07,0.0,0.0,0.0,1.2184696791468346e-07,-0.8472253084182739,-0.6933408975601184,9.591384887695312,8.999999999999999e-08,0.0,0.0,0.0,8.999999999999999e-08,0.0,0.0,0.0,8.999999999999999e-08
1759811079205958464,171850,1759811079191492352,base_link,0.0345977346730199,-0.03931608391270976,0.08561348343605828,-0.9949510433152149,1.0,0.0,0.0,0.0,1.0,0.0,0.0,0.0,1.0,-0.004185108467936516,0.004857349209487437,-0.00396721437573433,1.2184696791468346e-07,0.0,0.0,0.0,1.2184696791468346e-07,0.0,0.0,0.0,1.2184696791468346e-07,-0.5227726697921753,-0.6405054926872241,9.977018356323242,8.999999999999999e-08,0.0,0.0,0.0,8.999999999999999e-08,0.0,0.0,0.0,8.999999999999999e-08
1759811079206783136,171851,1759811079201492352,base_link,0.034621726601898606,-0.03932191614750857,0.08561942614169833,-0.994949568175517,1.0,0.0,0.0,0.0,1.0,0.0,0.0,0.0,1.0,-0.0031756586395204067,0.006731185596436262,-0.0021011196076869973,1.2184696791468346e-07,0.0,0.0,0.0,1.2184696791468346e-07,0.0,0.0,0.0,1.2184696791468346e-07,-0.6101169586181641,-0.8109684586524951,9.814618110656738,8.999999999999999e-08,0.0,0.0,0.0,8.999999999999999e-08,0.0,0.0,0.0,8.999999999999999e-08
1759811079211278432,171852,1759811079207492352,base_link,0.034574314854682514,-0.03936157287459866,0.08561575936587787,-0.9949498632034566,1.0,0.0,0.0,0.0,1.0,0.0,0.0,0.0,1.0,0.00793821644037962,0.006367465481162071,0.0022048247046768657,1.2184696791468346e-07,0.0,0.0,0.0,1.2184696791468346e-07,0.0,0.0,0.0,1.2184696791468346e-07,-0.8049521446228027,-0.6782989501953113,9.59987735748291,8.999999999999999e-08,0.0,0.0,0.0,8.999999999999999e-08,0.0,0.0,0.0,8.999999999999999e-08
1759811079218444928,171853,1759811079213492352,base_link,0.0345659236805618,-0.03937042239569693,0.08564623153735121,-0.9949472079520004,1.0,0.0,0.0,0.0,1.0,0.0,0.0,0.0,1.0,0.006995121017098427,0.004984166007488965,-0.007736720144748689,1.2184696791468346e-07,0.0,0.0,0.0,1.2184696791468346e-07,0.0,0.0,0.0,1.2184696791468346e-07,-0.7875711917877197,-0.6874492764472949,9.886786460876465,8.999999999999999e-08,0.0,0.0,0.0,8.999999999999999e-08,0.0,0.0,0.0,8.999999999999999e-08
1759811079222731168,171854,1759811079218492352,base_link,0.03452597999270236,-0.03937864531169586,0.08565398655747725,-0.9949476294204855,1.0,0.0,0.0,0.0,1.0,0.0,0.0,0.0,1.0,0.011093977838754654,0.0052616000175476066,-0.004044589586555959,1.2184696791468346e-07,0.0,0.0,0.0,1.2184696791468346e-07,0.0,0.0,0.0,1.2184696791468346e-07,-0.5765048861503601,-0.6687300205230701,9.54381275177002,8.999999999999999e-08,0.0,0.0,0.0,8.999999999999999e-08,0.0,0.0,0.0,8.999999999999999e-08
1759811079228133024,171855,1759811079223492352,base_link,0.034481361791289133,-0.0393969322695019,0.08561500072260467,-0.9949518019584881,1.0,0.0,0.0,0.0,1.0,0.0,0.0,0.0,1.0,0.014099571853876114,0.007422181777656079,0.006800884846597909,1.2184696791468346e-07,0.0,0.0,0.0,1.2184696791468346e-07,0.0,0.0,0.0,1.2184696791468346e-07,-0.6006163358688354,-0.6599437594413745,9.99687671661377,8.999999999999999e-08,0.0,0.0,0.0,8.999999999999999e-08,0.0,0.0,0.0,8.999999999999999e-08
1759811079235883456,171856,1759811079229492352,base_link,0.03450035355635485,-0.03942352758945678,0.08562347223915534,-0.994949399588123,1.0,0.0,0.0,0.0,1.0,0.0,0.0,0.0,1.0,0.0015411694766953588,0.008734386414289474,0.0034264796413481227,1.2184696791468346e-07,0.0,0.0,0.0,1.2184696791468346e-07,0.0,0.0,0.0,1.2184696791468346e-07,-0.8407543897628784,-0.805611729621886,9.715609550476074,8.999999999999999e-08,0.0,0.0,0.0,8.999999999999999e-08,0.0,0.0,0.0,8.999999999999999e-08
1759811079252438112,171857,1759811079234492352,base_link,0.03446223568314379,-0.039425720542668366,0.08560745643672124,-0.9949519283990337,1.0,0.0,0.0,0.0,1.0,0.0,0.0,0.0,1.0,0.008210382424294949,0.004819645080715419,0.003773029893636703,1.2184696791468346e-07,0.0,0.0,0.0,1.2184696791468346e-07,0.0,0.0,0.0,1.2184696791468346e-07,-0.6373149156570435,-0.7619363665580737,9.87612247467041,8.999999999999999e-08,0.0,0.0,0.0,8.999999999999999e-08,0.0,0.0,0.0,8.999999999999999e-08
1759811079252968352,171858,1759811079244492352,base_link,0.034419499108026,-0.03947656511776844,0.08562911991685583,-0.99494948388182,1.0,0.0,0.0,0.0,1.0,0.0,0.0,0.0,1.0,0.00712970457971096,0.010273337364196777,-0.0033263168297708048,1.2184696791468346e-07,0.0,0.0,0.0,1.2184696791468346e-07,0.0,0.0,0.0,1.2184696791468346e-07,-0.7259123921394348,-0.6302490830421436,9.891151428222656,8.999999999999999e-08,0.0,0.0,0.0,8.999999999999999e-08,0.0,0.0,0.0,8.999999999999999e-08
1759811079253905568,171859,1759811079250492352,base_link,0.034409667697066326,-0.03951793290812639,0.08563034217546266,-0.9949481773295162,1.0,0.0,0.0,0.0,1.0,0.0,0.0,0.0,1.0,0.005776322912424803,0.011434376239776611,-0.00048532080836594246,1.2184696791468346e-07,0.0,0.0,0.0,1.2184696791468346e-07,0.0,0.0,0.0,1.2184696791468346e-07,-0.7346765398979187,-0.807669401168822,9.735426902770996,8.999999999999999e-08,0.0,0.0,0.0,8.999999999999999e-08,0.0,0.0,0.0,8.999999999999999e-08
1759811079260752416,171860,1759811079255492352,base_link,0.034359119960903226,-0.039524215916640924,0.08562987856012902,-0.9949497367629111,1.0,0.0,0.0,0.0,1.0,0.0,0.0,0.0,1.0,0.0124825993552804,0.007662413641810417,-0.0005508932517841468,1.2184696791468346e-07,0.0,0.0,0.0,1.2184696791468346e-07,0.0,0.0,0.0,1.2184696791468346e-07,-0.766862154006958,-0.7703394889831531,9.916458129882812,8.999999999999999e-08,0.0,0.0,0.0,8.999999999999999e-08,0.0,0.0,0.0,8.999999999999999e-08
1759811079266911168,171861,1759811079260491328,base_link,0.03435012292583516,-0.03956101933501405,0.08567826314221952,-0.9949443419663017,1.0,0.0,0.0,0.0,1.0,0.0,0.0,0.0,1.0,0.007863366976380348,0.012021977454423903,-0.010500081814825537,1.2184696791468346e-07,0.0,0.0,0.0,1.2184696791468346e-07,0.0,0.0,0.0,1.2184696791468346e-07,-0.7678076028823853,-0.6955508589744556,9.675640106201172,8.999999999999999e-08,0.0,0.0,0.0,8.999999999999999e-08,0.0,0.0,0.0,8.999999999999999e-08
1759811079272331488,171862,1759811079266491328,base_link,0.03430609033512566,-0.03956960115776983,0.08567173038070036,-0.9949460699870907,1.0,0.0,0.0,0.0,1.0,0.0,0.0,0.0,1.0,0.009049808606505394,0.0062666707672178745,-0.0022359024733304986,1.2184696791468346e-07,0.0,0.0,0.0,1.2184696791468346e-07,0.0,0.0,0.0,1.2184696791468346e-07,-0.6748820543289185,-0.5252511501312244,9.920150756835938,8.999999999999999e-08,0.0,0.0,0.0,8.999999999999999e-08,0.0,0.0,0.0,8.999999999999999e-08
1759811079279317216,171863,1759811079271491328,base_link,0.0343231398878012,-0.0395897672723294,0.08567906393234123,-0.994944046938362,1.0,0.0,0.0,0.0,1.0,0.0,0.0,0.0,1.0,0.002366875298321247,0.004806435201317072,0.00273085618391633,1.2184696791468346e-07,0.0,0.0,0.0,1.2184696791468346e-07,0.0,0.0,0.0,1.2184696791468346e-07,-0.8036783933639526,-0.6380941867828357,9.7500638961792,8.999999999999999e-08,0.0,0.0,0.0,8.999999999999999e-08,0.0,0.0,0.0,8.999999999999999e-08
1759811079290348608,171864,1759811079281491328,base_link,0.03428381621959604,-0.03962921211272404,0.08568694539301275,-0.9949432461482404,1.0,0.0,0.0,0.0,1.0,0.0,0.0,0.0,1.0,0.00304411631077528,0.006835686042904853,-0.0067330040037632,1.2184696791468346e-07,0.0,0.0,0.0,1.2184696791468346e-07,0.0,0.0,0.0,1.2184696791468346e-07,-0.8311343193054199,-0.8228868246078479,9.875408172607422,8.999999999999999e-08,0.0,0.0,0.0,8.999999999999999e-08,0.0,0.0,0.0,8.999999999999999e-08
1759811079296340768,171865,1759811079292491328,base_link,0.03425199979414574,-0.03963621984946961,0.08570043238453623,-0.9949428246797553,1.0,0.0,0.0,0.0,1.0,0.0,0.0,0.0,1.0,0.005997697357088327,0.0019560747314244504,-0.002395913936197758,1.2184696791468346e-07,0.0,0.0,0.0,1.2184696791468346e-07,0.0,0.0,0.0,1.2184696791468346e-07,-0.6177053451538086,-0.7717161178588855,9.645040512084961,8.999999999999999e-08,0.0,0.0,0.0,8.999999999999999e-08,0.0,0.0,0.0,8.999999999999999e-08
1759811079303820448,171866,1759811079297491328,base_link,0.03422717233692254,-0.03965930874919174,0.08569052787513619,-0.994943709763574,1.0,0.0,0.0,0.0,1.0,0.0,0.0,0.0,1.0,0.006702078972011805,0.007755608297884464,0.0027981395833194247,1.2184696791468346e-07,0.0,0.0,0.0,1.2184696791468346e-07,0.0,0.0,0.0,1.2184696791468346e-07,-0.8200544118881226,-0.6260710954666125,9.839681625366211,8.999999999999999e-08,0.0,0.0,0.0,8.999999999999999e-08,0.0,0.0,0.0,8.999999999999999e-08
1759811079306990816,171867,1759811079302491328,base_link,0.034238353599487445,-0.039658363902458915,0.08569040143459065,-0.9949432461482404,1.0,0.0,0.0,0.0,1.0,0.0,0.0,0.0,1.0,-0.0003954923595301807,0.002829526551067829,0.001324031269177794,1.2184696791468346e-07,0.0,0.0,0.0,1.2184696791468346e-07,0.0,0.0,0.0,1.2184696791468346e-07,-0.804546594619751,-0.7357926368713367,9.827335357666016,8.999999999999999e-08,0.0,0.0,0.0,8.999999999999999e-08,0.0,0.0,0.0,8.999999999999999e-08
1759811079315129952,171868,1759811079308491328,base_link,0.0342491606441357,-0.039667012896754505,0.08570001091605113,-0.994941813155391,1.0,0.0,0.0,0.0,1.0,0.0,0.0,0.0,1.0,-0.00440874882042408,-0.0004684680607169869,-0.0016466791275888681,1.2184696791468346e-07,0.0,0.0,0.0,1.2184696791468346e-07,0.0,0.0,0.0,1.2184696791468346e-07,-0.7334975004196167,-0.7071790695190417,9.747529029846191,8.999999999999999e-08,0.0,0.0,0.0,8.999999999999999e-08,0.0,0.0,0.0,8.999999999999999e-08
1759811079318770592,171869,1759811079313491328,base_link,0.034259067129169284,-0.03964008962163465,0.08570658582441885,-0.994941897449088,1.0,0.0,0.0,0.0,1.0,0.0,0.0,0.0,1.0,-0.002746768295764923,-0.005113562103360892,-0.0045452313497662536,1.2184696791468346e-07,0.0,0.0,0.0,1.2184696791468346e-07,0.0,0.0,0.0,1.2184696791468346e-07,-0.831240177154541,-0.7103360891342151,9.8462553024292,8.999999999999999e-08,0.0,0.0,0.0,8.999999999999999e-08,0.0,0.0,0.0,8.999999999999999e-08
1759811079328155840,171870,1759811079324491328,base_link,0.03425869208807199,-0.039636234172812666,0.0857067544118129,-0.994942066036482,1.0,0.0,0.0,0.0,1.0,0.0,0.0,0.0,1.0,0.0008759429911151528,-0.0026272269897162914,0.0005816232878714803,1.2184696791468346e-07,0.0,0.0,0.0,1.2184696791468346e-07,0.0,0.0,0.0,1.2184696791468346e-07,-0.8621186017990112,-0.635634124279021,9.765281677246094,8.999999999999999e-08,0.0,0.0,0.0,8.999999999999999e-08,0.0,0.0,0.0,8.999999999999999e-08
1759811079336675424,171871,1759811079329491328,base_link,0.03427835672098873,-0.03962861827021397,0.0857102104533908,-0.9949413916869059,1.0,0.0,0.0,0.0,1.0,0.0,0.0,0.0,1.0,-0.0037047145888209343,-0.0029894569888710976,3.435462713241614e-05,1.2184696791468346e-07,0.0,0.0,0.0,1.2184696791468346e-07,0.0,0.0,0.0,1.2184696791468346e-07,-0.7468043565750122,-0.6880688071250903,9.943780899047852,8.999999999999999e-08,0.0,0.0,0.0,8.999999999999999e-08,0.0,0.0,0.0,8.999999999999999e-08
1759811079342678656,171872,1759811079334491328,base_link,0.03430325628883556,-0.039610214585393884,0.08568559669386039,-0.9949434147356344,1.0,0.0,0.0,0.0,1.0,0.0,0.0,0.0,1.0,-0.008518693037331104,-0.008092601783573627,0.005791746079921723,1.2184696791468346e-07,0.0,0.0,0.0,1.2184696791468346e-07,0.0,0.0,0.0,1.2184696791468346e-07,-0.7132538557052612,-0.7274568676948535,9.781725883483887,8.999999999999999e-08,0.0,0.0,0.0,8.999999999999999e-08,0.0,0.0,0.0,8.999999999999999e-08
1759811079347907840,171873,1759811079343491328,base_link,0.034324100374966096,-0.03959470734395604,0.08569052787513619,-0.9949428668266038,1.0,0.0,0.0,0.0,1.0,0.0,0.0,0.0,1.0,-0.007876386865973473,-0.004699251148849726,-0.0005880588432773942,1.2184696791468346e-07,0.0,0.0,0.0,1.2184696791468346e-07,0.0,0.0,0.0,1.2184696791468346e-07,-0.783373236656189,-0.7108175158500659,9.724942207336426,8.999999999999999e-08,0.0,0.0,0.0,8.999999999999999e-08,0.0,0.0,0.0,8.999999999999999e-08
1759811079353639648,171874,1759811079345491328,base_link,0.03435067330440771,-0.03958485617666112,0.08569845148265622,-0.9949416867148455,1.0,0.0,0.0,0.0,1.0,0.0,0.0,0.0,1.0,-0.009385238401591778,-0.006893766578286886,1.3060169294477353e-05,1.2184696791468346e-07,0.0,0.0,0.0,1.2184696791468346e-07,0.0,0.0,0.0,1.2184696791468346e-07,-0.6502746343612671,-0.7307034134864795,9.958624839782715,8.999999999999999e-08,0.0,0.0,0.0,8.999999999999999e-08,0.0,0.0,0.0,8.999999999999999e-08
1759811079360911936,171875,1759811079350491328,base_link,0.03437900141959922,-0.03956321887367071,0.08568129771531233,-0.9949430775608463,1.0,0.0,0.0,0.0,1.0,0.0,0.0,0.0,1.0,-0.009506127797067165,-0.01055064145475626,0.0018612686544656767,1.2184696791468346e-07,0.0,0.0,0.0,1.2184696791468346e-07,0.0,0.0,0.0,1.2184696791468346e-07,-0.7553080320358276,-0.7519986629486072,9.743694305419922,8.999999999999999e-08,0.0,0.0,0.0,8.999999999999999e-08,0.0,0.0,0.0,8.999999999999999e-08
1759811079366834304,171876,1759811079361493120,base_link,0.034417792160661306,-0.039509797907819284,0.08569179228059152,-0.9949428668266038,1.0,0.0,0.0,0.0,1.0,0.0,0.0,0.0,1.0,-0.008817046880722046,-0.006610424723476172,-0.003936699591577052,1.2184696791468346e-07,0.0,0.0,0.0,1.2184696791468346e-07,0.0,0.0,0.0,1.2184696791468346e-07,-0.5676853656768799,-0.9614992141723621,9.805335998535156,8.999999999999999e-08,0.0,0.0,0.0,8.999999999999999e-08,0.0,0.0,0.0,8.999999999999999e-08
1759811079378270784,171877,1759811079371493120,base_link,0.034473717571276596,-0.039476510623210406,0.08565124701232403,-0.9949458171059995,1.0,0.0,0.0,0.0,1.0,0.0,0.0,0.0,1.0,-0.009741978719830513,-0.007309387903660535,0.006767990998923779,1.2184696791468346e-07,0.0,0.0,0.0,1.2184696791468346e-07,0.0,0.0,0.0,1.2184696791468346e-07,-0.5993492603302002,-0.8178158998489368,9.746262550354004,8.999999999999999e-08,0.0,0.0,0.0,8.999999999999999e-08,0.0,0.0,0.0,8.999999999999999e-08
1759811079383659584,171878,1759811079377493120,base_link,0.03449256478582281,-0.039475754943387495,0.08563953018843802,-0.9949461542807876,1.0,0.0,0.0,0.0,1.0,0.0,0.0,0.0,1.0,-0.007177203428000212,-0.002352294046431779,0.005609661340713501,1.2184696791468346e-07,0.0,0.0,0.0,1.2184696791468346e-07,0.0,0.0,0.0,1.2184696791468346e-07,-0.7165501117706299,-0.7965479493141162,9.77890682220459,8.999999999999999e-08,0.0,0.0,0.0,8.999999999999999e-08,0.0,0.0,0.0,8.999999999999999e-08
1759811079391973952,171879,1759811079382493120,base_link,0.03450620900484758,-0.03946965501024618,0.08564264905522784,-0.9949456485186056,1.0,0.0,0.0,0.0,1.0,0.0,0.0,0.0,1.0,-0.005842679180204868,-0.005577722564339638,-0.0003914943663403385,1.2184696791468346e-07,0.0,0.0,0.0,1.2184696791468346e-07,0.0,0.0,0.0,1.2184696791468346e-07,-0.7107254266738892,-0.8478372097015369,9.87470817565918,8.999999999999999e-08,0.0,0.0,0.0,8.999999999999999e-08,0.0,0.0,0.0,8.999999999999999e-08
1759811079400997664,171880,1759811079393493120,base_link,0.03454080926256924,-0.039437125216457605,0.08563704352437586,-0.9949462807213332,1.0,0.0,0.0,0.0,1.0,0.0,0.0,0.0,1.0,-0.004795490298420191,-0.0065071978606283665,-0.002042160835117101,1.2184696791468346e-07,0.0,0.0,0.0,1.2184696791468346e-07,0.0,0.0,0.0,1.2184696791468346e-07,-0.7693136930465698,-0.7023058533668506,9.691027641296387,8.999999999999999e-08,0.0,0.0,0.0,8.999999999999999e-08,0.0,0.0,0.0,8.999999999999999e-08
1759811079402754592,171881,1759811079398493120,base_link,0.034564194013411584,-0.03941164365990186,0.0856541129980228,-0.9949448898753324,1.0,0.0,0.0,0.0,1.0,0.0,0.0,0.0,1.0,-0.005881006363779306,-0.008018196560442448,-0.004451280459761619,1.2184696791468346e-07,0.0,0.0,0.0,1.2184696791468346e-07,0.0,0.0,0.0,1.2184696791468346e-07,-0.687838077545166,-0.8182268738746631,9.968451499938965,8.999999999999999e-08,0.0,0.0,0.0,8.999999999999999e-08,0.0,0.0,0.0,8.999999999999999e-08
1759811079408972288,171882,1759811079403493120,base_link,0.034569906063837696,-0.039407649093552564,0.08565638892784239,-0.9949447212879383,1.0,0.0,0.0,0.0,1.0,0.0,0.0,0.0,1.0,-0.003170968033373356,-0.0038133438210934405,-0.0020436204504221673,1.2184696791468346e-07,0.0,0.0,0.0,1.2184696791468346e-07,0.0,0.0,0.0,1.2184696791468346e-07,-0.5508490800857544,-0.8406175374984729,9.620752334594727,8.999999999999999e-08,0.0,0.0,0.0,8.999999999999999e-08,0.0,0.0,0.0,8.999999999999999e-08
1759811079416187456,171883,1759811079409493120,base_link,0.03455682720527303,-0.03942376252521001,0.08563291313322177,-0.9949465336024242,1.0,0.0,0.0,0.0,1.0,0.0,0.0,0.0,1.0,0.003564234357327223,0.0037108333781361584,0.0024120893795043226,1.2184696791468346e-07,0.0,0.0,0.0,1.2184696791468346e-07,0.0,0.0,0.0,1.2184696791468346e-07,-0.7587894201278687,-0.6832259297370898,9.785274505615234,8.999999999999999e-08,0.0,0.0,0.0,8.999999999999999e-08,0.0,0.0,0.0,8.999999999999999e-08
1759811079422055328,171884,1759811079419493120,base_link,0.03456243965084232,-0.03942827585999546,0.085662710955119,-0.994943625469877,1.0,0.0,0.0,0.0,1.0,0.0,0.0,0.0,1.0,-0.0017341661732643843,0.0016094812890514725,-0.005111038684844971,1.2184696791468346e-07,0.0,0.0,0.0,1.2184696791468346e-07,0.0,0.0,0.0,1.2184696791468346e-07,-0.6495165824890137,-0.8774231076240527,9.894050598144531,8.999999999999999e-08,0.0,0.0,0.0,8.999999999999999e-08,0.0,0.0,0.0,8.999999999999999e-08
1759811079429892736,171885,1759811079424493120,base_link,0.0345343359346919,-0.03945723831818429,0.08565120486547553,-0.9949444262599987,1.0,0.0,0.0,0.0,1.0,0.0,0.0,0.0,1.0,0.006288754753768444,0.007388733327388763,0.0017726768273860207,1.2184696791468346e-07,0.0,0.0,0.0,1.2184696791468346e-07,0.0,0.0,0.0,1.2184696791468346e-07,-0.75607830286026,-0.7250097393989551,9.696999549865723,8.999999999999999e-08,0.0,0.0,0.0,8.999999999999999e-08,0.0,0.0,0.0,8.999999999999999e-08
1759811079435790624,171886,1759811079429493120,base_link,0.03451292023192843,-0.03945980911130733,0.08564947684468657,-0.9949453113438174,1.0,0.0,0.0,0.0,1.0,0.0,0.0,0.0,1.0,0.006960920058190823,0.00407232902944088,-0.0009767528390511875,1.2184696791468346e-07,0.0,0.0,0.0,1.2184696791468346e-07,0.0,0.0,0.0,1.2184696791468346e-07,-0.7285386919975281,-0.8179650306701648,9.963587760925293,8.999999999999999e-08,0.0,0.0,0.0,8.999999999999999e-08,0.0,0.0,0.0,8.999999999999999e-08
1759811079440028032,171887,1759811079435493120,base_link,0.034500520991296,-0.03948781849095698,0.0856890105885898,-0.9949411809526634,1.0,0.0,0.0,0.0,1.0,0.0,0.0,0.0,1.0,0.005929108243435621,0.006535001099109649,-0.006934634409844876,1.2184696791468346e-07,0.0,0.0,0.0,1.2184696791468346e-07,0.0,0.0,0.0,1.2184696791468346e-07,-0.5657891035079956,-0.8762597441673267,9.629936218261719,8.999999999999999e-08,0.0,0.0,0.0,8.999999999999999e-08,0.0,0.0,0.0,8.999999999999999e-08
1759811079448722080,171888,1759811079444493120,base_link,0.03445905458389798,-0.039506915458507846,0.08569769283938303,-0.9949410123652693,1.0,0.0,0.0,0.0,1.0,0.0,0.0,0.0,1.0,0.012821623124182224,0.011108722537755966,-0.002247549127787353,1.2184696791468346e-07,0.0,0.0,0.0,1.2184696791468346e-07,0.0,0.0,0.0,1.2184696791468346e-07,-0.8066981434822083,-0.5576974153518665,9.770359992980957,8.999999999999999e-08,0.0,0.0,0.0,8.999999999999999e-08,0.0,0.0,0.0,8.999999999999999e-08
1759811079458980480,171889,1759811079451493120,base_link,0.03442611040097777,-0.039538026253517836,0.08570312978284095,-0.9949404644562386,1.0,0.0,0.0,0.0,1.0,0.0,0.0,0.0,1.0,0.007701952010393143,0.006945312023162841,-0.0036720247007906446,1.2184696791468346e-07,0.0,0.0,0.0,1.2184696791468346e-07,0.0,0.0,0.0,1.2184696791468346e-07,-0.6531703472137451,-0.8025364279746997,9.728724479675293,8.999999999999999e-08,0.0,0.0,0.0,8.999999999999999e-08,0.0,0.0,0.0,8.999999999999999e-08
1759811079463126944,171890,1759811079456492608,base_link,0.03438781850738048,-0.03957033329462658,0.08571623745272784,-0.9949394950787229,1.0,0.0,0.0,0.0,1.0,0.0,0.0,0.0,1.0,0.010930350981652737,0.007311732508242129,-0.003856222145259381,1.2184696791468346e-07,0.0,0.0,0.0,1.2184696791468346e-07,0.0,0.0,0.0,1.2184696791468346e-07,-0.7558325529098511,-0.6713135242462146,9.723273277282715,8.999999999999999e-08,0.0,0.0,0.0,8.999999999999999e-08,0.0,0.0,0.0,8.999999999999999e-08
1759811079469078400,171891,1759811079461492608,base_link,0.034359713968049425,-0.03956357185352699,0.0857247089692785,-0.9949398744003596,1.0,0.0,0.0,0.0,1.0,0.0,0.0,0.0,1.0,0.00605934439226985,0.005097539164125919,-0.0012745952699333436,1.2184696791468346e-07,0.0,0.0,0.0,1.2184696791468346e-07,0.0,0.0,0.0,1.2184696791468346e-07,-0.7493684887886047,-0.6808055639266956,9.929970741271973,8.999999999999999e-08,0.0,0.0,0.0,8.999999999999999e-08,0.0,0.0,0.0,8.999999999999999e-08
1759811079480787616,171892,1759811079472492608,base_link,0.03433165766710358,-0.03959505258591434,0.08573832240134753,-0.9949385678480557,1.0,0.0,0.0,0.0,1.0,0.0,0.0,0.0,1.0,0.006962142884731293,0.005846679210662841,-0.0035951577592641124,1.2184696791468346e-07,0.0,0.0,0.0,1.2184696791468346e-07,0.0,0.0,0.0,1.2184696791468346e-07,-0.7380837798118591,-0.7580208182334888,9.772632598876953,8.999999999999999e-08,0.0,0.0,0.0,8.999999999999999e-08,0.0,0.0,0.0,8.999999999999999e-08
1759811079487180288,171893,1759811079482492608,base_link,0.034285607460657744,-0.039617126503913545,0.08575003922523354,-0.9949382306732676,1.0,0.0,0.0,0.0,1.0,0.0,0.0,0.0,1.0,0.008835728280246258,0.0037346272729337215,-0.0014741608174517755,1.2184696791468346e-07,0.0,0.0,0.0,1.2184696791468346e-07,0.0,0.0,0.0,1.2184696791468346e-07,-0.6581186056137085,-0.7162714004516589,9.74537181854248,8.999999999999999e-08,0.0,0.0,0.0,8.999999999999999e-08,0.0,0.0,0.0,8.999999999999999e-08
1759811079493978912,171894,1759811079488492608,base_link,0.03426834651519514,-0.03964755307117974,0.08576247254554425,-0.9949364183587817,1.0,0.0,0.0,0.0,1.0,0.0,0.0,0.0,1.0,0.006754775531589985,0.007473791018128395,-0.0018886182224377998,1.2184696791468346e-07,0.0,0.0,0.0,1.2184696791468346e-07,0.0,0.0,0.0,1.2184696791468346e-07,-0.7573347687721252,-0.7340499162673938,9.776334762573242,8.999999999999999e-08,0.0,0.0,0.0,8.999999999999999e-08,0.0,0.0,0.0,8.999999999999999e-08
1759811079503907968,171895,1759811079498492608,base_link,0.03424497246570105,-0.03967490472950204,0.08579640075859557,-0.9949332573451433,1.0,0.0,0.0,0.0,1.0,0.0,0.0,0.0,1.0,0.0020432029850780964,0.008735686540603638,-0.006080776453018189,1.2184696791468346e-07,0.0,0.0,0.0,1.2184696791468346e-07,0.0,0.0,0.0,1.2184696791468346e-07,-0.6613131165504456,-0.741179287433623,9.78825569152832,8.999999999999999e-08,0.0,0.0,0.0,8.999999999999999e-08,0.0,0.0,0.0,8.999999999999999e-08
1759811079508988128,171896,1759811079503492608,base_link,0.03424422188959808,-0.03970401486629679,0.08579239680798702,-0.9949324565550216,1.0,0.0,0.0,0.0,1.0,0.0,0.0,0.0,1.0,1.1498923413455486e-05,0.010203653946518898,-0.0008700725156813873,1.2184696791468346e-07,0.0,0.0,0.0,1.2184696791468346e-07,0.0,0.0,0.0,1.2184696791468346e-07,-0.793400228023529,-0.6462360620498645,9.805212020874023,8.999999999999999e-08,0.0,0.0,0.0,8.999999999999999e-08,0.0,0.0,0.0,8.999999999999999e-08
1759811079519669568,171897,1759811079514492608,base_link,0.03426667990368156,-0.039703705021105776,0.0858107728339378,-0.994930096331505,1.0,0.0,0.0,0.0,1.0,0.0,0.0,0.0,1.0,-0.005353731103241444,-0.0007227673195302491,-0.0035323076881468296,1.2184696791468346e-07,0.0,0.0,0.0,1.2184696791468346e-07,0.0,0.0,0.0,1.2184696791468346e-07,-0.7499721646308899,-0.7120273709297168,9.77238655090332,8.999999999999999e-08,0.0,0.0,0.0,8.999999999999999e-08,0.0,0.0,0.0,8.999999999999999e-08
1759811079524868576,171898,1759811079519492608,base_link,0.0342721731526949,-0.039693043514793795,0.08580976130957353,-0.9949304335062931,1.0,0.0,0.0,0.0,1.0,0.0,0.0,0.0,1.0,-0.003128933720290661,-0.003583343932405114,-0.0014550690539181228,1.2184696791468346e-07,0.0,0.0,0.0,1.2184696791468346e-07,0.0,0.0,0.0,1.2184696791468346e-07,-0.7063473463058472,-0.6263784170150745,9.75171184539795,8.999999999999999e-08,0.0,0.0,0.0,8.999999999999999e-08,0.0,0.0,0.0,8.999999999999999e-08
1759811079531727104,171899,1759811079525492608,base_link,0.03428633070716364,-0.03970555437872032,0.08579340833235129,-0.9949308549747782,1.0,0.0,0.0,0.0,1.0,0.0,0.0,0.0,1.0,-0.005409670528024435,0.0005166629562154417,0.0036756687331944704,1.2184696791468346e-07,0.0,0.0,0.0,1.2184696791468346e-07,0.0,0.0,0.0,1.2184696791468346e-07,-0.6998547911643982,-0.7253021001815784,9.854411125183105,8.999999999999999e-08,0.0,0.0,0.0,8.999999999999999e-08,0.0,0.0,0.0,8.999999999999999e-08
1759811079536976672,171900,1759811079530492608,base_link,0.034302713318888726,-0.03969685829849241,0.08578991014392487,-0.9949309814153238,1.0,0.0,0.0,0.0,1.0,0.0,0.0,0.0,1.0,-0.005561310797929764,-0.0020372716244310136,0.002415165072306991,1.2184696791468346e-07,0.0,0.0,0.0,1.2184696791468346e-07,0.0,0.0,0.0,1.2184696791468346e-07,-0.8524142503738403,-0.7732467651367175,9.67457389831543,8.999999999999999e-08,0.0,0.0,0.0,8.999999999999999e-08,0.0,0.0,0.0,8.999999999999999e-08
1759811079543558976,171901,1759811079535492608,base_link,0.034315708871573126,-0.03969097502649422,0.08579817092623299,-0.9949300541846565,1.0,0.0,0.0,0.0,1.0,0.0,0.0,0.0,1.0,-0.006799714174121618,-0.003619170980527997,-0.0009161485359072681,1.2184696791468346e-07,0.0,0.0,0.0,1.2184696791468346e-07,0.0,0.0,0.0,1.2184696791468346e-07,-0.6558380722999573,-0.8324005007743823,9.732258796691895,8.999999999999999e-08,0.0,0.0,0.0,8.999999999999999e-08,0.0,0.0,0.0,8.999999999999999e-08
1759811079553430368,171902,1759811079546492608,base_link,0.03435479315884965,-0.039669465975046746,0.08576491706275792,-0.9949324565550216,1.0,0.0,0.0,0.0,1.0,0.0,0.0,0.0,1.0,-0.006870924960821867,-0.00525064393877983,0.005492481868714095,1.2184696791468346e-07,0.0,0.0,0.0,1.2184696791468346e-07,0.0,0.0,0.0,1.2184696791468346e-07,-0.765528678894043,-0.6644768118858325,9.828519821166992,8.999999999999999e-08,0.0,0.0,0.0,8.999999999999999e-08,0.0,0.0,0.0,8.999999999999999e-08
1759811079560954528,171903,1759811079551492608,base_link,0.03436030978619302,-0.03966031945037537,0.0857513457775374,-0.994933805254174,1.0,0.0,0.0,0.0,1.0,0.0,0.0,0.0,1.0,-0.004086269065737724,-0.004215358756482601,0.0028538522310554986,1.2184696791468346e-07,0.0,0.0,0.0,1.2184696791468346e-07,0.0,0.0,0.0,1.2184696791468346e-07,-0.744992196559906,-0.8201645612716663,9.763379096984863,8.999999999999999e-08,0.0,0.0,0.0,8.999999999999999e-08,0.0,0.0,0.0,8.999999999999999e-08
1759811079566176000,171904,1759811079556492352,base_link,0.03438001096832996,-0.0396531885658068,0.0857581314201477,-0.9949328358766583,1.0,0.0,0.0,0.0,1.0,0.0,0.0,0.0,1.0,-0.007809911854565144,-0.005380404181778431,-0.0032083860132843247,1.2184696791468346e-07,0.0,0.0,0.0,1.2184696791468346e-07,0.0,0.0,0.0,1.2184696791468346e-07,-0.797469973564148,-0.8084053397178638,9.809185028076172,8.999999999999999e-08,0.0,0.0,0.0,8.999999999999999e-08,0.0,0.0,0.0,8.999999999999999e-08
1759811079570052864,171905,1759811079566492352,base_link,0.03440554850116889,-0.0396335357866912,0.08576398983209067,-0.9949322036739305,1.0,0.0,0.0,0.0,1.0,0.0,0.0,0.0,1.0,-0.008339446038007736,-0.006031620316207409,-0.0008469136664643876,1.2184696791468346e-07,0.0,0.0,0.0,1.2184696791468346e-07,0.0,0.0,0.0,1.2184696791468346e-07,-0.7352781891822815,-0.6939085721969592,9.883095741271973,8.999999999999999e-08,0.0,0.0,0.0,8.999999999999999e-08,0.0,0.0,0.0,8.999999999999999e-08
1759811079577914720,171906,1759811079572492352,base_link,0.0344461927157487,-0.03963760411002539,0.08574287426098674,-0.9949324144081731,1.0,0.0,0.0,0.0,1.0,0.0,0.0,0.0,1.0,-0.004076072946190834,-0.00300064287148416,0.0035841083154082303,1.2184696791468346e-07,0.0,0.0,0.0,1.2184696791468346e-07,0.0,0.0,0.0,1.2184696791468346e-07,-0.864906907081604,-0.7026025056838977,9.858938217163086,8.999999999999999e-08,0.0,0.0,0.0,8.999999999999999e-08,0.0,0.0,0.0,8.999999999999999e-08
1759811079581039648,171907,1759811079578492352,base_link,0.034441856529435884,-0.039628937993572595,0.08575062928111273,-0.994932245820779,1.0,0.0,0.0,0.0,1.0,0.0,0.0,0.0,1.0,-0.00129584816750139,-0.0030509161297231913,0.0010891368146985774,1.2184696791468346e-07,0.0,0.0,0.0,1.2184696791468346e-07,0.0,0.0,0.0,1.2184696791468346e-07,-0.6718755960464478,-0.9477308988571155,9.796939849853516,8.999999999999999e-08,0.0,0.0,0.0,8.999999999999999e-08,0.0,0.0,0.0,8.999999999999999e-08
1759811079588768032,171908,1759811079583492352,base_link,0.034460941643185604,-0.03963762238463549,0.0857617981959681,-0.994930264918899,1.0,0.0,0.0,0.0,1.0,0.0,0.0,0.0,1.0,-0.004478046670556068,0.0011869373265653844,-0.0032078507356345654,1.2184696791468346e-07,0.0,0.0,0.0,1.2184696791468346e-07,0.0,0.0,0.0,1.2184696791468346e-07,-0.7518007159233093,-0.6865270137786853,9.750052452087402,8.999999999999999e-08,0.0,0.0,0.0,8.999999999999999e-08,0.0,0.0,0.0,8.999999999999999e-08
1759811079602847840,171909,1759811079588492352,base_link,0.034464476710104455,-0.039632933547738655,0.08575564475608555,-0.9949308549747782,1.0,0.0,0.0,0.0,1.0,0.0,0.0,0.0,1.0,-0.004611155949532986,-0.0007911066059023141,0.0007461935747414828,1.2184696791468346e-07,0.0,0.0,0.0,1.2184696791468346e-07,0.0,0.0,0.0,1.2184696791468346e-07,-0.6916981935501099,-0.7270838022232043,9.846749305725098,8.999999999999999e-08,0.0,0.0,0.0,8.999999999999999e-08,0.0,0.0,0.0,8.999999999999999e-08
1759811079602853920,171910,1759811079593492352,base_link,0.03448538582750516,-0.0396278927188023,0.08575235730190169,-0.9949306863873841,1.0,0.0,0.0,0.0,1.0,0.0,0.0,0.0,1.0,-0.0039777387864887714,-0.002845717361196875,0.002278337720781565,1.2184696791468346e-07,0.0,0.0,0.0,1.2184696791468346e-07,0.0,0.0,0.0,1.2184696791468346e-07,-0.5875630974769592,-0.7944490313529956,9.857948303222656,8.999999999999999e-08,0.0,0.0,0.0,8.999999999999999e-08,0.0,0.0,0.0,8.999999999999999e-08
1759811079609803840,171911,1759811079604492352,base_link,0.03447554206883596,-0.03961941840343745,0.0857587214760268,-0.9949307285342327,1.0,0.0,0.0,0.0,1.0,0.0,0.0,0.0,1.0,0.0013033595168963075,-0.0018060079310089354,-0.0027136192657053466,1.2184696791468346e-07,0.0,0.0,0.0,1.2184696791468346e-07,0.0,0.0,0.0,1.2184696791468346e-07,-0.7387003898620605,-0.8492784500122058,9.95913028717041,8.999999999999999e-08,0.0,0.0,0.0,8.999999999999999e-08,0.0,0.0,0.0,8.999999999999999e-08
1759811079615817760,171912,1759811079609492352,base_link,0.03448096370113406,-0.03961403364963181,0.08578173365531379,-0.9949288740728982,1.0,0.0,0.0,0.0,1.0,0.0,0.0,0.0,1.0,0.0021296232007443905,-0.0012572486884891993,-0.0056777577847242355,1.2184696791468346e-07,0.0,0.0,0.0,1.2184696791468346e-07,0.0,0.0,0.0,1.2184696791468346e-07,-0.7217349410057068,-0.7362820506095874,9.700931549072266,8.999999999999999e-08,0.0,0.0,0.0,8.999999999999999e-08,0.0,0.0,0.0,8.999999999999999e-08
1759811079621962208,171913,1759811079615492352,base_link,0.034448213130299186,-0.03960758238299548,0.08577018541882181,-0.9949311500027178,1.0,0.0,0.0,0.0,1.0,0.0,0.0,0.0,1.0,0.006853306200355291,-0.0021883444860577583,-0.0009153455030173061,1.2184696791468346e-07,0.0,0.0,0.0,1.2184696791468346e-07,0.0,0.0,0.0,1.2184696791468346e-07,-0.6798638105392456,-0.6743165254592883,9.816824913024902,8.999999999999999e-08,0.0,0.0,0.0,8.999999999999999e-08,0.0,0.0,0.0,8.999999999999999e-08
1759811079631981664,171914,1759811079625492352,base_link,0.03443290641566402,-0.039599803161358804,0.08578662268974101,-0.9949306442405357,1.0,0.0,0.0,0.0,1.0,0.0,0.0,0.0,1.0,0.004554504528641701,-0.0013676525559276345,-0.001512331189587712,1.2184696791468346e-07,0.0,0.0,0.0,1.2184696791468346e-07,0.0,0.0,0.0,1.2184696791468346e-07,-0.6811516284942627,-0.7861381173133838,9.730661392211914,8.999999999999999e-08,0.0,0.0,0.0,8.999999999999999e-08,0.0,0.0,0.0,8.999999999999999e-08
1759811079635195264,171915,1759811079630492352,base_link,0.03441607912175992,-0.039600461870502916,0.08580259634532665,-0.9949298434504139,1.0,0.0,0.0,0.0,1.0,0.0,0.0,0.0,1.0,0.005296246148645878,0.0001095517072826619,-0.003989840857684612,1.2184696791468346e-07,0.0,0.0,0.0,1.2184696791468346e-07,0.0,0.0,0.0,1.2184696791468346e-07,-0.787224531173706,-0.7094324231147754,9.734728813171387,8.999999999999999e-08,0.0,0.0,0.0,8.999999999999999e-08,0.0,0.0,0.0,8.999999999999999e-08
1759811079642555168,171916,1759811079636492352,base_link,0.0344140152432719,-0.039589323248694894,0.08580740108605692,-0.9949299277441109,1.0,0.0,0.0,0.0,1.0,0.0,0.0,0.0,1.0,0.0029434864409267902,-0.0019121037330478432,-0.0020849604625254865,1.2184696791468346e-07,0.0,0.0,0.0,1.2184696791468346e-07,0.0,0.0,0.0,1.2184696791468346e-07,-0.6395823359489441,-0.7439984083175647,9.996320724487305,8.999999999999999e-08,0.0,0.0,0.0,8.999999999999999e-08,0.0,0.0,0.0,8.999999999999999e-08
1759811079646978784,171917,1759811079641492352,base_link,0.03442575939675501,-0.039600069707248414,0.08580407148502454,-0.9949293798350803,1.0,0.0,0.0,0.0,1.0,0.0,0.0,0.0,1.0,-0.002489323727786541,0.0016271447530016303,0.00013230228796601276,1.2184696791468346e-07,0.0,0.0,0.0,1.2184696791468346e-07,0.0,0.0,0.0,1.2184696791468346e-07,-0.6603501439094543,-0.714780271053313,9.73043441772461,8.999999999999999e-08,0.0,0.0,0.0,8.999999999999999e-08,0.0,0.0,0.0,8.999999999999999e-08
1759811079653054976,171918,1759811079646492352,base_link,0.034416779154571905,-0.03961260608977462,0.0858001096812645,-0.9949295484224744,1.0,0.0,0.0,0.0,1.0,0.0,0.0,0.0,1.0,4.629325121641159e-05,0.004300018772482872,0.001542948884889483,1.2184696791468346e-07,0.0,0.0,0.0,1.2184696791468346e-07,0.0,0.0,0.0,1.2184696791468346e-07,-0.7662747502326965,-0.6834020018577563,9.78963851928711,8.999999999999999e-08,0.0,0.0,0.0,8.999999999999999e-08,0.0,0.0,0.0,8.999999999999999e-08
1759811079656060832,171919,1759811079652492352,base_link,0.034425646950280275,-0.03961216239541237,0.08580626312114711,-0.9949286211918071,1.0,0.0,0.0,0.0,1.0,0.0,0.0,0.0,1.0,-0.002000803127884865,0.0011370258871465921,-0.00015728536527603878,1.2184696791468346e-07,0.0,0.0,0.0,1.2184696791468346e-07,0.0,0.0,0.0,1.2184696791468346e-07,-0.6976116895675659,-0.8354042172431934,9.906258583068848,8.999999999999999e-08,0.0,0.0,0.0,8.999999999999999e-08,0.0,0.0,0.0,8.999999999999999e-08
1759811079663985376,171920,1759811079657491584,base_link,0.03443804948363524,-0.03961178225059513,0.08581089927448328,-0.994927946842231,1.0,0.0,0.0,0.0,1.0,0.0,0.0,0.0,1.0,-0.001842063502408564,-0.002096630400046706,-0.001442962442524731,1.2184696791468346e-07,0.0,0.0,0.0,1.2184696791468346e-07,0.0,0.0,0.0,1.2184696791468346e-07,-0.7006505727767944,-0.7090275287628162,9.71551513671875,8.999999999999999e-08,0.0,0.0,0.0,8.999999999999999e-08,0.0,0.0,0.0,8.999999999999999e-08
1759811079672876896,171921,1759811079662491584,base_link,0.03442802775331276,-0.039597195489743324,0.08580356572284241,-0.9949293798350803,1.0,0.0,0.0,0.0,1.0,0.0,0.0,0.0,1.0,0.0005012309411540627,-0.0016365754418075085,0.0007498059421777727,1.2184696791468346e-07,0.0,0.0,0.0,1.2184696791468346e-07,0.0,0.0,0.0,1.2184696791468346e-07,-0.6705131530761719,-0.724946081638335,9.778154373168945,8.999999999999999e-08,0.0,0.0,0.0,8.999999999999999e-08,0.0,0.0,0.0,8.999999999999999e-08
1759811079684260960,171922,1759811079667491584,base_link,0.03444369946624148,-0.03960222841614558,0.08580655814908669,-0.9949284104575646,1.0,0.0,0.0,0.0,1.0,0.0,0.0,0.0,1.0,-0.0012670374708250165,-0.00286005693487823,-2.0402949303388247e-05,1.2184696791468346e-07,0.0,0.0,0.0,1.2184696791468346e-07,0.0,0.0,0.0,1.2184696791468346e-07,-0.6384164690971375,-0.7295389175415027,9.831066131591797,8.999999999999999e-08,0.0,0.0,0.0,8.999999999999999e-08,0.0,0.0,0.0,8.999999999999999e-08
1759811079684267008,171923,1759811079679491584,base_link,0.034438259394697156,-0.03957487297119236,0.08580554662472242,-0.9949298434504139,1.0,0.0,0.0,0.0,1.0,0.0,0.0,0.0,1.0,0.0002130918437615037,-0.00483052060008049,-0.00035598373506218135,1.2184696791468346e-07,0.0,0.0,0.0,1.2184696791468346e-07,0.0,0.0,0.0,1.2184696791468346e-07,-0.7245440483093262,-0.8198755383491504,9.814935684204102,8.999999999999999e-08,0.0,0.0,0.0,8.999999999999999e-08,0.0,0.0,0.0,8.999999999999999e-08
1759811079693826048,171924,1759811079689491584,base_link,0.03443774852879509,-0.03956955703528779,0.08581342808539394,-0.9949293798350803,1.0,0.0,0.0,0.0,1.0,0.0,0.0,0.0,1.0,0.00034688087180256844,-0.0017078290693461897,-0.0013876403681933878,1.2184696791468346e-07,0.0,0.0,0.0,1.2184696791468346e-07,0.0,0.0,0.0,1.2184696791468346e-07,-0.6741839647293091,-0.6961570978164661,9.83122444152832,8.999999999999999e-08,0.0,0.0,0.0,8.999999999999999e-08,0.0,0.0,0.0,8.999999999999999e-08
1759811079697909568,171925,1759811079694491584,base_link,0.034427473258837035,-0.039571655816634736,0.08581064639339227,-0.9949298855972625,1.0,0.0,0.0,0.0,1.0,0.0,0.0,0.0,1.0,0.0016767308115959167,-0.0007936494657769798,0.0007119369693100454,1.2184696791468346e-07,0.0,0.0,0.0,1.2184696791468346e-07,0.0,0.0,0.0,1.2184696791468346e-07,-0.6828629374504089,-0.7000764012336719,9.827765464782715,8.999999999999999e-08,0.0,0.0,0.0,8.999999999999999e-08,0.0,0.0,0.0,8.999999999999999e-08
1759811079705198912,171926,1759811079699491584,base_link,0.03444609689752279,-0.03958169730329245,0.08580571521211647,-0.9949292533945348,1.0,0.0,0.0,0.0,1.0,0.0,0.0,0.0,1.0,-0.0029027853161096573,0.0022467779926955704,0.0019792527891695495,1.2184696791468346e-07,0.0,0.0,0.0,1.2184696791468346e-07,0.0,0.0,0.0,1.2184696791468346e-07,-0.7387999892234802,-0.7441791892051685,9.814065933227539,8.999999999999999e-08,0.0,0.0,0.0,8.999999999999999e-08,0.0,0.0,0.0,8.999999999999999e-08
1759811079711453152,171927,1759811079705491584,base_link,0.034440314053562064,-0.03958572578468392,0.08579981465332492,-0.9949298434504139,1.0,0.0,0.0,0.0,1.0,0.0,0.0,0.0,1.0,-0.0015508397482335567,0.002172644250094891,0.0018777512013912199,1.2184696791468346e-07,0.0,0.0,0.0,1.2184696791468346e-07,0.0,0.0,0.0,1.2184696791468346e-07,-0.7286623120307922,-0.8041567802429187,9.769393920898438,8.999999999999999e-08,0.0,0.0,0.0,8.999999999999999e-08,0.0,0.0,0.0,8.999999999999999e-08
1759811079719099456,171928,1759811079710491584,base_link,0.03444754421371521,-0.039602487718045594,0.08580579950581349,-0.9949283261638675,1.0,0.0,0.0,0.0,1.0,0.0,0.0,0.0,1.0,-0.0009242786327376962,0.0035895942710340023,-0.0017075543291866784,1.2184696791468346e-07,0.0,0.0,0.0,1.2184696791468346e-07,0.0,0.0,0.0,1.2184696791468346e-07,-0.7228796482086182,-0.6920813322067249,9.798686027526855,8.999999999999999e-08,0.0,0.0,0.0,8.999999999999999e-08,0.0,0.0,0.0,8.999999999999999e-08
1759811079725412704,171929,1759811079715491584,base_link,0.03444080911439594,-0.039602600493792585,0.08581595689630461,-0.9949276939611399,1.0,0.0,0.0,0.0,1.0,0.0,0.0,0.0,1.0,-6.0371821746230125e-06,0.0034378957934677597,-0.001949460594914854,1.2184696791468346e-07,0.0,0.0,0.0,1.2184696791468346e-07,0.0,0.0,0.0,1.2184696791468346e-07,-0.666267991065979,-0.7546584010124194,9.793575286865234,8.999999999999999e-08,0.0,0.0,0.0,8.999999999999999e-08,0.0,0.0,0.0,8.999999999999999e-08
1759811079729522016,171930,1759811079726491584,base_link,0.03442991168451397,-0.0396249355246892,0.08581106786187732,-0.9949276096674429,1.0,0.0,0.0,0.0,1.0,0.0,0.0,0.0,1.0,0.0029047136195003986,0.003154655219987035,0.0012439503334462638,1.2184696791468346e-07,0.0,0.0,0.0,1.2184696791468346e-07,0.0,0.0,0.0,1.2184696791468346e-07,-0.7995259165763855,-0.752078056335448,9.80385971069336,8.999999999999999e-08,0.0,0.0,0.0,8.999999999999999e-08,0.0,0.0,0.0,8.999999999999999e-08
1759811079739884768,171931,1759811079735491584,base_link,0.034420775696554724,-0.03964749528389917,0.0858233747416425,-0.9949260080871994,1.0,0.0,0.0,0.0,1.0,0.0,0.0,0.0,1.0,0.0012176241725683212,0.006871155928820372,-0.0025599487125873574,1.2184696791468346e-07,0.0,0.0,0.0,1.2184696791468346e-07,0.0,0.0,0.0,1.2184696791468346e-07,-0.7319368720054626,-0.746131122112273,9.794205665588379,8.999999999999999e-08,0.0,0.0,0.0,8.999999999999999e-08,0.0,0.0,0.0,8.999999999999999e-08
1759811079749260384,171932,1759811079742491584,base_link,0.034397761870906506,-0.03969621868713903,0.08582303756685443,-0.9949249122691382,1.0,0.0,0.0,0.0,1.0,0.0,0.0,0.0,1.0,0.004658028483390808,0.00948949996381998,0.0006341845728456962,1.2184696791468346e-07,0.0,0.0,0.0,1.2184696791468346e-07,0.0,0.0,0.0,1.2184696791468346e-07,-0.732787013053894,-0.7180666327476489,9.817273139953613,8.999999999999999e-08,0.0,0.0,0.0,8.999999999999999e-08,0.0,0.0,0.0,8.999999999999999e-08
1759811079759977856,171933,1759811079747491584,base_link,0.034380987260563045,-0.03971138118052695,0.0858233747416425,-0.9949247436817441,1.0,0.0,0.0,0.0,1.0,0.0,0.0,0.0,1.0,0.005385603290051222,0.0022406245116144423,0.002182645723223686,1.2184696791468346e-07,0.0,0.0,0.0,1.2184696791468346e-07,0.0,0.0,0.0,1.2184696791468346e-07,-0.7396088242530823,-0.7927653789520251,9.772523880004883,8.999999999999999e-08,0.0,0.0,0.0,8.999999999999999e-08,0.0,0.0,0.0,8.999999999999999e-08
1759811079767113344,171934,1759811079763489792,base_link,0.03434493145484261,-0.03972135862373127,0.08583024467794981,-0.9949250387096836,1.0,0.0,0.0,0.0,1.0,0.0,0.0,0.0,1.0,0.003286088351160288,0.0016481687780469654,-0.0012714236509054901,1.2184696791468346e-07,0.0,0.0,0.0,1.2184696791468346e-07,0.0,0.0,0.0,1.2184696791468346e-07,-0.6907460689544678,-0.7108319997787463,9.788479804992676,8.999999999999999e-08,0.0,0.0,0.0,8.999999999999999e-08,0.0,0.0,0.0,8.999999999999999e-08
1759811079773040448,171935,1759811079768489792,base_link,0.034334345845785166,-0.03972222411585089,0.0858260299930987,-0.9949257130592598,1.0,0.0,0.0,0.0,1.0,0.0,0.0,0.0,1.0,0.004026768263429403,-0.0004917568294331431,-0.00027467717882245774,1.2184696791468346e-07,0.0,0.0,0.0,1.2184696791468346e-07,0.0,0.0,0.0,1.2184696791468346e-07,-0.8308414220809937,-0.6886639595031726,9.817757606506348,8.999999999999999e-08,0.0,0.0,0.0,8.999999999999999e-08,0.0,0.0,0.0,8.999999999999999e-08
1759811079779384800,171936,1759811079774489792,base_link,0.0343329768963892,-0.03971834051425118,0.08582733654540255,-0.9949258394998054,1.0,0.0,0.0,0.0,1.0,0.0,0.0,0.0,1.0,0.0015025536995381117,-0.00042089726775884623,0.00035912054590880876,1.2184696791468346e-07,0.0,0.0,0.0,1.2184696791468346e-07,0.0,0.0,0.0,1.2184696791468346e-07,-0.7217182517051697,-0.809286832809447,9.870704650878906,8.999999999999999e-08,0.0,0.0,0.0,8.999999999999999e-08,0.0,0.0,0.0,8.999999999999999e-08
1759811079786760192,171937,1759811079779489792,base_link,0.03432226583460299,-0.039725311043232056,0.08584524895601969,-0.9949243643601076,1.0,0.0,0.0,0.0,1.0,0.0,0.0,0.0,1.0,0.002670427318662405,0.0009706917917355891,-0.0037819906137883663,1.2184696791468346e-07,0.0,0.0,0.0,1.2184696791468346e-07,0.0,0.0,0.0,1.2184696791468346e-07,-0.7518177032470703,-0.6439924240112292,9.758755683898926,8.999999999999999e-08,0.0,0.0,0.0,8.999999999999999e-08,0.0,0.0,0.0,8.999999999999999e-08
1759811079788693632,171938,1759811079784489792,base_link,0.03430980139806427,-0.039708446541563254,0.08584752488583929,-0.9949252915907748,1.0,0.0,0.0,0.0,1.0,0.0,0.0,0.0,1.0,0.004198129754513502,-0.0027528675273060803,-0.0034369267523288722,1.2184696791468346e-07,0.0,0.0,0.0,1.2184696791468346e-07,0.0,0.0,0.0,1.2184696791468346e-07,-0.6707836389541626,-0.6713270545005786,9.866021156311035,8.999999999999999e-08,0.0,0.0,0.0,8.999999999999999e-08,0.0,0.0,0.0,8.999999999999999e-08
1759811079792783360,171939,1759811079789489792,base_link,0.034319721218624144,-0.03972072230510043,0.08585991605930149,-0.9949234371294403,1.0,0.0,0.0,0.0,1.0,0.0,0.0,0.0,1.0,0.0006213086890056729,-0.0006539359455928212,-0.004000455141067505,1.2184696791468346e-07,0.0,0.0,0.0,1.2184696791468346e-07,0.0,0.0,0.0,1.2184696791468346e-07,-0.7313896417617798,-0.7334173321723926,9.708780288696289,8.999999999999999e-08,0.0,0.0,0.0,8.999999999999999e-08,0.0,0.0,0.0,8.999999999999999e-08
1759811079800976928,171940,1759811079794489792,base_link,0.034310855069277044,-0.0397143154902184,0.08584942149402223,-0.9949248279754411,1.0,0.0,0.0,0.0,1.0,0.0,0.0,0.0,1.0,5.316222086548805e-05,-0.0009977378649637103,0.0006624150555580856,1.2184696791468346e-07,0.0,0.0,0.0,1.2184696791468346e-07,0.0,0.0,0.0,1.2184696791468346e-07,-0.7898806929588318,-0.6541998982429492,9.831108093261719,8.999999999999999e-08,0.0,0.0,0.0,8.999999999999999e-08,0.0,0.0,0.0,8.999999999999999e-08
1759811079805963680,171941,1759811079800489792,base_link,0.0343330080126172,-0.0397009448964367,0.08587070565252028,-0.994922762779864,1.0,0.0,0.0,0.0,1.0,0.0,0.0,0.0,1.0,-0.005491707473993301,-0.002925885375589133,-0.005596023518592119,1.2184696791468346e-07,0.0,0.0,0.0,1.2184696791468346e-07,0.0,0.0,0.0,1.2184696791468346e-07,-0.7069589495658875,-0.8127067685127246,9.804706573486328,8.999999999999999e-08,0.0,0.0,0.0,8.999999999999999e-08,0.0,0.0,0.0,8.999999999999999e-08
1759811079818435360,171942,1759811079805489792,base_link,0.034345620457034085,-0.03969564493023645,0.08587989366549563,-0.9949217512554999,1.0,0.0,0.0,0.0,1.0,0.0,0.0,0.0,1.0,-0.002757636597380042,-0.001696803490631283,-0.004857211373746395,1.2184696791468346e-07,0.0,0.0,0.0,1.2184696791468346e-07,0.0,0.0,0.0,1.2184696791468346e-07,-0.6991112232208252,-0.7100985646247852,9.739500999450684,8.999999999999999e-08,0.0,0.0,0.0,8.999999999999999e-08,0.0,0.0,0.0,8.999999999999999e-08
1759811079818462496,171943,1759811079810489792,base_link,0.03435545664244144,-0.039703268076824734,0.08588988246859271,-0.9949202761158019,1.0,0.0,0.0,0.0,1.0,0.0,0.0,0.0,1.0,-0.003352721920236945,-0.002616075333207846,-0.004323707893490791,1.2184696791468346e-07,0.0,0.0,0.0,1.2184696791468346e-07,0.0,0.0,0.0,1.2184696791468346e-07,-0.8122726082801819,-0.6710741519927966,9.733393669128418,8.999999999999999e-08,0.0,0.0,0.0,8.999999999999999e-08,0.0,0.0,0.0,8.999999999999999e-08
1759811079829002752,171944,1759811079821489792,base_link,0.0343997780049177,-0.039681637523915535,0.08591377973169838,-0.9949176208643458,1.0,0.0,0.0,0.0,1.0,0.0,0.0,0.0,1.0,-0.008987580426037312,-0.0019500090274959807,-0.004268945194780827,1.2184696791468346e-07,0.0,0.0,0.0,1.2184696791468346e-07,0.0,0.0,0.0,1.2184696791468346e-07,-0.7299489378929138,-0.7653105258941638,9.659127235412598,8.999999999999999e-08,0.0,0.0,0.0,8.999999999999999e-08,0.0,0.0,0.0,8.999999999999999e-08
1759811079834205216,171945,1759811079826489792,base_link,0.03439223355439812,-0.039674388430607783,0.08590092494290255,-0.9949191802977406,1.0,0.0,0.0,0.0,1.0,0.0,0.0,0.0,1.0,-0.003223151434212923,-0.005131104961037636,0.0017565481830388314,1.2184696791468346e-07,0.0,0.0,0.0,1.2184696791468346e-07,0.0,0.0,0.0,1.2184696791468346e-07,-0.747393786907196,-0.7181044816970813,9.791370391845703,8.999999999999999e-08,0.0,0.0,0.0,8.999999999999999e-08,0.0,0.0,0.0,8.999999999999999e-08
1759811079838788000,171946,1759811079831489792,base_link,0.034429423044489045,-0.03966689666364885,0.08592216695455208,-0.994916398605739,1.0,0.0,0.0,0.0,1.0,0.0,0.0,0.0,1.0,-0.009186673909425735,-0.0022431139368563895,-0.004223634488880634,1.2184696791468346e-07,0.0,0.0,0.0,1.2184696791468346e-07,0.0,0.0,0.0,1.2184696791468346e-07,-0.7110893726348877,-0.8932151198387134,9.762147903442383,8.999999999999999e-08,0.0,0.0,0.0,8.999999999999999e-08,0.0,0.0,0.0,8.999999999999999e-08
1759811079848996416,171947,1759811079842489792,base_link,0.03445144460819986,-0.03966060641114472,0.08592271486358273,-0.9949158506967083,1.0,0.0,0.0,0.0,1.0,0.0,0.0,0.0,1.0,-0.004156609997153282,0.0016032354906201363,-0.00018664938397705574,1.2184696791468346e-07,0.0,0.0,0.0,1.2184696791468346e-07,0.0,0.0,0.0,1.2184696791468346e-07,-0.6942945718765259,-0.7296871542930591,9.738029479980469,8.999999999999999e-08,0.0,0.0,0.0,8.999999999999999e-08,0.0,0.0,0.0,8.999999999999999e-08
1759811079856918880,171948,1759811079853489792,base_link,0.03447409195382939,-0.03965609274708701,0.08588073660246587,-0.9949188852698011,1.0,0.0,0.0,0.0,1.0,0.0,0.0,0.0,1.0,-0.003894144669175148,-0.0013276359532028426,0.00813951063901186,1.2184696791468346e-07,0.0,0.0,0.0,1.2184696791468346e-07,0.0,0.0,0.0,1.2184696791468346e-07,-0.7690276503562927,-0.8930855989456165,9.680956840515137,8.999999999999999e-08,0.0,0.0,0.0,8.999999999999999e-08,0.0,0.0,0.0,8.999999999999999e-08
1759811079866313056,171949,1759811079858488256,base_link,0.0344593364409474,-0.03964783608068205,0.08588452981883186,-0.9949193910319832,1.0,0.0,0.0,0.0,1.0,0.0,0.0,0.0,1.0,0.0002982050646096468,-0.0021231772843748327,0.002514890162274242,1.2184696791468346e-07,0.0,0.0,0.0,1.2184696791468346e-07,0.0,0.0,0.0,1.2184696791468346e-07,-0.7434447407722473,-0.7417359352111804,9.862541198730469,8.999999999999999e-08,0.0,0.0,0.0,8.999999999999999e-08,0.0,0.0,0.0,8.999999999999999e-08
1759811079870135776,171950,1759811079864488256,base_link,0.034475388627965606,-0.03964683031858223,0.08589616234902087,-0.9949178737454368,1.0,0.0,0.0,0.0,1.0,0.0,0.0,0.0,1.0,-0.004500662442296743,0.0001323268515989182,-0.0019771575462073088,1.2184696791468346e-07,0.0,0.0,0.0,1.2184696791468346e-07,0.0,0.0,0.0,1.2184696791468346e-07,-0.6248190402984619,-0.754829943180083,9.668615341186523,8.999999999999999e-08,0.0,0.0,0.0,8.999999999999999e-08,0.0,0.0,0.0,8.999999999999999e-08
1759811079875885152,171951,1759811079869488256,base_link,0.03447243933638661,-0.03964764592595537,0.0858612226116053,-0.9949209504653781,1.0,0.0,0.0,0.0,1.0,0.0,0.0,0.0,1.0,-0.002604841021820903,0.0002234067069366586,0.009486064314842224,1.2184696791468346e-07,0.0,0.0,0.0,1.2184696791468346e-07,0.0,0.0,0.0,1.2184696791468346e-07,-0.7076436877250671,-0.6275544166564929,9.790579795837402,8.999999999999999e-08,0.0,0.0,0.0,8.999999999999999e-08,0.0,0.0,0.0,8.999999999999999e-08
1759811079882408448,171952,1759811079874488256,base_link,0.03449391183861389,-0.03966324157699342,0.08585553278705636,-0.9949200653815594,1.0,0.0,0.0,0.0,1.0,0.0,0.0,0.0,1.0,-0.002430590335279703,0.00430777482688427,0.0008672915864735836,1.2184696791468346e-07,0.0,0.0,0.0,1.2184696791468346e-07,0.0,0.0,0.0,1.2184696791468346e-07,-0.7666302919387817,-0.8624183535575854,9.763554573059082,8.999999999999999e-08,0.0,0.0,0.0,8.999999999999999e-08,0.0,0.0,0.0,8.999999999999999e-08
1759811079888821632,171953,1759811079884488256,base_link,0.03447623551620287,-0.03967857348095601,0.08587905072852543,-0.9949180423328309,1.0,0.0,0.0,0.0,1.0,0.0,0.0,0.0,1.0,0.002658579032868147,0.003175826277583837,-0.003801274346187711,1.2184696791468346e-07,0.0,0.0,0.0,1.2184696791468346e-07,0.0,0.0,0.0,1.2184696791468346e-07,-0.7473831176757812,-0.7193087339401233,9.680784225463867,8.999999999999999e-08,0.0,0.0,0.0,8.999999999999999e-08,0.0,0.0,0.0,8.999999999999999e-08
1759811079894828384,171954,1759811079890488256,base_link,0.03445411385372684,-0.039678662878372975,0.08588511987471097,-0.9949182109202249,1.0,0.0,0.0,0.0,1.0,0.0,0.0,0.0,1.0,0.005942049901932478,0.0017430088482797142,-0.0035387533716857433,1.2184696791468346e-07,0.0,0.0,0.0,1.2184696791468346e-07,0.0,0.0,0.0,1.2184696791468346e-07,-0.67533940076828,-0.6449792981147754,9.915143966674805,8.999999999999999e-08,0.0,0.0,0.0,8.999999999999999e-08,0.0,0.0,0.0,8.999999999999999e-08
1759811079903944448,171955,1759811079895488256,base_link,0.03445754487061343,-0.039688097186994335,0.08588511987471097,-0.9949177894517398,1.0,0.0,0.0,0.0,1.0,0.0,0.0,0.0,1.0,0.0043409354984760284,0.004055711440742016,-0.0020312203560024504,1.2184696791468346e-07,0.0,0.0,0.0,1.2184696791468346e-07,0.0,0.0,0.0,1.2184696791468346e-07,-0.6755046844482422,-0.8607566356658923,9.772510528564453,8.999999999999999e-08,0.0,0.0,0.0,8.999999999999999e-08,0.0,0.0,0.0,8.999999999999999e-08
1759811079911974080,171956,1759811079905488256,base_link,0.034413145470612985,-0.03968823712770228,0.08594007936516918,-0.994914586291253,1.0,0.0,0.0,0.0,1.0,0.0,0.0,0.0,1.0,0.005423444788902998,0.0002651365939527735,-0.012538925744593143,1.2184696791468346e-07,0.0,0.0,0.0,1.2184696791468346e-07,0.0,0.0,0.0,1.2184696791468346e-07,-0.7108439207077026,-0.8387835025787341,9.828666687011719,8.999999999999999e-08,0.0,0.0,0.0,8.999999999999999e-08,0.0,0.0,0.0,8.999999999999999e-08
1759811079922489536,171957,1759811079911488256,base_link,0.03439615518694315,-0.039682847434812825,0.0859590454469991,-0.9949137433542827,1.0,0.0,0.0,0.0,1.0,0.0,0.0,0.0,1.0,0.0077782729640603065,0.0011900364188477388,-0.007257681339979172,1.2184696791468346e-07,0.0,0.0,0.0,1.2184696791468346e-07,0.0,0.0,0.0,1.2184696791468346e-07,-0.6193003058433533,-0.6517064571380603,9.86258316040039,8.999999999999999e-08,0.0,0.0,0.0,8.999999999999999e-08,0.0,0.0,0.0,8.999999999999999e-08
1759811079929878880,171958,1759811079916488256,base_link,0.03437542420583186,-0.039702445719370386,0.08596781199148935,-0.9949128161236155,1.0,0.0,0.0,0.0,1.0,0.0,0.0,0.0,1.0,0.008994799107313156,0.0041995299980044365,-0.0013593423645943408,1.2184696791468346e-07,0.0,0.0,0.0,1.2184696791468346e-07,0.0,0.0,0.0,1.2184696791468346e-07,-0.7449585795402527,-0.6225358247756946,9.694716453552246,8.999999999999999e-08,0.0,0.0,0.0,8.999999999999999e-08,0.0,0.0,0.0,8.999999999999999e-08
1759811079932269920,171959,1759811079927488256,base_link,0.034338251508625885,-0.03971113768369512,0.08599095061132182,-0.9949118467460998,1.0,0.0,0.0,0.0,1.0,0.0,0.0,0.0,1.0,0.005438240244984627,0.00416447827592492,-0.005057081580162049,1.2184696791468346e-07,0.0,0.0,0.0,1.2184696791468346e-07,0.0,0.0,0.0,1.2184696791468346e-07,-0.7706790566444397,-0.8188236355781543,9.671253204345703,8.999999999999999e-08,0.0,0.0,0.0,8.999999999999999e-08,0.0,0.0,0.0,8.999999999999999e-08
1759811079937938944,171960,1759811079932488256,base_link,0.03432248677628542,-0.03970754647585697,0.0860078514975747,-0.994911045955978,1.0,0.0,0.0,0.0,1.0,0.0,0.0,0.0,1.0,0.005492678843438625,0.0009354704525321713,-0.007400008849799633,1.2184696791468346e-07,0.0,0.0,0.0,1.2184696791468346e-07,0.0,0.0,0.0,1.2184696791468346e-07,-0.7247341275215149,-0.6894112229347217,9.83508586883545,8.999999999999999e-08,0.0,0.0,0.0,8.999999999999999e-08,0.0,0.0,0.0,8.999999999999999e-08
1759811079943089664,171961,1759811079937488256,base_link,0.03431134107512394,-0.039717548943752595,0.08602315080358416,-0.9949096551099772,1.0,0.0,0.0,0.0,1.0,0.0,0.0,0.0,1.0,0.004823595285415649,0.0033477584365755315,-0.003602243028581143,1.2184696791468346e-07,0.0,0.0,0.0,1.2184696791468346e-07,0.0,0.0,0.0,1.2184696791468346e-07,-0.6436673402786255,-0.6864200234413135,9.724124908447266,8.999999999999999e-08,0.0,0.0,0.0,8.999999999999999e-08,0.0,0.0,0.0,8.999999999999999e-08
1759811079950298240,171962,1759811079943488256,base_link,0.03427746077118562,-0.039719534620080287,0.08600165591084362,-0.994912605389373,1.0,0.0,0.0,0.0,1.0,0.0,0.0,0.0,1.0,0.009821276180446148,0.0012150539550930268,0.0057219406589865685,1.2184696791468346e-07,0.0,0.0,0.0,1.2184696791468346e-07,0.0,0.0,0.0,1.2184696791468346e-07,-0.7415609359741211,-0.625406742095946,9.87663745880127,8.999999999999999e-08,0.0,0.0,0.0,8.999999999999999e-08,0.0,0.0,0.0,8.999999999999999e-08
1759811079956859968,171963,1759811079953488256,base_link,0.03424776420050652,-0.03972660886982117,0.08601497431497307,-0.9949121839208879,1.0,0.0,0.0,0.0,1.0,0.0,0.0,0.0,1.0,0.00643363269045949,0.0020885663107037544,-0.0015059530269354584,1.2184696791468346e-07,0.0,0.0,0.0,1.2184696791468346e-07,0.0,0.0,0.0,1.2184696791468346e-07,-0.8105559945106506,-0.831868529319762,9.734859466552734,8.999999999999999e-08,0.0,0.0,0.0,8.999999999999999e-08,0.0,0.0,0.0,8.999999999999999e-08
1759811079964758272,171964,1759811079958486976,base_link,0.034262803546071446,-0.03974419118500367,0.08604236976650516,-0.99490872787931,1.0,0.0,0.0,0.0,1.0,0.0,0.0,0.0,1.0,-0.0015802449779585004,0.0044752275571227065,-0.00804241094738245,1.2184696791468346e-07,0.0,0.0,0.0,1.2184696791468346e-07,0.0,0.0,0.0,1.2184696791468346e-07,-0.6849256753921509,-0.6347209215164172,9.756667137145996,8.999999999999999e-08,0.0,0.0,0.0,8.999999999999999e-08,0.0,0.0,0.0,8.999999999999999e-08
1759811079970315072,171965,1759811079964486976,base_link,0.03426734519827075,-0.0397346287894755,0.08602677543255612,-0.9949102451658564,1.0,0.0,0.0,0.0,1.0,0.0,0.0,0.0,1.0,-0.003264068625867367,0.0010598168009892104,-0.002587350783869624,1.2184696791468346e-07,0.0,0.0,0.0,1.2184696791468346e-07,0.0,0.0,0.0,1.2184696791468346e-07,-0.6633751392364502,-0.6238681077957141,9.875710487365723,8.999999999999999e-08,0.0,0.0,0.0,8.999999999999999e-08,0.0,0.0,0.0,8.999999999999999e-08
1759811079976923552,171966,1759811079974486976,base_link,0.03427902102776116,-0.03972825292618534,0.08601278267885049,-0.9949112566902206,1.0,0.0,0.0,0.0,1.0,0.0,0.0,0.0,1.0,-0.0005115853273309767,-0.003684940049424767,0.003593180095776916,1.2184696791468346e-07,0.0,0.0,0.0,1.2184696791468346e-07,0.0,0.0,0.0,1.2184696791468346e-07,-0.7594836354255676,-0.7732884883880603,9.709711074829102,8.999999999999999e-08,0.0,0.0,0.0,8.999999999999999e-08,0.0,0.0,0.0,8.999999999999999e-08
1759811079984022432,171967,1759811079980486976,base_link,0.034296968176601085,-0.03972559454664275,0.08602184425128032,-0.9949099501379168,1.0,0.0,0.0,0.0,1.0,0.0,0.0,0.0,1.0,-0.003820482175797224,-0.0035672185476869345,-0.0004499581409618254,1.2184696791468346e-07,0.0,0.0,0.0,1.2184696791468346e-07,0.0,0.0,0.0,1.2184696791468346e-07,-0.8290663957595825,-0.7684664130210864,9.770261764526367,8.999999999999999e-08,0.0,0.0,0.0,8.999999999999999e-08,0.0,0.0,0.0,8.999999999999999e-08
1759811079988883680,171968,1759811079985486976,base_link,0.03429571891766944,-0.0397284453858178,0.08602458379643355,-0.9949096551099772,1.0,0.0,0.0,0.0,1.0,0.0,0.0,0.0,1.0,-0.0012548923259600997,7.653760258108356e-05,-0.0017875592457130551,1.2184696791468346e-07,0.0,0.0,0.0,1.2184696791468346e-07,0.0,0.0,0.0,1.2184696791468346e-07,-0.6723566055297852,-0.7436637282371509,9.889004707336426,8.999999999999999e-08,0.0,0.0,0.0,8.999999999999999e-08,0.0,0.0,0.0,8.999999999999999e-08
1759811079996504064,171969,1759811079990486976,base_link,0.03430893096686084,-0.03971942167969717,0.08600464833708786,-0.9949112988370692,1.0,0.0,0.0,0.0,1.0,0.0,0.0,0.0,1.0,-0.0014354803133755922,-0.0016272580251097673,0.004766877740621567,1.2184696791468346e-07,0.0,0.0,0.0,1.2184696791468346e-07,0.0,0.0,0.0,1.2184696791468346e-07,-0.7315948009490967,-0.6286648511886584,9.729488372802734,8.999999999999999e-08,0.0,0.0,0.0,8.999999999999999e-08,0.0,0.0,0.0,8.999999999999999e-08
1759811080005959520,171970,1759811079995486976,base_link,0.03432161749753488,-0.039730880024863816,0.0860101274273943,-0.9949100344316137,1.0,0.0,0.0,0.0,1.0,0.0,0.0,0.0,1.0,-0.0034852949902415276,-0.0032314646523445845,-0.0005425724666565652,1.2184696791468346e-07,0.0,0.0,0.0,1.2184696791468346e-07,0.0,0.0,0.0,1.2184696791468346e-07,-0.9016410112380981,-0.8192086815834033,9.747142791748047,8.999999999999999e-08,0.0,0.0,0.0,8.999999999999999e-08,0.0,0.0,0.0,8.999999999999999e-08
1759811080008961888,171971,1759811080001486976,base_link,0.03430190462623292,-0.039694822078873725,0.08601227691666835,-0.9949118467460998,1.0,0.0,0.0,0.0,1.0,0.0,0.0,0.0,1.0,-0.005402278155088425,-0.002697701798751951,-0.005534405820071697,1.2184696791468346e-07,0.0,0.0,0.0,1.2184696791468346e-07,0.0,0.0,0.0,1.2184696791468346e-07,-0.7276472449302673,-0.7446188330650317,9.775890350341797,8.999999999999999e-08,0.0,0.0,0.0,8.999999999999999e-08,0.0,0.0,0.0,8.999999999999999e-08
1759811080014166976,171972,1759811080010486976,base_link,0.03434779497099944,-0.039710771697584815,0.08603128514534675,-0.9949080956765823,1.0,0.0,0.0,0.0,1.0,0.0,0.0,0.0,1.0,-0.0037547098472714424,-0.0030624528881162405,-0.0004499496426433321,1.2184696791468346e-07,0.0,0.0,0.0,1.2184696791468346e-07,0.0,0.0,0.0,1.2184696791468346e-07,-0.6597983837127686,-0.7206227183341968,9.812745094299316,8.999999999999999e-08,0.0,0.0,0.0,8.999999999999999e-08,0.0,0.0,0.0,8.999999999999999e-08
1759811080023789056,171973,1759811080017486976,base_link,0.03438827010427682,-0.039709414108081605,0.08602083272691606,-0.9949075056207032,1.0,0.0,0.0,0.0,1.0,0.0,0.0,0.0,1.0,-0.011314545758068562,0.0012895016698166728,-2.2972701117396514e-05,1.2184696791468346e-07,0.0,0.0,0.0,1.2184696791468346e-07,0.0,0.0,0.0,1.2184696791468346e-07,-0.8143388032913208,-0.7902834415435779,9.830589294433594,8.999999999999999e-08,0.0,0.0,0.0,8.999999999999999e-08,0.0,0.0,0.0,8.999999999999999e-08
1759811080026937664,171974,1759811080022486976,base_link,0.03433920327007605,-0.03965803973392486,0.08601758741958075,-0.9949116781587057,1.0,0.0,0.0,0.0,1.0,0.0,0.0,0.0,1.0,0.004006332252174616,-0.007498285733163357,-0.0010607871226966372,1.2184696791468346e-07,0.0,0.0,0.0,1.2184696791468346e-07,0.0,0.0,0.0,1.2184696791468346e-07,-0.722913920879364,-0.9043057560920703,9.740405082702637,8.999999999999999e-08,0.0,0.0,0.0,8.999999999999999e-08,0.0,0.0,0.0,8.999999999999999e-08
1759811080032966912,171975,1759811080027486976,base_link,0.034395360652994277,-0.03969205553339569,0.08605796410045415,-0.9949047660755499,1.0,0.0,0.0,0.0,1.0,0.0,0.0,0.0,1.0,-0.006414670031517744,0.0011364617384970177,-0.008522610180079937,1.2184696791468346e-07,0.0,0.0,0.0,1.2184696791468346e-07,0.0,0.0,0.0,1.2184696791468346e-07,-0.8486079573631287,-0.6977148652076709,9.833259582519531,8.999999999999999e-08,0.0,0.0,0.0,8.999999999999999e-08,0.0,0.0,0.0,8.999999999999999e-08
1759811080041346848,171976,1759811080032486976,base_link,0.034347183183151525,-0.039655770718822606,0.08604232761965665,-0.9949093600820377,1.0,0.0,0.0,0.0,1.0,0.0,0.0,0.0,1.0,0.002426468301564455,-0.000972116366028786,-0.002584644593298435,1.2184696791468346e-07,0.0,0.0,0.0,1.2184696791468346e-07,0.0,0.0,0.0,1.2184696791468346e-07,-0.5480703711509705,-0.7399073243141162,9.768575668334961,8.999999999999999e-08,0.0,0.0,0.0,8.999999999999999e-08,0.0,0.0,0.0,8.999999999999999e-08
1759811080045955424,171977,1759811080038486976,base_link,0.03439997721463136,-0.039695773511051635,0.08605492952736135,-0.99490476607555,1.0,0.0,0.0,0.0,1.0,0.0,0.0,0.0,1.0,-0.006593227386474609,0.003590288804844022,-0.0011157640255987649,1.2184696791468346e-07,0.0,0.0,0.0,1.2184696791468346e-07,0.0,0.0,0.0,1.2184696791468346e-07,-0.8107403516769409,-0.6547569036483752,9.846464157104492,8.999999999999999e-08,0.0,0.0,0.0,8.999999999999999e-08,0.0,0.0,0.0,8.999999999999999e-08
1759811080053420256,171978,1759811080043486976,base_link,0.03435425364626148,-0.03968094259482348,0.08603895587177576,-0.9949083485576733,1.0,0.0,0.0,0.0,1.0,0.0,0.0,0.0,1.0,0.0015213604783639312,0.004960582125931978,0.0017761166673153632,1.2184696791468346e-07,0.0,0.0,0.0,1.2184696791468346e-07,0.0,0.0,0.0,1.2184696791468346e-07,-0.6685861945152283,-0.8993628025054919,9.7135591506958,8.999999999999999e-08,0.0,0.0,0.0,8.999999999999999e-08,0.0,0.0,0.0,8.999999999999999e-08
1759811080058567776,171979,1759811080048486976,base_link,0.03438598660119539,-0.03971404202961146,0.08604945043705498,-0.994905018956641,1.0,0.0,0.0,0.0,1.0,0.0,0.0,0.0,1.0,0.002571066375821829,-0.0007143511902540923,-0.0012951830867677927,1.2184696791468346e-07,0.0,0.0,0.0,1.2184696791468346e-07,0.0,0.0,0.0,1.2184696791468346e-07,-0.8023430705070496,-0.8314619064331042,9.937276840209961,8.999999999999999e-08,0.0,0.0,0.0,8.999999999999999e-08,0.0,0.0,0.0,8.999999999999999e-08
1759811080063882720,171980,1759811080059485952,base_link,0.034369366254902924,-0.039719735805427474,0.08606327460336655,-0.9949041760196707,1.0,0.0,0.0,0.0,1.0,0.0,0.0,0.0,1.0,0.0007545704720541835,0.003524121595546603,-0.001428778981789947,1.2184696791468346e-07,0.0,0.0,0.0,1.2184696791468346e-07,0.0,0.0,0.0,1.2184696791468346e-07,-0.7281230092048645,-0.7229973673820483,9.668493270874023,8.999999999999999e-08,0.0,0.0,0.0,8.999999999999999e-08,0.0,0.0,0.0,8.999999999999999e-08
1759811080074944960,171981,1759811080064485952,base_link,0.03433507748873354,-0.03970000284851803,0.0860379443474115,-0.9949083485576734,1.0,0.0,0.0,0.0,1.0,0.0,0.0,0.0,1.0,0.004924974869936705,0.0001893239095807081,0.004318014718592167,1.2184696791468346e-07,0.0,0.0,0.0,1.2184696791468346e-07,0.0,0.0,0.0,1.2184696791468346e-07,-0.6515403389930725,-0.6405789852142322,9.923577308654785,8.999999999999999e-08,0.0,0.0,0.0,8.999999999999999e-08,0.0,0.0,0.0,8.999999999999999e-08
1759811080074969472,171982,1759811080069485952,base_link,0.03435828048129167,-0.03972593781296753,0.08604666874505323,-0.9949057775999142,1.0,0.0,0.0,0.0,1.0,0.0,0.0,0.0,1.0,-0.0010780470911413431,0.002773039508610964,0.0015371781773865219,1.2184696791468346e-07,0.0,0.0,0.0,1.2184696791468346e-07,0.0,0.0,0.0,1.2184696791468346e-07,-0.6645922064781189,-0.8279446363449084,9.731069564819336,8.999999999999999e-08,0.0,0.0,0.0,8.999999999999999e-08,0.0,0.0,0.0,8.999999999999999e-08
1759811080082720064,171983,1759811080075485952,base_link,0.03433153122655805,-0.03968582109253862,0.086051515632632,-0.9949077585017942,1.0,0.0,0.0,0.0,1.0,0.0,0.0,0.0,1.0,-0.00016256963135674596,0.003345115343108772,-0.01003407035022974,1.2184696791468346e-07,0.0,0.0,0.0,1.2184696791468346e-07,0.0,0.0,0.0,1.2184696791468346e-07,-0.5323910713195801,-0.9712382555007922,9.751693725585938,8.999999999999999e-08,0.0,0.0,0.0,8.999999999999999e-08,0.0,0.0,0.0,8.999999999999999e-08
1759811080089368096,171984,1759811080085485952,base_link,0.03430976633056922,-0.03969630643819472,0.08606668849809593,-0.994906831271127,1.0,0.0,0.0,0.0,1.0,0.0,0.0,0.0,1.0,0.005902246572077274,-0.0025123574305325747,-0.0009137972956523296,1.2184696791468346e-07,0.0,0.0,0.0,1.2184696791468346e-07,0.0,0.0,0.0,1.2184696791468346e-07,-0.7205350399017334,-0.6279473900794971,9.817853927612305,8.999999999999999e-08,0.0,0.0,0.0,8.999999999999999e-08,0.0,0.0,0.0,8.999999999999999e-08
1759811080100755392,171985,1759811080091485952,base_link,0.03432916227732671,-0.039728361256756904,0.08606618273591381,-0.9949048925160955,1.0,0.0,0.0,0.0,1.0,0.0,0.0,0.0,1.0,0.001689077471382916,0.0032499432563781743,0.004011280834674835,1.2184696791468346e-07,0.0,0.0,0.0,1.2184696791468346e-07,0.0,0.0,0.0,1.2184696791468346e-07,-0.5790546536445618,-0.9557284712791431,9.808642387390137,8.999999999999999e-08,0.0,0.0,0.0,8.999999999999999e-08,0.0,0.0,0.0,8.999999999999999e-08
1759811080102631680,171986,1759811080096485952,base_link,0.03427881852532495,-0.03971858252935787,0.08605636252021077,-0.9949079692360367,1.0,0.0,0.0,0.0,1.0,0.0,0.0,0.0,1.0,0.009302861988544464,0.0032101189717650414,0.0008883355185389514,1.2184696791468346e-07,0.0,0.0,0.0,1.2184696791468346e-07,0.0,0.0,0.0,1.2184696791468346e-07,-0.9264858961105347,-0.632720351219176,9.74522876739502,8.999999999999999e-08,0.0,0.0,0.0,8.999999999999999e-08,0.0,0.0,0.0,8.999999999999999e-08
1759811080108065024,171987,1759811080101485952,base_link,0.03429076732151392,-0.039725468106097214,0.08608535955198623,-0.9949046817818529,1.0,0.0,0.0,0.0,1.0,0.0,0.0,0.0,1.0,0.0004989933222532272,-0.004345774650573731,-0.005071306601166724,1.2184696791468346e-07,0.0,0.0,0.0,1.2184696791468346e-07,0.0,0.0,0.0,1.2184696791468346e-07,-0.7142338156700134,-0.8202171325683582,9.902298927307129,8.999999999999999e-08,0.0,0.0,0.0,8.999999999999999e-08,0.0,0.0,0.0,8.999999999999999e-08
1759811080116765824,171988,1759811080112485952,base_link,0.034289666564368826,-0.03973780626672652,0.08608363153119727,-0.9949043867539134,1.0,0.0,0.0,0.0,1.0,0.0,0.0,0.0,1.0,-0.001217382843606174,0.002811869140714407,-0.0012451421935111289,1.2184696791468346e-07,0.0,0.0,0.0,1.2184696791468346e-07,0.0,0.0,0.0,1.2184696791468346e-07,-0.5783616304397583,-0.6941553950309741,9.727583885192871,8.999999999999999e-08,0.0,0.0,0.0,8.999999999999999e-08,0.0,0.0,0.0,8.999999999999999e-08
1759811080121378944,171989,1759811080117485952,base_link,0.03428928296219293,-0.03973732585850794,0.08607406419658532,-0.994905271837732,1.0,0.0,0.0,0.0,1.0,0.0,0.0,0.0,1.0,-0.0008778920746408403,0.0023313625715672974,0.002347701229155063,1.2184696791468346e-07,0.0,0.0,0.0,1.2184696791468346e-07,0.0,0.0,0.0,1.2184696791468346e-07,-0.7780293226242065,-0.6567724943160999,9.66501235961914,8.999999999999999e-08,0.0,0.0,0.0,8.999999999999999e-08,0.0,0.0,0.0,8.999999999999999e-08
1759811080131683040,171990,1759811080122485952,base_link,0.03429804753104967,-0.03971641246056794,0.08608329435640918,-0.9949049768097925,1.0,0.0,0.0,0.0,1.0,0.0,0.0,0.0,1.0,-0.0018104007467627525,-0.004014510661363602,-0.0001377759035676713,1.2184696791468346e-07,0.0,0.0,0.0,1.2184696791468346e-07,0.0,0.0,0.0,1.2184696791468346e-07,-0.6805325150489807,-0.9578564763069141,9.773837089538574,8.999999999999999e-08,0.0,0.0,0.0,8.999999999999999e-08,0.0,0.0,0.0,8.999999999999999e-08
1759811080134693792,171991,1759811080128485952,base_link,0.03429084091386268,-0.03971096975484559,0.08610040597690463,-0.9949039652854282,1.0,0.0,0.0,0.0,1.0,0.0,0.0,0.0,1.0,0.0017956035444512963,-0.0030208330135792502,-0.005699938163161278,1.2184696791468346e-07,0.0,0.0,0.0,1.2184696791468346e-07,0.0,0.0,0.0,1.2184696791468346e-07,-0.77215975522995,-0.6060093045234668,9.719086647033691,8.999999999999999e-08,0.0,0.0,0.0,8.999999999999999e-08,0.0,0.0,0.0,8.999999999999999e-08
1759811080142814880,171992,1759811080133485952,base_link,0.03429282099256206,-0.03971526955657433,0.08609555908932591,-0.9949041760196708,1.0,0.0,0.0,0.0,1.0,0.0,0.0,0.0,1.0,-0.0017179404385387897,0.0032344162464141846,0.0010605040006339546,1.2184696791468346e-07,0.0,0.0,0.0,1.2184696791468346e-07,0.0,0.0,0.0,1.2184696791468346e-07,-0.5623088479042053,-0.6722033619880664,9.856504440307617,8.999999999999999e-08,0.0,0.0,0.0,8.999999999999999e-08,0.0,0.0,0.0,8.999999999999999e-08
1759811080144116256,171993,1759811080138485952,base_link,0.03429830930249159,-0.03973309899058346,0.08607161967937167,-0.994905356131429,1.0,0.0,0.0,0.0,1.0,0.0,0.0,0.0,1.0,-0.0021374202333390713,0.0035431087017059335,0.006650984287261962,1.2184696791468346e-07,0.0,0.0,0.0,1.2184696791468346e-07,0.0,0.0,0.0,1.2184696791468346e-07,-0.5623088479042053,-0.6722033619880664,9.856504440307617,8.999999999999999e-08,0.0,0.0,0.0,8.999999999999999e-08,0.0,0.0,0.0,8.999999999999999e-08
1759811080154723840,171994,1759811080149485952,base_link,0.03432593063478991,-0.039711077920781025,0.08609168157926289,-0.9949035859637917,1.0,0.0,0.0,0.0,1.0,0.0,0.0,0.0,1.0,-0.004947933834046125,-0.0034488111268728976,-0.003692695870995521,1.2184696791468346e-07,0.0,0.0,0.0,1.2184696791468346e-07,0.0,0.0,0.0,1.2184696791468346e-07,-0.7412875890731812,-0.7666128873825061,9.939522743225098,8.999999999999999e-08,0.0,0.0,0.0,8.999999999999999e-08,0.0,0.0,0.0,8.999999999999999e-08
1759811080160015392,171995,1759811080154485952,base_link,0.03433990643097445,-0.03970232306545578,0.08609155513871736,-0.9949034595232461,1.0,0.0,0.0,0.0,1.0,0.0,0.0,0.0,1.0,-0.005038250703364611,-0.0030573888216167693,-0.0026288169901818033,1.2184696791468346e-07,0.0,0.0,0.0,1.2184696791468346e-07,0.0,0.0,0.0,1.2184696791468346e-07,-0.5437155365943909,-0.6797052025794971,9.7481689453125,8.999999999999999e-08,0.0,0.0,0.0,8.999999999999999e-08,0.0,0.0,0.0,8.999999999999999e-08
1759811080166971808,171996,1759811080160485184,base_link,0.03434447030905089,-0.03971441772925326,0.08608333650325771,-0.9949035016700947,1.0,0.0,0.0,0.0,1.0,0.0,0.0,0.0,1.0,0.0023967213928699493,0.0019045134540647277,0.007239284925162792,1.2184696791468346e-07,0.0,0.0,0.0,1.2184696791468346e-07,0.0,0.0,0.0,1.2184696791468346e-07,-0.6175846457481384,-0.6314855217933643,9.751157760620117,8.999999999999999e-08,0.0,0.0,0.0,8.999999999999999e-08,0.0,0.0,0.0,8.999999999999999e-08
1759811080169096128,171997,1759811080165485184,base_link,0.034320792011994124,-0.03971466764689404,0.08606137799518354,-0.9949062412152478,1.0,0.0,0.0,0.0,1.0,0.0,0.0,0.0,1.0,0.003817920573055744,0.0011591260554268965,0.0063057634979486465,1.2184696791468346e-07,0.0,0.0,0.0,1.2184696791468346e-07,0.0,0.0,0.0,1.2184696791468346e-07,-0.6175846457481384,-0.6314855217933643,9.751157760620117,8.999999999999999e-08,0.0,0.0,0.0,8.999999999999999e-08,0.0,0.0,0.0,8.999999999999999e-08
1759811080176882464,171998,1759811080170485184,base_link,0.034320357372618855,-0.03969593073855292,0.08609231378199056,-0.9949042181665193,1.0,0.0,0.0,0.0,1.0,0.0,0.0,0.0,1.0,0.002131206914782524,-0.0055981986224651345,-0.010023845359683037,1.2184696791468346e-07,0.0,0.0,0.0,1.2184696791468346e-07,0.0,0.0,0.0,1.2184696791468346e-07,-0.9159625172615051,-0.830874443054198,9.806952476501465,8.999999999999999e-08,0.0,0.0,0.0,8.999999999999999e-08,0.0,0.0,0.0,8.999999999999999e-08
1759811080183148896,171999,1759811080175485184,base_link,0.03432784831639715,-0.03968986225091185,0.0861344184836529,-0.9949006356843959,1.0,0.0,0.0,0.0,1.0,0.0,0.0,0.0,1.0,-0.002001127228140831,-0.001752401934936644,-0.011086942628026009,1.2184696791468346e-07,0.0,0.0,0.0,1.2184696791468346e-07,0.0,0.0,0.0,1.2184696791468346e-07,-0.6121571660041809,-0.706922113895415,9.73479175567627,8.999999999999999e-08,0.0,0.0,0.0,8.999999999999999e-08,0.0,0.0,0.0,8.999999999999999e-08
1759811080193928832,172000,1759811080186485184,base_link,0.034331099715269195,-0.039710718849388045,0.08610053241745017,-0.9949025744394273,1.0,0.0,0.0,0.0,1.0,0.0,0.0,0.0,1.0,-0.0015238517662510276,0.0033799353986978535,0.0051450603641569614,1.2184696791468346e-07,0.0,0.0,0.0,1.2184696791468346e-07,0.0,0.0,0.0,1.2184696791468346e-07,-0.769919753074646,-0.8076965212821948,9.784653663635254,8.999999999999999e-08,0.0,0.0,0.0,8.999999999999999e-08,0.0,0.0,0.0,8.999999999999999e-08
1759811080196654528,172001,1759811080191485184,base_link,0.034322234224466605,-0.03969535517065294,0.08610339840314891,-0.9949032487890035,1.0,0.0,0.0,0.0,1.0,0.0,0.0,0.0,1.0,0.0023467172868549824,-0.0021728586871176954,0.0031988727860152726,1.2184696791468346e-07,0.0,0.0,0.0,1.2184696791468346e-07,0.0,0.0,0.0,1.2184696791468346e-07,-0.9291427135467529,-0.8993840813636768,9.806339263916016,8.999999999999999e-08,0.0,0.0,0.0,8.999999999999999e-08,0.0,0.0,0.0,8.999999999999999e-08
1759811080203052192,172002,1759811080196485184,base_link,0.03431853863732393,-0.03968404647972573,0.08614023474874742,-0.9949006356843959,1.0,0.0,0.0,0.0,1.0,0.0,0.0,0.0,1.0,0.002202223753556609,-0.0019006914226338276,-0.006663397885859013,1.2184696791468346e-07,0.0,0.0,0.0,1.2184696791468346e-07,0.0,0.0,0.0,1.2184696791468346e-07,-0.7157606482505798,-0.8388854265213,9.78722858428955,8.999999999999999e-08,0.0,0.0,0.0,8.999999999999999e-08,0.0,0.0,0.0,8.999999999999999e-08
1759811080210325632,172003,1759811080202485184,base_link,0.03432516820488579,-0.03967332866785831,0.0861311310294691,-0.9949017315024571,1.0,0.0,0.0,0.0,1.0,0.0,0.0,0.0,1.0,-0.0003474908880889416,-0.001664322218857705,0.005466829985380173,1.2184696791468346e-07,0.0,0.0,0.0,1.2184696791468346e-07,0.0,0.0,0.0,1.2184696791468346e-07,-0.5473119020462036,-0.4690679013729083,9.83187198638916,8.999999999999999e-08,0.0,0.0,0.0,8.999999999999999e-08,0.0,0.0,0.0,8.999999999999999e-08
1759811080217968384,172004,1759811080212485184,base_link,0.03432703764810783,-0.039692664357793325,0.08605404444354267,-0.9949075056207032,1.0,0.0,0.0,0.0,1.0,0.0,0.0,0.0,1.0,-0.0011827624402940273,0.0015991026302799598,0.01236365269869566,1.2184696791468346e-07,0.0,0.0,0.0,1.2184696791468346e-07,0.0,0.0,0.0,1.2184696791468346e-07,-0.9012076258659363,-0.8795206546783435,9.817405700683594,8.999999999999999e-08,0.0,0.0,0.0,8.999999999999999e-08,0.0,0.0,0.0,8.999999999999999e-08
1759811080224157824,172005,1759811080218485184,base_link,0.03432593392751245,-0.03968489616677716,0.0860928195441727,-0.9949044710476104,1.0,0.0,0.0,0.0,1.0,0.0,0.0,0.0,1.0,0.0008326591923832893,-0.0011175364488735802,-0.005175500176846981,1.2184696791468346e-07,0.0,0.0,0.0,1.2184696791468346e-07,0.0,0.0,0.0,1.2184696791468346e-07,-0.8692943453788757,-0.9779486656188953,9.80008602142334,8.999999999999999e-08,0.0,0.0,0.0,8.999999999999999e-08,0.0,0.0,0.0,8.999999999999999e-08
1759811080228925920,172006,1759811080223485184,base_link,0.034309441668126786,-0.03966693864586123,0.08612797001583075,-0.9949027008799729,1.0,0.0,0.0,0.0,1.0,0.0,0.0,0.0,1.0,0.004853058606386185,-0.0039742952212691324,-0.010953586548566818,1.2184696791468346e-07,0.0,0.0,0.0,1.2184696791468346e-07,0.0,0.0,0.0,1.2184696791468346e-07,-0.6425557732582092,-0.6149512529373157,9.784289360046387,8.999999999999999e-08,0.0,0.0,0.0,8.999999999999999e-08,0.0,0.0,0.0,8.999999999999999e-08
1759811080236741632,172007,1759811080228485184,base_link,0.03429376732102003,-0.0396770127304721,0.08612126866691755,-0.9949034173763976,1.0,0.0,0.0,0.0,1.0,0.0,0.0,0.0,1.0,0.00195427518337965,0.003797671291977168,0.007799081504344939,1.2184696791468346e-07,0.0,0.0,0.0,1.2184696791468346e-07,0.0,0.0,0.0,1.2184696791468346e-07,-0.561426043510437,-0.5524581670761096,9.779658317565918,8.999999999999999e-08,0.0,0.0,0.0,8.999999999999999e-08,0.0,0.0,0.0,8.999999999999999e-08
1759811080245892032,172008,1759811080239485184,base_link,0.03430470525138925,-0.03969918641796425,0.08606896442791553,-0.99490674697743,1.0,0.0,0.0,0.0,1.0,0.0,0.0,0.0,1.0,-0.001536471419967711,0.0033525123726576575,0.006019366905093193,1.2184696791468346e-07,0.0,0.0,0.0,1.2184696791468346e-07,0.0,0.0,0.0,1.2184696791468346e-07,-0.887779951095581,-0.9481123089790332,9.739495277404785,8.999999999999999e-08,0.0,0.0,0.0,8.999999999999999e-08,0.0,0.0,0.0,8.999999999999999e-08
1759811080253236096,172009,1759811080248485184,base_link,0.03429943245014996,-0.03968937064743665,0.08609821434078205,-0.9949048082223985,1.0,0.0,0.0,0.0,1.0,0.0,0.0,0.0,1.0,0.0014788107946515083,-0.002791036851704122,-0.01058653648942709,1.2184696791468346e-07,0.0,0.0,0.0,1.2184696791468346e-07,0.0,0.0,0.0,1.2184696791468346e-07,-0.887779951095581,-0.9481123089790332,9.739495277404785,8.999999999999999e-08,0.0,0.0,0.0,8.999999999999999e-08,0.0,0.0,0.0,8.999999999999999e-08
1759811080256091104,172010,1759811080249485184,base_link,0.03429892372451754,-0.0396844793081036,0.0861235867435856,-0.9949027008799729,1.0,0.0,0.0,0.0,1.0,0.0,0.0,0.0,1.0,0.0021134966518729925,-0.0027295239269733433,-0.0040657673962414265,1.2184696791468346e-07,0.0,0.0,0.0,1.2184696791468346e-07,0.0,0.0,0.0,1.2184696791468346e-07,-0.5621232390403748,-0.5427520275115955,9.750779151916504,8.999999999999999e-08,0.0,0.0,0.0,8.999999999999999e-08,0.0,0.0,0.0,8.999999999999999e-08
1759811080274103104,172011,1759811080269483904,base_link,0.034290091160940346,-0.039662070520222095,0.08608708757277518,-0.9949071684459151,1.0,0.0,0.0,0.0,1.0,0.0,0.0,0.0,1.0,-0.0007215503137558699,-0.004078143741935492,-0.008105270564556122,1.2184696791468346e-07,0.0,0.0,0.0,1.2184696791468346e-07,0.0,0.0,0.0,1.2184696791468346e-07,-0.7981762290000916,-0.9157442450523364,9.797050476074219,8.999999999999999e-08,0.0,0.0,0.0,8.999999999999999e-08,0.0,0.0,0.0,8.999999999999999e-08
1759811080278977920,172012,1759811080270483904,base_link,0.0342910776606133,-0.039654751456560375,0.08612320742194905,-0.9949042603133679,1.0,0.0,0.0,0.0,1.0,0.0,0.0,0.0,1.0,0.00021645391825586557,-0.0030459952540695676,-0.008726127445697784,1.2184696791468346e-07,0.0,0.0,0.0,1.2184696791468346e-07,0.0,0.0,0.0,1.2184696791468346e-07,-0.6149115562438965,-0.678628087043761,9.763303756713867,8.999999999999999e-08,0.0,0.0,0.0,8.999999999999999e-08,0.0,0.0,0.0,8.999999999999999e-08
1759811080285833664,172013,1759811080281483904,base_link,0.034305635116234516,-0.03964436127058568,0.08611165918545702,-0.9949051875440351,1.0,0.0,0.0,0.0,1.0,0.0,0.0,0.0,1.0,-0.002366339787840843,-0.0010255087399855254,0.0021167132072150707,1.2184696791468346e-07,0.0,0.0,0.0,1.2184696791468346e-07,0.0,0.0,0.0,1.2184696791468346e-07,-0.7109363675117493,-0.7199937701225269,9.78256607055664,8.999999999999999e-08,0.0,0.0,0.0,8.999999999999999e-08,0.0,0.0,0.0,8.999999999999999e-08
1759811080295739488,172014,1759811080286483904,base_link,0.03430895665009666,-0.039643305129831004,0.08610993116466813,-0.9949052296908836,1.0,0.0,0.0,0.0,1.0,0.0,0.0,0.0,1.0,-0.0008000375237315893,-0.001163496286608279,-0.0011814967729151247,1.2184696791468346e-07,0.0,0.0,0.0,1.2184696791468346e-07,0.0,0.0,0.0,1.2184696791468346e-07,-0.7911058068275452,-0.8391749262809741,9.746484756469727,8.999999999999999e-08,0.0,0.0,0.0,8.999999999999999e-08,0.0,0.0,0.0,8.999999999999999e-08
1759811080305057824,172015,1759811080297483904,base_link,0.03429666491685516,-0.03963225277735352,0.0861451237831747,-0.9949029959079124,1.0,0.0,0.0,0.0,1.0,0.0,0.0,0.0,1.0,0.0027927837800234556,-0.0018648557597771296,-0.006491994485259056,1.2184696791468346e-07,0.0,0.0,0.0,1.2184696791468346e-07,0.0,0.0,0.0,1.2184696791468346e-07,-0.6345363855361938,-0.6874536871910083,9.853513717651367,8.999999999999999e-08,0.0,0.0,0.0,8.999999999999999e-08,0.0,0.0,0.0,8.999999999999999e-08
1759811080308248128,172016,1759811080302483904,base_link,0.03430002942074644,-0.039628814516477345,0.0861350085395321,-0.9949040074322768,1.0,0.0,0.0,0.0,1.0,0.0,0.0,0.0,1.0,-0.00033920578425750136,-0.002693187445402145,0.002497102599591017,1.2184696791468346e-07,0.0,0.0,0.0,1.2184696791468346e-07,0.0,0.0,0.0,1.2184696791468346e-07,-0.6599451899528503,-0.7432213425636279,9.731917381286621,8.999999999999999e-08,0.0,0.0,0.0,8.999999999999999e-08,0.0,0.0,0.0,8.999999999999999e-08
1759811080314686848,172017,1759811080307483904,base_link,0.034299520365841774,-0.03962806970263882,0.08610019524266206,-0.9949070420053695,1.0,0.0,0.0,0.0,1.0,0.0,0.0,0.0,1.0,-0.001306506572291255,-0.0009160871850326646,0.009189345873892307,1.2184696791468346e-07,0.0,0.0,0.0,1.2184696791468346e-07,0.0,0.0,0.0,1.2184696791468346e-07,-0.7983405590057373,-0.7453451752662646,9.80905532836914,8.999999999999999e-08,0.0,0.0,0.0,8.999999999999999e-08,0.0,0.0,0.0,8.999999999999999e-08
1759811080316831424,172018,1759811080313483904,base_link,0.034309353587798845,-0.03962134481075943,0.08610285049411825,-0.99490674697743,1.0,0.0,0.0,0.0,1.0,0.0,0.0,0.0,1.0,-0.0024407776072621346,-0.0017637425335124129,0.004960757680237293,1.2184696791468346e-07,0.0,0.0,0.0,1.2184696791468346e-07,0.0,0.0,0.0,1.2184696791468346e-07,-0.7554914355278015,-0.791590631008147,9.737011909484863,8.999999999999999e-08,0.0,0.0,0.0,8.999999999999999e-08,0.0,0.0,0.0,8.999999999999999e-08
1759811080323149120,172019,1759811080318483904,base_link,0.034290357542193825,-0.039611475533490544,0.08609471615235567,-0.9949084749982189,1.0,0.0,0.0,0.0,1.0,0.0,0.0,0.0,1.0,0.0024373524356633425,-0.0031818402931094165,0.0026182779110968117,1.2184696791468346e-07,0.0,0.0,0.0,1.2184696791468346e-07,0.0,0.0,0.0,1.2184696791468346e-07,-0.7406473755836487,-0.6625213623046863,9.750709533691406,8.999999999999999e-08,0.0,0.0,0.0,8.999999999999999e-08,0.0,0.0,0.0,8.999999999999999e-08
1759811080332989536,172020,1759811080323483904,base_link,0.0342850406184725,-0.03962170256506339,0.08608384226543987,-0.9949092336414921,1.0,0.0,0.0,0.0,1.0,0.0,0.0,0.0,1.0,0.0021872015204280615,0.0017145999008789663,0.0032241358421742916,1.2184696791468346e-07,0.0,0.0,0.0,1.2184696791468346e-07,0.0,0.0,0.0,1.2184696791468346e-07,-0.691291868686676,-0.7482377886772144,9.810919761657715,8.999999999999999e-08,0.0,0.0,0.0,8.999999999999999e-08,0.0,0.0,0.0,8.999999999999999e-08
1759811080336968064,172021,1759811080329483904,base_link,0.034277498143586445,-0.03961927731027662,0.08608763548180581,-0.9949092336414921,1.0,0.0,0.0,0.0,1.0,0.0,0.0,0.0,1.0,0.0006931426469236612,0.00270334561355412,0.0010880921036005016,1.2184696791468346e-07,0.0,0.0,0.0,1.2184696791468346e-07,0.0,0.0,0.0,1.2184696791468346e-07,-0.7248164415359497,-0.7095643281936633,9.763623237609863,8.999999999999999e-08,0.0,0.0,0.0,8.999999999999999e-08,0.0,0.0,0.0,8.999999999999999e-08
1759811080341858784,172022,1759811080334483904,base_link,0.034282918458795525,-0.03963284941867776,0.0860929038378697,-0.9949080113828853,1.0,0.0,0.0,0.0,1.0,0.0,0.0,0.0,1.0,-0.0025726850144565105,0.002269255463033914,-0.002264149952679873,1.2184696791468346e-07,0.0,0.0,0.0,1.2184696791468346e-07,0.0,0.0,0.0,1.2184696791468346e-07,-0.6968085169792175,-0.7837817668914783,9.708827018737793,8.999999999999999e-08,0.0,0.0,0.0,8.999999999999999e-08,0.0,0.0,0.0,8.999999999999999e-08
1759811080354727232,172023,1759811080339483904,base_link,0.03429006317279876,-0.039619556533148,0.08609121796392925,-0.9949084328513704,1.0,0.0,0.0,0.0,1.0,0.0,0.0,0.0,1.0,-0.0028343377634882927,-0.0034489622339606285,0.0010311414953321223,1.2184696791468346e-07,0.0,0.0,0.0,1.2184696791468346e-07,0.0,0.0,0.0,1.2184696791468346e-07,-0.7929489016532898,-0.7264454364776599,9.841328620910645,8.999999999999999e-08,0.0,0.0,0.0,8.999999999999999e-08,0.0,0.0,0.0,8.999999999999999e-08
1759811080354736704,172024,1759811080345483904,base_link,0.034304667055807786,-0.039613576949015517,0.08608274644737858,-0.994908896466704,1.0,0.0,0.0,0.0,1.0,0.0,0.0,0.0,1.0,0.0004889540141448379,-0.0012639487395063043,7.28676095604898e-05,1.2184696791468346e-07,0.0,0.0,0.0,1.2184696791468346e-07,0.0,0.0,0.0,1.2184696791468346e-07,-0.6968888640403748,-0.8197970390319812,9.793243408203125,8.999999999999999e-08,0.0,0.0,0.0,8.999999999999999e-08,0.0,0.0,0.0,8.999999999999999e-08
1759811080362069184,172025,1759811080355482112,base_link,0.034286961263530036,-0.03961577270104126,0.08608666610429005,-0.9949091072009466,1.0,0.0,0.0,0.0,1.0,0.0,0.0,0.0,1.0,0.0006776622030884027,-0.0005344669334590434,0.0009862796869128942,1.2184696791468346e-07,0.0,0.0,0.0,1.2184696791468346e-07,0.0,0.0,0.0,1.2184696791468346e-07,-0.7317807078361511,-0.7651716470718372,9.829960823059082,8.999999999999999e-08,0.0,0.0,0.0,8.999999999999999e-08,0.0,0.0,0.0,8.999999999999999e-08
1759811080373348320,172026,1759811080366482112,base_link,0.03428689936034628,-0.03960024553863205,0.08607334770016066,-0.9949108773685841,1.0,0.0,0.0,0.0,1.0,0.0,0.0,0.0,1.0,-1.0575633496046066e-05,-0.0031180996447801586,0.003157943487167359,1.2184696791468346e-07,0.0,0.0,0.0,1.2184696791468346e-07,0.0,0.0,0.0,1.2184696791468346e-07,-0.736998438835144,-0.7610988020896899,9.711894989013672,8.999999999999999e-08,0.0,0.0,0.0,8.999999999999999e-08,0.0,0.0,0.0,8.999999999999999e-08
1759811080377346592,172027,1759811080371482112,base_link,0.034268544078547535,-0.03959256460476318,0.0860866239574416,-0.9949106666343415,1.0,0.0,0.0,0.0,1.0,0.0,0.0,0.0,1.0,0.002223201794549823,-0.003465696703642607,-0.0034230421297252174,1.2184696791468346e-07,0.0,0.0,0.0,1.2184696791468346e-07,0.0,0.0,0.0,1.2184696791468346e-07,-0.8047627210617065,-0.7466056346893298,9.838776588439941,8.999999999999999e-08,0.0,0.0,0.0,8.999999999999999e-08,0.0,0.0,0.0,8.999999999999999e-08
1759811080385923104,172028,1759811080376482112,base_link,0.034287318523925615,-0.03958672924187795,0.08611052122054727,-0.9949081799702794,1.0,0.0,0.0,0.0,1.0,0.0,0.0,0.0,1.0,2.611952368170023e-05,-0.0025201030075550092,-0.009715949185192585,1.2184696791468346e-07,0.0,0.0,0.0,1.2184696791468346e-07,0.0,0.0,0.0,1.2184696791468346e-07,-0.6985251903533936,-0.7435973286628711,9.752096176147461,8.999999999999999e-08,0.0,0.0,0.0,8.999999999999999e-08,0.0,0.0,0.0,8.999999999999999e-08
1759811080391774624,172029,1759811080382482112,base_link,0.0342881112468771,-0.03958769088149573,0.08611865556230985,-0.9949073791801576,1.0,0.0,0.0,0.0,1.0,0.0,0.0,0.0,1.0,-0.0011315757874399424,-9.95192676782614e-05,-0.004921867977827787,1.2184696791468346e-07,0.0,0.0,0.0,1.2184696791468346e-07,0.0,0.0,0.0,1.2184696791468346e-07,-0.7068109512329102,-0.6423109769821155,9.785414695739746,8.999999999999999e-08,0.0,0.0,0.0,8.999999999999999e-08,0.0,0.0,0.0,8.999999999999999e-08
1759811080395207648,172030,1759811080387482112,base_link,0.03429647838412327,-0.0395934587435689,0.0861200042614622,-0.9949067891242784,1.0,0.0,0.0,0.0,1.0,0.0,0.0,0.0,1.0,0.000935182673856616,0.00209583411924541,0.0010973846074193714,1.2184696791468346e-07,0.0,0.0,0.0,1.2184696791468346e-07,0.0,0.0,0.0,1.2184696791468346e-07,-0.6582409143447876,-0.7385377883911121,9.82441520690918,8.999999999999999e-08,0.0,0.0,0.0,8.999999999999999e-08,0.0,0.0,0.0,8.999999999999999e-08
1759811080401988992,172031,1759811080397482112,base_link,0.03425959182450602,-0.039604435528064086,0.08612312312825202,-0.9949072948864607,1.0,0.0,0.0,0.0,1.0,0.0,0.0,0.0,1.0,0.005620384588837624,0.003686178009957075,0.0006227064877748485,1.2184696791468346e-07,0.0,0.0,0.0,1.2184696791468346e-07,0.0,0.0,0.0,1.2184696791468346e-07,-0.7410339117050171,-0.8169397115707385,9.777351379394531,8.999999999999999e-08,0.0,0.0,0.0,8.999999999999999e-08,0.0,0.0,0.0,8.999999999999999e-08
1759811080407144512,172032,1759811080403482112,base_link,0.03424867661392233,-0.039597064274750106,0.08613243758177291,-0.9949072527396121,1.0,0.0,0.0,0.0,1.0,0.0,0.0,0.0,1.0,0.006196225993335247,0.0008572458173148331,-0.0028073806315660477,1.2184696791468346e-07,0.0,0.0,0.0,1.2184696791468346e-07,0.0,0.0,0.0,1.2184696791468346e-07,-0.6791245937347412,-0.659879684448241,9.801338195800781,8.999999999999999e-08,0.0,0.0,0.0,8.999999999999999e-08,0.0,0.0,0.0,8.999999999999999e-08
1759811080414848352,172033,1759811080408482112,base_link,0.03426508688451675,-0.039601158445956235,0.08611958279297709,-0.9949075477675516,1.0,0.0,0.0,0.0,1.0,0.0,0.0,0.0,1.0,-0.001177619444206357,-0.0006467156345024702,0.0022749630734324455,1.2184696791468346e-07,0.0,0.0,0.0,1.2184696791468346e-07,0.0,0.0,0.0,1.2184696791468346e-07,-0.678483784198761,-0.5748960375785815,9.777908325195312,8.999999999999999e-08,0.0,0.0,0.0,8.999999999999999e-08,0.0,0.0,0.0,8.999999999999999e-08
1759811080419946144,172034,1759811080413482112,base_link,0.0342501840223011,-0.039603285544717017,0.08609197660720244,-0.9949103716064019,1.0,0.0,0.0,0.0,1.0,0.0,0.0,0.0,1.0,-0.0003487205831333995,0.0018136152066290387,0.006531998515129089,1.2184696791468346e-07,0.0,0.0,0.0,1.2184696791468346e-07,0.0,0.0,0.0,1.2184696791468346e-07,-0.6786255836486816,-0.7450616359710681,9.78958511352539,8.999999999999999e-08,0.0,0.0,0.0,8.999999999999999e-08,0.0,0.0,0.0,8.999999999999999e-08
1759811080432836512,172035,1759811080424482112,base_link,0.03425379268156872,-0.039597369345493426,0.08613176323219673,-0.9949070841522181,1.0,0.0,0.0,0.0,1.0,0.0,0.0,0.0,1.0,0.0009846522007137537,-0.0004836719017475853,-0.00801505334675312,1.2184696791468346e-07,0.0,0.0,0.0,1.2184696791468346e-07,0.0,0.0,0.0,1.2184696791468346e-07,-0.7553454041481018,-0.8156448602676379,9.74489974975586,8.999999999999999e-08,0.0,0.0,0.0,8.999999999999999e-08,0.0,0.0,0.0,8.999999999999999e-08
1759811080434943008,172036,1759811080429482112,base_link,0.034269629030624436,-0.03960317013479199,0.08614449158044703,-0.9949052296908836,1.0,0.0,0.0,0.0,1.0,0.0,0.0,0.0,1.0,-0.001674302271567285,-0.0003645716933533558,-0.006893274374306202,1.2184696791468346e-07,0.0,0.0,0.0,1.2184696791468346e-07,0.0,0.0,0.0,1.2184696791468346e-07,-0.6739295125007629,-0.6327707171440112,9.862879753112793,8.999999999999999e-08,0.0,0.0,0.0,8.999999999999999e-08,0.0,0.0,0.0,8.999999999999999e-08
1759811080442143744,172037,1759811080434482112,base_link,0.03425574526603489,-0.0395967812652478,0.08612691634461801,-0.9949074634738546,1.0,0.0,0.0,0.0,1.0,0.0,0.0,0.0,1.0,-0.0029495947528630495,-0.0025851130485534664,0.004488824401050806,1.2184696791468346e-07,0.0,0.0,0.0,1.2184696791468346e-07,0.0,0.0,0.0,1.2184696791468346e-07,-0.6679616570472717,-0.6896989345550525,9.7854585647583,8.999999999999999e-08,0.0,0.0,0.0,8.999999999999999e-08,0.0,0.0,0.0,8.999999999999999e-08
1759811080449192192,172038,1759811080440482112,base_link,0.034256620471686,-0.03959012140463857,0.08611313432515495,-0.9949088543198555,1.0,0.0,0.0,0.0,1.0,0.0,0.0,0.0,1.0,0.002544224727898836,-0.001413547084666788,0.004694170784205198,1.2184696791468346e-07,0.0,0.0,0.0,1.2184696791468346e-07,0.0,0.0,0.0,1.2184696791468346e-07,-0.7641204595565796,-0.7252802848815906,9.78262996673584,8.999999999999999e-08,0.0,0.0,0.0,8.999999999999999e-08,0.0,0.0,0.0,8.999999999999999e-08
1759811080452108512,172039,1759811080445482112,base_link,0.03425925662535145,-0.039610481625191866,0.08612771713473967,-0.99490674697743,1.0,0.0,0.0,0.0,1.0,0.0,0.0,0.0,1.0,-0.0010500329080969095,0.004564428701996803,-0.0025952518917620186,1.2184696791468346e-07,0.0,0.0,0.0,1.2184696791468346e-07,0.0,0.0,0.0,1.2184696791468346e-07,-0.7600575685501099,-0.827539265155791,9.725773811340332,8.999999999999999e-08,0.0,0.0,0.0,8.999999999999999e-08,0.0,0.0,0.0,8.999999999999999e-08
1759811080460253280,172040,1759811080456482112,base_link,0.03425216904008429,-0.03961945001357384,0.08614440728675,-0.9949052296908836,1.0,0.0,0.0,0.0,1.0,0.0,0.0,0.0,1.0,0.0033092473167926073,0.0020945104770362373,-0.003572521265596152,1.2184696791468346e-07,0.0,0.0,0.0,1.2184696791468346e-07,0.0,0.0,0.0,1.2184696791468346e-07,-0.6810793280601501,-0.7549468874931323,9.72662353515625,8.999999999999999e-08,0.0,0.0,0.0,8.999999999999999e-08,0.0,0.0,0.0,8.999999999999999e-08
1759811080474226624,172041,1759811080461480832,base_link,0.03425080502977213,-0.03958790787191112,0.08611671680727834,-0.994908896466704,1.0,0.0,0.0,0.0,1.0,0.0,0.0,0.0,1.0,0.0017797090113162994,-0.005299291107803582,0.004128005355596543,1.2184696791468346e-07,0.0,0.0,0.0,1.2184696791468346e-07,0.0,0.0,0.0,1.2184696791468346e-07,-0.78219074010849,-0.6529636979103076,9.811030387878418,8.999999999999999e-08,0.0,0.0,0.0,8.999999999999999e-08,0.0,0.0,0.0,8.999999999999999e-08
1759811080474234432,172042,1759811080466480832,base_link,0.03427834569036822,-0.03961924109032868,0.08613964469286825,-0.994904681781853,1.0,0.0,0.0,0.0,1.0,0.0,0.0,0.0,1.0,-0.0055474936962127686,-0.00014929962344467675,-0.0028135166503489017,1.2184696791468346e-07,0.0,0.0,0.0,1.2184696791468346e-07,0.0,0.0,0.0,1.2184696791468346e-07,-0.7097262144088745,-0.9601066112518298,9.722267150878906,8.999999999999999e-08,0.0,0.0,0.0,8.999999999999999e-08,0.0,0.0,0.0,8.999999999999999e-08
1759811080481948064,172043,1759811080477480832,base_link,0.03428136379984831,-0.03961899413613818,0.08616868387149228,-0.9949021108240937,1.0,0.0,0.0,0.0,1.0,0.0,0.0,0.0,1.0,-0.000275906000752002,0.0015297234058380118,-0.007344122510403395,1.2184696791468346e-07,0.0,0.0,0.0,1.2184696791468346e-07,0.0,0.0,0.0,1.2184696791468346e-07,-0.5811415314674377,-0.8927803039550769,9.675689697265625,8.999999999999999e-08,0.0,0.0,0.0,8.999999999999999e-08,0.0,0.0,0.0,8.999999999999999e-08
1759811080491877280,172044,1759811080482480832,base_link,0.03426223160016627,-0.03957176612283982,0.08613028809249884,-0.9949079692360367,1.0,0.0,0.0,0.0,1.0,0.0,0.0,0.0,1.0,0.007025157101452351,-0.00624778214842081,0.005757755134254695,1.2184696791468346e-07,0.0,0.0,0.0,1.2184696791468346e-07,0.0,0.0,0.0,1.2184696791468346e-07,-0.8107961416244507,-0.41119050979614136,9.927584648132324,8.999999999999999e-08,0.0,0.0,0.0,8.999999999999999e-08,0.0,0.0,0.0,8.999999999999999e-08
1759811080494803488,172045,1759811080487480832,base_link,0.03430150521898883,-0.0396142995369769,0.08614634604178152,-0.9949035438169431,1.0,0.0,0.0,0.0,1.0,0.0,0.0,0.0,1.0,-0.001195899909362197,0.002421482931822539,0.0022622998803853984,1.2184696791468346e-07,0.0,0.0,0.0,1.2184696791468346e-07,0.0,0.0,0.0,1.2184696791468346e-07,-0.5767313838005066,-1.0665462017059315,9.70380973815918,8.999999999999999e-08,0.0,0.0,0.0,8.999999999999999e-08,0.0,0.0,0.0,8.999999999999999e-08
1759811080501234048,172046,1759811080498480832,base_link,0.03427251971174223,-0.0396100627908848,0.08614145700735423,-0.9949050611034895,1.0,0.0,0.0,0.0,1.0,0.0,0.0,0.0,1.0,0.0010435075964778662,0.001222032937221229,0.0005023991689085959,1.2184696791468346e-07,0.0,0.0,0.0,1.2184696791468346e-07,0.0,0.0,0.0,1.2184696791468346e-07,-0.8815258741378784,-0.5280693173408496,9.911060333251953,8.999999999999999e-08,0.0,0.0,0.0,8.999999999999999e-08,0.0,0.0,0.0,8.999999999999999e-08
1759811080509138144,172047,1759811080503480832,base_link,0.03424563265657031,-0.0395883334562994,0.08612265951291839,-0.9949085171450673,1.0,0.0,0.0,0.0,1.0,0.0,0.0,0.0,1.0,0.001722227782011032,0.00035612587817013253,-0.0009597452590242028,1.2184696791468346e-07,0.0,0.0,0.0,1.2184696791468346e-07,0.0,0.0,0.0,1.2184696791468346e-07,-0.7755078077316284,-0.5048456788063037,9.935965538024902,8.999999999999999e-08,0.0,0.0,0.0,8.999999999999999e-08,0.0,0.0,0.0,8.999999999999999e-08
1759811080517757088,172048,1759811080508480832,base_link,0.03425241681745542,-0.0396187807677176,0.0861443651399015,-0.994905187544035,1.0,0.0,0.0,0.0,1.0,0.0,0.0,0.0,1.0,-0.0017960903933271766,0.004491797182708978,-0.0035818284377455716,1.2184696791468346e-07,0.0,0.0,0.0,1.2184696791468346e-07,0.0,0.0,0.0,1.2184696791468346e-07,-0.6126326322555542,-0.8926241993904102,9.690662384033203,8.999999999999999e-08,0.0,0.0,0.0,8.999999999999999e-08,0.0,0.0,0.0,8.999999999999999e-08
1759811080521524576,172049,1759811080514480832,base_link,0.03422291155395589,-0.03960434794164452,0.0861227016597669,-0.9949086435856129,1.0,0.0,0.0,0.0,1.0,0.0,0.0,0.0,1.0,0.008894511498510838,-0.002381522674113512,0.0010579309891909363,1.2184696791468346e-07,0.0,0.0,0.0,1.2184696791468346e-07,0.0,0.0,0.0,1.2184696791468346e-07,-0.8378685116767883,-0.6170995235443103,9.841171264648438,8.999999999999999e-08,0.0,0.0,0.0,8.999999999999999e-08,0.0,0.0,0.0,8.999999999999999e-08
1759811080532509632,172050,1759811080524480832,base_link,0.03420096243014095,-0.03958192697068961,0.08617441584288976,-0.9949058197467627,1.0,0.0,0.0,0.0,1.0,0.0,0.0,0.0,1.0,0.008996601216495037,-0.00412690406665206,-0.007922736927866936,1.2184696791468346e-07,0.0,0.0,0.0,1.2184696791468346e-07,0.0,0.0,0.0,1.2184696791468346e-07,-0.7337068915367126,-0.6522117853164661,9.717880249023438,8.999999999999999e-08,0.0,0.0,0.0,8.999999999999999e-08,0.0,0.0,0.0,8.999999999999999e-08
1759811080536110240,172051,1759811080530480832,base_link,0.03424695649566748,-0.039603183470318284,0.08619173819762777,-0.9949019000898512,1.0,0.0,0.0,0.0,1.0,0.0,0.0,0.0,1.0,0.00022202322725206614,0.00024830969050526565,-0.004377937410026789,1.2184696791468346e-07,0.0,0.0,0.0,1.2184696791468346e-07,0.0,0.0,0.0,1.2184696791468346e-07,-0.714377224445343,-0.6594032645225513,9.798615455627441,8.999999999999999e-08,0.0,0.0,0.0,8.999999999999999e-08,0.0,0.0,0.0,8.999999999999999e-08
1759811080543399648,172052,1759811080535480832,base_link,0.03420044514342993,-0.03957762371160221,0.08615456467724115,-0.9949077163549457,1.0,0.0,0.0,0.0,1.0,0.0,0.0,0.0,1.0,0.0016049868427217007,-0.0018355705542489878,0.006880649831146002,1.2184696791468346e-07,0.0,0.0,0.0,1.2184696791468346e-07,0.0,0.0,0.0,1.2184696791468346e-07,-0.633556067943573,-0.6970151066780078,9.946096420288086,8.999999999999999e-08,0.0,0.0,0.0,8.999999999999999e-08,0.0,0.0,0.0,8.999999999999999e-08
1759811080549377728,172053,1759811080540480832,base_link,0.034230772599747675,-0.03960490046048672,0.0861691896336744,-0.9949043024602163,1.0,0.0,0.0,0.0,1.0,0.0,0.0,0.0,1.0,0.0056802211329340935,0.0038516544736921787,0.00022131390869617416,1.2184696791468346e-07,0.0,0.0,0.0,1.2184696791468346e-07,0.0,0.0,0.0,1.2184696791468346e-07,-0.8355512619018555,-0.7562022805213916,9.65228271484375,8.999999999999999e-08,0.0,0.0,0.0,8.999999999999999e-08,0.0,0.0,0.0,8.999999999999999e-08
1759811080554413184,172054,1759811080551480832,base_link,0.034216106484282645,-0.03960132752725866,0.08619881886817757,-0.9949024058520334,1.0,0.0,0.0,0.0,1.0,0.0,0.0,0.0,1.0,-0.00047404092038050294,0.0005214723059907548,-0.006634373217821121,1.2184696791468346e-07,0.0,0.0,0.0,1.2184696791468346e-07,0.0,0.0,0.0,1.2184696791468346e-07,-0.6853571534156799,-0.7896785736083972,9.946013450622559,8.999999999999999e-08,0.0,0.0,0.0,8.999999999999999e-08,0.0,0.0,0.0,8.999999999999999e-08
1759811080561266464,172055,1759811080556480832,base_link,0.034173823152422476,-0.039578198950229924,0.08617129697609995,-0.9949071684459151,1.0,0.0,0.0,0.0,1.0,0.0,0.0,0.0,1.0,0.004160079173743725,-0.0026702904142439365,0.00074401218444109,1.2184696791468346e-07,0.0,0.0,0.0,1.2184696791468346e-07,0.0,0.0,0.0,1.2184696791468346e-07,-0.683795154094696,-0.6285977959632861,9.779276847839355,8.999999999999999e-08,0.0,0.0,0.0,8.999999999999999e-08,0.0,0.0,0.0,8.999999999999999e-08
1759811080569713600,172056,1759811080561479296,base_link,0.03421416097916994,-0.03959458551322206,0.08618554261089664,-0.9949038809917312,1.0,0.0,0.0,0.0,1.0,0.0,0.0,0.0,1.0,-0.00654524564743042,-0.0009012265363708138,-0.000129530788399279,1.2184696791468346e-07,0.0,0.0,0.0,1.2184696791468346e-07,0.0,0.0,0.0,1.2184696791468346e-07,-0.6815487742424011,-0.7558612227439868,9.829870223999023,8.999999999999999e-08,0.0,0.0,0.0,8.999999999999999e-08,0.0,0.0,0.0,8.999999999999999e-08
1759811080573602560,172057,1759811080567479296,base_link,0.03418310039817868,-0.03955960198259675,0.08614963349596536,-0.9949094443757347,1.0,0.0,0.0,0.0,1.0,0.0,0.0,0.0,1.0,0.0026580847334116697,-0.002486844547092914,0.004371711518615484,1.2184696791468346e-07,0.0,0.0,0.0,1.2184696791468346e-07,0.0,0.0,0.0,1.2184696791468346e-07,-0.8478772640228271,-0.6999349594116199,9.696764945983887,8.999999999999999e-08,0.0,0.0,0.0,8.999999999999999e-08,0.0,0.0,0.0,8.999999999999999e-08
1759811080580478048,172058,1759811080572479296,base_link,0.03422772814848727,-0.03958769335103764,0.08618824000920135,-0.9949034595232461,1.0,0.0,0.0,0.0,1.0,0.0,0.0,0.0,1.0,-0.001429701573215425,-0.002803626004606486,-0.005159332416951656,1.2184696791468346e-07,0.0,0.0,0.0,1.2184696791468346e-07,0.0,0.0,0.0,1.2184696791468346e-07,-0.6783135533332825,-0.9299513101577747,9.841133117675781,8.999999999999999e-08,0.0,0.0,0.0,8.999999999999999e-08,0.0,0.0,0.0,8.999999999999999e-08
1759811080584944192,172059,1759811080577479296,base_link,0.03418309941036192,-0.0395576800204502,0.0861846575270779,-0.9949065362431874,1.0,0.0,0.0,0.0,1.0,0.0,0.0,0.0,1.0,-0.0020494218915700912,0.003452594392001629,0.00037920521572232203,1.2184696791468346e-07,0.0,0.0,0.0,1.2184696791468346e-07,0.0,0.0,0.0,1.2184696791468346e-07,-0.6764369606971741,-0.610665977001189,9.750364303588867,8.999999999999999e-08,0.0,0.0,0.0,8.999999999999999e-08,0.0,0.0,0.0,8.999999999999999e-08
1759811080594075776,172060,1759811080588479296,base_link,0.03418500589671253,-0.03956604682842412,0.08615136151675432,-0.994908980760401,1.0,0.0,0.0,0.0,1.0,0.0,0.0,0.0,1.0,0.0041728029027581215,-0.0024743154644966117,0.007343487348407507,1.2184696791468346e-07,0.0,0.0,0.0,1.2184696791468346e-07,0.0,0.0,0.0,1.2184696791468346e-07,-0.7123404741287231,-0.6217295527458179,9.839969635009766,8.999999999999999e-08,0.0,0.0,0.0,8.999999999999999e-08,0.0,0.0,0.0,8.999999999999999e-08
1759811080600990688,172061,1759811080593479296,base_link,0.03424644546512928,-0.03958283707919965,0.08616864172464375,-0.9949046817818529,1.0,0.0,0.0,0.0,1.0,0.0,0.0,0.0,1.0,0.004747854080051184,-0.0002686644438654187,-0.002091037342324853,1.2184696791468346e-07,0.0,0.0,0.0,1.2184696791468346e-07,0.0,0.0,0.0,1.2184696791468346e-07,-0.781146764755249,-0.768203794956206,9.781306266784668,8.999999999999999e-08,0.0,0.0,0.0,8.999999999999999e-08,0.0,0.0,0.0,8.999999999999999e-08
1759811080606256704,172062,1759811080598479296,base_link,0.0341773129444064,-0.03958065713224209,0.0861753009267085,-0.9949066205368844,1.0,0.0,0.0,0.0,1.0,0.0,0.0,0.0,1.0,-0.004610258620232344,0.002143547870218753,-0.0076091536320745945,1.2184696791468346e-07,0.0,0.0,0.0,1.2184696791468346e-07,0.0,0.0,0.0,1.2184696791468346e-07,-0.7414205074310303,-0.7213762402534473,9.766870498657227,8.999999999999999e-08,0.0,0.0,0.0,8.999999999999999e-08,0.0,0.0,0.0,8.999999999999999e-08
1759811080614270880,172063,1759811080609479296,base_link,0.034182184856676456,-0.039579667998391105,0.0861776190033766,-0.9949063255089449,1.0,0.0,0.0,0.0,1.0,0.0,0.0,0.0,1.0,0.006424387916922569,-0.00020007195416837898,0.0027201701886951923,1.2184696791468346e-07,0.0,0.0,0.0,1.2184696791468346e-07,0.0,0.0,0.0,1.2184696791468346e-07,-0.6153824329376221,-0.7759370207786548,9.75888729095459,8.999999999999999e-08,0.0,0.0,0.0,8.999999999999999e-08,0.0,0.0,0.0,8.999999999999999e-08
1759811080619219648,172064,1759811080615479296,base_link,0.03421332759109509,-0.039580667504318094,0.08618883006508049,-0.9949042181665193,1.0,0.0,0.0,0.0,1.0,0.0,0.0,0.0,1.0,7.798860315233469e-05,0.0011088114697486162,0.00017050560563802706,1.2184696791468346e-07,0.0,0.0,0.0,1.2184696791468346e-07,0.0,0.0,0.0,1.2184696791468346e-07,-0.9527918696403503,-0.6051710247993457,9.74639892578125,8.999999999999999e-08,0.0,0.0,0.0,8.999999999999999e-08,0.0,0.0,0.0,8.999999999999999e-08
1759811080630588160,172065,1759811080620479296,base_link,0.03418215127090655,-0.039587135234567125,0.08617340431852549,-0.9949063255089449,1.0,0.0,0.0,0.0,1.0,0.0,0.0,0.0,1.0,-0.00014578166883438826,-0.0027776453644037242,0.0034333486109972004,1.2184696791468346e-07,0.0,0.0,0.0,1.2184696791468346e-07,0.0,0.0,0.0,1.2184696791468346e-07,-0.5896526575088501,-0.846595227718352,9.928077697753906,8.999999999999999e-08,0.0,0.0,0.0,8.999999999999999e-08,0.0,0.0,0.0,8.999999999999999e-08
1759811080630599840,172066,1759811080625479296,base_link,0.034207982020687665,-0.039588836913575745,0.08619447774278093,-0.9949035438169431,1.0,0.0,0.0,0.0,1.0,0.0,0.0,0.0,1.0,-0.004123518709093332,-0.001628939178772271,-0.0015122198965400455,1.2184696791468346e-07,0.0,0.0,0.0,1.2184696791468346e-07,0.0,0.0,0.0,1.2184696791468346e-07,-0.8811236023902893,-0.6893333792686451,9.413787841796875,8.999999999999999e-08,0.0,0.0,0.0,8.999999999999999e-08,0.0,0.0,0.0,8.999999999999999e-08
1759811080637824544,172067,1759811080630479296,base_link,0.03415407010990553,-0.03959652953660962,0.08617218205991867,-0.9949070420053695,1.0,0.0,0.0,0.0,1.0,0.0,0.0,0.0,1.0,0.0033849040046334267,-0.0025437558069825172,0.0012203187216073277,1.2184696791468346e-07,0.0,0.0,0.0,1.2184696791468346e-07,0.0,0.0,0.0,1.2184696791468346e-07,-0.4214094281196594,-0.8647225499153125,10.134146690368652,8.999999999999999e-08,0.0,0.0,0.0,8.999999999999999e-08,0.0,0.0,0.0,8.999999999999999e-08
1759811080644951392,172068,1759811080636479296,base_link,0.034202416002506196,-0.039608190219576345,0.08620598383242445,-0.9949020686772453,1.0,0.0,0.0,0.0,1.0,0.0,0.0,0.0,1.0,-0.00023330311523750424,0.00773960817605257,-0.002569876844063402,1.2184696791468346e-07,0.0,0.0,0.0,1.2184696791468346e-07,0.0,0.0,0.0,1.2184696791468346e-07,-1.0177987813949585,-0.4594177901744831,9.50363826751709,8.999999999999999e-08,0.0,0.0,0.0,8.999999999999999e-08,0.0,0.0,0.0,8.999999999999999e-08
1759811080649913408,172069,1759811080645479296,base_link,0.034142641563877876,-0.039593243564150914,0.08614680965711512,-0.9949097394036742,1.0,0.0,0.0,0.0,1.0,0.0,0.0,0.0,1.0,-0.0015895123360678554,-0.004048536997288465,0.006052409764379264,1.2184696791468346e-07,0.0,0.0,0.0,1.2184696791468346e-07,0.0,0.0,0.0,1.2184696791468346e-07,-0.44214415550231934,-0.901293873786925,10.096224784851074,8.999999999999999e-08,0.0,0.0,0.0,8.999999999999999e-08,0.0,0.0,0.0,8.999999999999999e-08
1759811080651989280,172070,1759811080646479296,base_link,0.03418361554462005,-0.03963302821351168,0.0861895465615052,-0.9949030802016096,1.0,0.0,0.0,0.0,1.0,0.0,0.0,0.0,1.0,0.0018837584648281336,0.013508616015315056,-0.003554786322638394,1.2184696791468346e-07,0.0,0.0,0.0,1.2184696791468346e-07,0.0,0.0,0.0,1.2184696791468346e-07,-1.0954740047454834,-0.8039250969886769,9.324422836303711,8.999999999999999e-08,0.0,0.0,0.0,8.999999999999999e-08,0.0,0.0,0.0,8.999999999999999e-08
1759811080659977440,172071,1759811080657479296,base_link,0.034183840108297274,-0.03965651125212183,0.08623127194153093,-0.9948985283419703,1.0,0.0,0.0,0.0,1.0,0.0,0.0,0.0,1.0,-0.006379515398293734,0.0024556694552302343,-0.012448737397789955,1.2184696791468346e-07,0.0,0.0,0.0,1.2184696791468346e-07,0.0,0.0,0.0,1.2184696791468346e-07,-0.3716784119606018,-0.8893414735794055,10.265185356140137,8.999999999999999e-08,0.0,0.0,0.0,8.999999999999999e-08,0.0,0.0,0.0,8.999999999999999e-08
1759811080668270688,172072,1759811080662478528,base_link,0.03409799767922884,-0.0396314811278263,0.08614638818863,-0.9949098236973712,1.0,0.0,0.0,0.0,1.0,0.0,0.0,0.0,1.0,0.007950780913233757,-0.002511607017368077,0.01222088374197483,1.2184696791468346e-07,0.0,0.0,0.0,1.2184696791468346e-07,0.0,0.0,0.0,1.2184696791468346e-07,-0.38994699716567993,-0.7758352756500232,10.262602806091309,8.999999999999999e-08,0.0,0.0,0.0,8.999999999999999e-08,0.0,0.0,0.0,8.999999999999999e-08
1759811080675587072,172073,1759811080667478528,base_link,0.03415530422231349,-0.03969571029077887,0.08619102170120309,-0.9949014364745176,1.0,0.0,0.0,0.0,1.0,0.0,0.0,0.0,1.0,-0.0009018796845339239,0.01437816396355629,-0.0002643122570589202,1.2184696791468346e-07,0.0,0.0,0.0,1.2184696791468346e-07,0.0,0.0,0.0,1.2184696791468346e-07,-1.1141222715377808,-0.8165280818939198,9.390054702758789,8.999999999999999e-08,0.0,0.0,0.0,8.999999999999999e-08,0.0,0.0,0.0,8.999999999999999e-08
1759811080682981440,172074,1759811080672478528,base_link,0.03407232498012964,-0.039648007960798634,0.08615793642512198,-0.994909065054098,1.0,0.0,0.0,0.0,1.0,0.0,0.0,0.0,1.0,0.0038008566480129957,-0.00146652339026332,-0.008350936695933342,1.2184696791468346e-07,0.0,0.0,0.0,1.2184696791468346e-07,0.0,0.0,0.0,1.2184696791468346e-07,-0.5107173919677734,-0.9549043178558337,10.175898551940918,8.999999999999999e-08,0.0,0.0,0.0,8.999999999999999e-08,0.0,0.0,0.0,8.999999999999999e-08
1759811080692183264,172075,1759811080683478528,base_link,0.0340622120413928,-0.0396545594908363,0.0861621932568216,-0.9949087700261585,1.0,0.0,0.0,0.0,1.0,0.0,0.0,0.0,1.0,0.0065571218729019165,-0.002320482861250638,0.00873043667525053,1.2184696791468346e-07,0.0,0.0,0.0,1.2184696791468346e-07,0.0,0.0,0.0,1.2184696791468346e-07,-0.3471332788467407,-0.6047300100326526,10.13336181640625,8.999999999999999e-08,0.0,0.0,0.0,8.999999999999999e-08,0.0,0.0,0.0,8.999999999999999e-08
1759811080695941472,172076,1759811080688478528,base_link,0.03413360748568124,-0.03975247320537218,0.08618684916320049,-0.9949002985096078,1.0,0.0,0.0,0.0,1.0,0.0,0.0,0.0,1.0,0.0043447595089674,0.0051010260358452806,0.005773695185780524,1.2184696791468346e-07,0.0,0.0,0.0,1.2184696791468346e-07,0.0,0.0,0.0,1.2184696791468346e-07,-1.0217275619506836,-0.6858492493629443,9.523856163024902,8.999999999999999e-08,0.0,0.0,0.0,8.999999999999999e-08,0.0,0.0,0.0,8.999999999999999e-08
1759811080702076288,172077,1759811080694478528,base_link,0.034047838978233824,-0.0396881725903405,0.08616198252257905,-0.9949079692360367,1.0,0.0,0.0,0.0,1.0,0.0,0.0,0.0,1.0,-0.0009889265056699514,0.010113732889294623,-0.009090371429920198,1.2184696791468346e-07,0.0,0.0,0.0,1.2184696791468346e-07,0.0,0.0,0.0,1.2184696791468346e-07,-0.6043927669525146,-1.0810170173645008,9.914040565490723,8.999999999999999e-08,0.0,0.0,0.0,8.999999999999999e-08,0.0,0.0,0.0,8.999999999999999e-08
1759811080709126592,172078,1759811080704478528,base_link,0.03402764504016879,-0.03970106458690102,0.0862136124120049,-0.9949035438169431,1.0,0.0,0.0,0.0,1.0,0.0,0.0,0.0,1.0,0.012876531109213829,-0.006890663411468268,-0.004878726322203874,1.2184696791468346e-07,0.0,0.0,0.0,1.2184696791468346e-07,0.0,0.0,0.0,1.2184696791468346e-07,-0.36974161863327026,-0.7550818920135486,9.68469524383545,8.999999999999999e-08,0.0,0.0,0.0,8.999999999999999e-08,0.0,0.0,0.0,8.999999999999999e-08
1759811080718866624,172079,1759811080715478528,base_link,0.03401805729067707,-0.039720894020580884,0.0861400661613534,-0.9949095708162802,1.0,0.0,0.0,0.0,1.0,0.0,0.0,0.0,1.0,0.010373515076935291,-0.006908131297677753,0.019820883870124817,1.2184696791468346e-07,0.0,0.0,0.0,1.2184696791468346e-07,0.0,0.0,0.0,1.2184696791468346e-07,-0.8418669700622559,-0.277931749820708,9.919662475585938,8.999999999999999e-08,0.0,0.0,0.0,8.999999999999999e-08,0.0,0.0,0.0,8.999999999999999e-08
1759811080727691520,172080,1759811080720478528,base_link,0.03409022323203985,-0.039773282553279936,0.0861594537116684,-0.9949032487890035,1.0,0.0,0.0,0.0,1.0,0.0,0.0,0.0,1.0,0.006860545836389065,-0.00493513373658061,0.0034338058903813366,1.2184696791468346e-07,0.0,0.0,0.0,1.2184696791468346e-07,0.0,0.0,0.0,1.2184696791468346e-07,-1.045855164527893,-0.6458862423896777,9.956103324890137,8.999999999999999e-08,0.0,0.0,0.0,8.999999999999999e-08,0.0,0.0,0.0,8.999999999999999e-08
1759811080734995072,172081,1759811080731478528,base_link,0.03407288441368917,-0.03977193978102815,0.08622398053673858,-0.9948983176077277,1.0,0.0,0.0,0.0,1.0,0.0,0.0,0.0,1.0,-0.006578712724149227,0.00757402880117297,-0.016512218862771988,1.2184696791468346e-07,0.0,0.0,0.0,1.2184696791468346e-07,0.0,0.0,0.0,1.2184696791468346e-07,-0.6920444369316101,-0.4324388206005084,10.119499206542969,8.999999999999999e-08,0.0,0.0,0.0,8.999999999999999e-08,0.0,0.0,0.0,8.999999999999999e-08
1759811080743181120,172082,1759811080736478528,base_link,0.034026219620581256,-0.039750036919964905,0.08619203322556734,-0.9949035438169431,1.0,0.0,0.0,0.0,1.0,0.0,0.0,0.0,1.0,0.004797959700226784,0.0005962608847767115,8.171005174517625e-05,1.2184696791468346e-07,0.0,0.0,0.0,1.2184696791468346e-07,0.0,0.0,0.0,1.2184696791468346e-07,-0.5954159498214722,-0.7634788751602162,9.39601993560791,8.999999999999999e-08,0.0,0.0,0.0,8.999999999999999e-08,0.0,0.0,0.0,8.999999999999999e-08
1759811080753790368,172083,1759811080746478528,base_link,0.034020359562276975,-0.03972716336429689,0.0861959528824788,-0.9949044289007619,1.0,0.0,0.0,0.0,1.0,0.0,0.0,0.0,1.0,0.008013604208827019,-0.011641107499599457,0.004050520714372398,1.2184696791468346e-07,0.0,0.0,0.0,1.2184696791468346e-07,0.0,0.0,0.0,1.2184696791468346e-07,-0.737099826335907,-1.2416820526123036,9.452642440795898,8.999999999999999e-08,0.0,0.0,0.0,8.999999999999999e-08,0.0,0.0,0.0,8.999999999999999e-08
1759811080757957312,172084,1759811080752478528,base_link,0.0340311603507524,-0.03974890521122793,0.08623666673814034,-0.9948995398663346,1.0,0.0,0.0,0.0,1.0,0.0,0.0,0.0,1.0,0.0035327232908457518,-0.0020981375128030786,-0.008785620331764221,1.2184696791468346e-07,0.0,0.0,0.0,1.2184696791468346e-07,0.0,0.0,0.0,1.2184696791468346e-07,-0.8390368819236755,-0.2615073025226581,10.002717018127441,8.999999999999999e-08,0.0,0.0,0.0,8.999999999999999e-08,0.0,0.0,0.0,8.999999999999999e-08
1759811080764735968,172085,1759811080757476736,base_link,0.03399591735359094,-0.03973139615912194,0.08621883862122026,-0.994903122348458,1.0,0.0,0.0,0.0,1.0,0.0,0.0,0.0,1.0,-0.006186255253851414,0.00712565379217267,-0.0017887286376208076,1.2184696791468346e-07,0.0,0.0,0.0,1.2184696791468346e-07,0.0,0.0,0.0,1.2184696791468346e-07,-0.4696512818336487,-1.0119014978408802,9.649948120117188,8.999999999999999e-08,0.0,0.0,0.0,8.999999999999999e-08,0.0,0.0,0.0,8.999999999999999e-08
1759811080774771872,172086,1759811080768476736,base_link,0.03400510635438308,-0.03972375078665652,0.08619203322556733,-0.9949053139845806,1.0,0.0,0.0,0.0,1.0,0.0,0.0,0.0,1.0,-0.0022353422828018665,0.007573303300887346,-0.0018480035942047843,1.2184696791468346e-07,0.0,0.0,0.0,1.2184696791468346e-07,0.0,0.0,0.0,1.2184696791468346e-07,-0.5655853152275085,-1.2715842723846424,9.368194580078125,8.999999999999999e-08,0.0,0.0,0.0,8.999999999999999e-08,0.0,0.0,0.0,8.999999999999999e-08
1759811080783143552,172087,1759811080773476736,base_link,0.03403553637900795,-0.03974315941039579,0.08621344382461085,-0.9949016893556086,1.0,0.0,0.0,0.0,1.0,0.0,0.0,0.0,1.0,0.0017057654913514853,-0.009138215333223343,0.0021393271163105978,1.2184696791468346e-07,0.0,0.0,0.0,1.2184696791468346e-07,0.0,0.0,0.0,1.2184696791468346e-07,-0.9974024891853333,-0.4095108807086932,10.209471702575684,8.999999999999999e-08,0.0,0.0,0.0,8.999999999999999e-08,0.0,0.0,0.0,8.999999999999999e-08
1759811080792130208,172088,1759811080784476736,base_link,0.034056509375225925,-0.039721385624056096,0.08618394103065322,-0.9949043867539134,1.0,0.0,0.0,0.0,1.0,0.0,0.0,0.0,1.0,-0.004199984483420849,-0.0023834484163671728,0.005270183086395264,1.2184696791468346e-07,0.0,0.0,0.0,1.2184696791468346e-07,0.0,0.0,0.0,1.2184696791468346e-07,-0.796302080154419,-0.38002818822860596,9.867134094238281,8.999999999999999e-08,0.0,0.0,0.0,8.999999999999999e-08,0.0,0.0,0.0,8.999999999999999e-08
1759811080799971200,172089,1759811080789476736,base_link,0.034030643722585886,-0.03971501420594137,0.08615953800536541,-0.9949077163549457,1.0,0.0,0.0,0.0,1.0,0.0,0.0,0.0,1.0,-0.00874513853341341,0.0003156609600409868,0.002245078794658184,1.2184696791468346e-07,0.0,0.0,0.0,1.2184696791468346e-07,0.0,0.0,0.0,1.2184696791468346e-07,-0.683221161365509,-0.9475224614143359,9.753230094909668,8.999999999999999e-08,0.0,0.0,0.0,8.999999999999999e-08,0.0,0.0,0.0,8.999999999999999e-08
1759811080803272064,172090,1759811080794476736,base_link,0.03407692820624044,-0.03971136652791165,0.08616691370385485,-0.9949055668656717,1.0,0.0,0.0,0.0,1.0,0.0,0.0,0.0,1.0,-0.0019444572972133756,-0.0019120855722576378,0.0014219000004231932,1.2184696791468346e-07,0.0,0.0,0.0,1.2184696791468346e-07,0.0,0.0,0.0,1.2184696791468346e-07,-0.8734233975410461,-0.7105061411857593,9.88465404510498,8.999999999999999e-08,0.0,0.0,0.0,8.999999999999999e-08,0.0,0.0,0.0,8.999999999999999e-08
1759811080808115360,172091,1759811080800476736,base_link,0.0340388903461871,-0.03973038562257444,0.0861749216050719,-0.9949053982782776,1.0,0.0,0.0,0.0,1.0,0.0,0.0,0.0,1.0,-0.00042218470480293036,0.005485432688146829,-0.004553656093776227,1.2184696791468346e-07,0.0,0.0,0.0,1.2184696791468346e-07,0.0,0.0,0.0,1.2184696791468346e-07,-0.5036935210227966,-0.8780980706214894,9.483818054199219,8.999999999999999e-08,0.0,0.0,0.0,8.999999999999999e-08,0.0,0.0,0.0,8.999999999999999e-08
1759811080815901824,172092,1759811080810476736,base_link,0.034048051029565395,-0.039727452136063636,0.0861482426499645,-0.9949074634738546,1.0,0.0,0.0,0.0,1.0,0.0,0.0,0.0,1.0,-0.0028236117213964462,-0.0015698556089773765,0.00795279536396265,1.2184696791468346e-07,0.0,0.0,0.0,1.2184696791468346e-07,0.0,0.0,0.0,1.2184696791468346e-07,-0.5743064284324646,-0.8585116267204272,9.840219497680664,8.999999999999999e-08,0.0,0.0,0.0,8.999999999999999e-08,0.0,0.0,0.0,8.999999999999999e-08
1759811080819842784,172093,1759811080815476736,base_link,0.034061335518652675,-0.03971655948062935,0.08615498614572621,-0.9949069577116725,1.0,0.0,0.0,0.0,1.0,0.0,0.0,0.0,1.0,-0.0006190382409840822,-0.0017021739622578023,0.0016659807879477742,1.2184696791468346e-07,0.0,0.0,0.0,1.2184696791468346e-07,0.0,0.0,0.0,1.2184696791468346e-07,-0.9058419466018677,-0.9149834513664233,9.519954681396484,8.999999999999999e-08,0.0,0.0,0.0,8.999999999999999e-08,0.0,0.0,0.0,8.999999999999999e-08
1759811080826985568,172094,1759811080821476736,base_link,0.034000545275120794,-0.0397408505533508,0.086206194566667,-0.9949035438169431,1.0,0.0,0.0,0.0,1.0,0.0,0.0,0.0,1.0,0.00997595302760601,0.0004099194193258864,-0.014344252645969391,1.2184696791468346e-07,0.0,0.0,0.0,1.2184696791468346e-07,0.0,0.0,0.0,1.2184696791468346e-07,-0.6643410325050354,-0.8863409757614124,9.96127700805664,8.999999999999999e-08,0.0,0.0,0.0,8.999999999999999e-08,0.0,0.0,0.0,8.999999999999999e-08
1759811080836566528,172095,1759811080826476736,base_link,0.03403191010367474,-0.03972523284107173,0.08623489657050287,-0.9949006356843959,1.0,0.0,0.0,0.0,1.0,0.0,0.0,0.0,1.0,-3.1658681109547615e-05,0.0054132253862917415,-0.009389059618115425,1.2184696791468346e-07,0.0,0.0,0.0,1.2184696791468346e-07,0.0,0.0,0.0,1.2184696791468346e-07,-0.7134043574333191,-0.3658463358879077,9.747178077697754,8.999999999999999e-08,0.0,0.0,0.0,8.999999999999999e-08,0.0,0.0,0.0,8.999999999999999e-08
1759811080847510304,172096,1759811080836476736,base_link,0.034012728677790725,-0.03974557857364586,0.08616505924252037,-0.9949065783900359,1.0,0.0,0.0,0.0,1.0,0.0,0.0,0.0,1.0,-0.0007098292117007077,0.0019354822579771291,0.00970542337745428,1.2184696791468346e-07,0.0,0.0,0.0,1.2184696791468346e-07,0.0,0.0,0.0,1.2184696791468346e-07,-0.9875051975250244,-1.0464199781417836,9.64322280883789,8.999999999999999e-08,0.0,0.0,0.0,8.999999999999999e-08,0.0,0.0,0.0,8.999999999999999e-08
1759811080849934944,172097,1759811080842476736,base_link,0.0339757435011334,-0.039744515682809976,0.08621559331388491,-0.9949035016700946,1.0,0.0,0.0,0.0,1.0,0.0,0.0,0.0,1.0,0.003775212448090315,-0.007845609448850157,-0.014334176667034624,1.2184696791468346e-07,0.0,0.0,0.0,1.2184696791468346e-07,0.0,0.0,0.0,1.2184696791468346e-07,-0.6721259951591492,-0.9240863919258105,10.001587867736816,8.999999999999999e-08,0.0,0.0,0.0,8.999999999999999e-08,0.0,0.0,0.0,8.999999999999999e-08
1759811080856852128,172098,1759811080852476736,base_link,0.03397954297367221,-0.03978597138885974,0.08621483467061172,-0.9949018157961541,1.0,0.0,0.0,0.0,1.0,0.0,0.0,0.0,1.0,-0.0007387019577436149,0.011687107384204865,-0.0014950950862839833,1.2184696791468346e-07,0.0,0.0,0.0,1.2184696791468346e-07,0.0,0.0,0.0,1.2184696791468346e-07,-0.5003716945648193,-0.38268837332725403,10.007494926452637,8.999999999999999e-08,0.0,0.0,0.0,8.999999999999999e-08,0.0,0.0,0.0,8.999999999999999e-08
1759811080863394592,172099,1759811080858476224,base_link,0.034002197234019066,-0.03976554564312789,0.08616017020809308,-0.9949064940963389,1.0,0.0,0.0,0.0,1.0,0.0,0.0,0.0,1.0,-0.005612053442746401,0.004213919863104822,0.012606020085513592,1.2184696791468346e-07,0.0,0.0,0.0,1.2184696791468346e-07,0.0,0.0,0.0,1.2184696791468346e-07,-0.9385916590690613,-1.0246177911758412,9.719576835632324,8.999999999999999e-08,0.0,0.0,0.0,8.999999999999999e-08,0.0,0.0,0.0,8.999999999999999e-08
1759811080870370368,172100,1759811080863476224,base_link,0.03397790188075831,-0.03977619068582718,0.08620075762320907,-0.9949034173763975,1.0,0.0,0.0,0.0,1.0,0.0,0.0,0.0,1.0,0.007366318721324205,-0.0045190071687102335,-0.01114508043974638,1.2184696791468346e-07,0.0,0.0,0.0,1.2184696791468346e-07,0.0,0.0,0.0,1.2184696791468346e-07,-0.7738296985626221,-1.0120809078216542,9.739523887634277,8.999999999999999e-08,0.0,0.0,0.0,8.999999999999999e-08,0.0,0.0,0.0,8.999999999999999e-08
1759811080879020352,172101,1759811080872476224,base_link,0.03397866480457081,-0.03976404811291674,0.0862587938336086,-0.9948989076636069,1.0,0.0,0.0,0.0,1.0,0.0,0.0,0.0,1.0,0.0005258097080513835,0.003537936136126516,-0.017584586516022682,1.2184696791468346e-07,0.0,0.0,0.0,1.2184696791468346e-07,0.0,0.0,0.0,1.2184696791468346e-07,-0.7349384427070618,-0.686336278915404,9.755577087402344,8.999999999999999e-08,0.0,0.0,0.0,8.999999999999999e-08,0.0,0.0,0.0,8.999999999999999e-08
1759811080881946112,172102,1759811080873476224,base_link,0.033981764573569884,-0.03978558317687229,0.0862616176724588,-0.9948976854050001,1.0,0.0,0.0,0.0,1.0,0.0,0.0,0.0,1.0,-0.00354593712836504,0.001986719900742173,-0.0008026515133678915,1.2184696791468346e-07,0.0,0.0,0.0,1.2184696791468346e-07,0.0,0.0,0.0,1.2184696791468346e-07,-0.4343191981315613,-0.3159287571907031,9.897890090942383,8.999999999999999e-08,0.0,0.0,0.0,8.999999999999999e-08,0.0,0.0,0.0,8.999999999999999e-08
1759811080887251104,172103,1759811080879476224,base_link,0.034008591371919326,-0.03978560392102429,0.0861900101768388,-0.994902953761064,1.0,0.0,0.0,0.0,1.0,0.0,0.0,0.0,1.0,-0.0021506045013666153,0.0007249727495946017,0.022190360352396965,1.2184696791468346e-07,0.0,0.0,0.0,1.2184696791468346e-07,0.0,0.0,0.0,1.2184696791468346e-07,-0.8653063774108887,-0.5693823695182788,9.627197265625,8.999999999999999e-08,0.0,0.0,0.0,8.999999999999999e-08,0.0,0.0,0.0,8.999999999999999e-08
1759811080891817984,172104,1759811080884476224,base_link,0.03399410635619399,-0.03978673892248379,0.08616227755051864,-0.9949058197467627,1.0,0.0,0.0,0.0,1.0,0.0,0.0,0.0,1.0,-0.0067673190496861935,0.0021795209031552076,0.0008856412023305891,1.2184696791468346e-07,0.0,0.0,0.0,1.2184696791468346e-07,0.0,0.0,0.0,1.2184696791468346e-07,-0.8503870368003845,-1.2726571559905995,9.819408416748047,8.999999999999999e-08,0.0,0.0,0.0,8.999999999999999e-08,0.0,0.0,0.0,8.999999999999999e-08
1759811080900027872,172105,1759811080895476224,base_link,0.03399243332387146,-0.03979588248370488,0.08625795089663833,-0.9948972217896666,1.0,0.0,0.0,0.0,1.0,0.0,0.0,0.0,1.0,0.003621856216341257,0.0025016039144247753,-0.015703251585364342,1.2184696791468346e-07,0.0,0.0,0.0,1.2184696791468346e-07,0.0,0.0,0.0,1.2184696791468346e-07,-0.3896031379699707,-0.581287086009978,9.834585189819336,8.999999999999999e-08,0.0,0.0,0.0,8.999999999999999e-08,0.0,0.0,0.0,8.999999999999999e-08
1759811080906635584,172106,1759811080900476224,base_link,0.03403312874028676,-0.0398113108644379,0.08623729894086803,-0.9948969689085754,1.0,0.0,0.0,0.0,1.0,0.0,0.0,0.0,1.0,-0.004895729012787342,0.001032598083838821,0.005316046066582203,1.2184696791468346e-07,0.0,0.0,0.0,1.2184696791468346e-07,0.0,0.0,0.0,1.2184696791468346e-07,-0.768161952495575,-0.2683937549591052,9.787941932678223,8.999999999999999e-08,0.0,0.0,0.0,8.999999999999999e-08,0.0,0.0,0.0,8.999999999999999e-08
1759811080915901280,172107,1759811080905476224,base_link,0.03402471155365798,-0.03980221076715434,0.0861910638480516,-0.9949016472087602,1.0,0.0,0.0,0.0,1.0,0.0,0.0,0.0,1.0,-0.0030106701888144016,-0.00229445844888687,0.010487774387001991,1.2184696791468346e-07,0.0,0.0,0.0,1.2184696791468346e-07,0.0,0.0,0.0,1.2184696791468346e-07,-0.6552075147628784,-1.0654449462890614,9.78164005279541,8.999999999999999e-08,0.0,0.0,0.0,8.999999999999999e-08,0.0,0.0,0.0,8.999999999999999e-08
1759811080921989440,172108,1759811080916476224,base_link,0.03399958182450561,-0.03977573694866118,0.08628256465616874,-0.9948956202094231,1.0,0.0,0.0,0.0,1.0,0.0,0.0,0.0,1.0,0.0054122633300721645,-0.0002655312418937701,-0.014675727114081383,1.2184696791468346e-07,0.0,0.0,0.0,1.2184696791468346e-07,0.0,0.0,0.0,1.2184696791468346e-07,-0.7318938970565796,-0.6972759366035449,9.634805679321289,8.999999999999999e-08,0.0,0.0,0.0,8.999999999999999e-08,0.0,0.0,0.0,8.999999999999999e-08
1759811080927866624,172109,1759811080921476224,base_link,0.033989442214716205,-0.039778348077635334,0.08625828807142648,-0.9948979804329398,1.0,0.0,0.0,0.0,1.0,0.0,0.0,0.0,1.0,0.004950706381350756,-0.0004717098781839009,0.0036325070541352034,1.2184696791468346e-07,0.0,0.0,0.0,1.2184696791468346e-07,0.0,0.0,0.0,1.2184696791468346e-07,-0.47503018379211426,-0.4273170530796039,9.951539039611816,8.999999999999999e-08,0.0,0.0,0.0,8.999999999999999e-08,0.0,0.0,0.0,8.999999999999999e-08
1759811080936008384,172110,1759811080932476224,base_link,0.03400673493495132,-0.03977853049446404,0.08619692225999458,-0.9949027008799729,1.0,0.0,0.0,0.0,1.0,0.0,0.0,0.0,1.0,-0.005594740156084299,-0.00034054822754114714,0.01220686361193657,1.2184696791468346e-07,0.0,0.0,0.0,1.2184696791468346e-07,0.0,0.0,0.0,1.2184696791468346e-07,-0.8961761593818665,-0.822940945625304,9.844043731689453,8.999999999999999e-08,0.0,0.0,0.0,8.999999999999999e-08,0.0,0.0,0.0,8.999999999999999e-08
1759811080953551904,172111,1759811080942476224,base_link,0.03402321764544162,-0.0397653931900743,0.08630903287703359,-0.9948930071048154,1.0,0.0,0.0,0.0,1.0,0.0,0.0,0.0,1.0,-0.0010383646003901958,-0.005373718682676556,-0.01845136657357216,1.2184696791468346e-07,0.0,0.0,0.0,1.2184696791468346e-07,0.0,0.0,0.0,1.2184696791468346e-07,-0.7562138438224792,-0.36672523617744324,9.82454776763916,8.999999999999999e-08,0.0,0.0,0.0,8.999999999999999e-08,0.0,0.0,0.0,8.999999999999999e-08
1759811080956864672,172112,1759811080947476224,base_link,0.034026036874480296,-0.03977416434437612,0.08629407074581222,-0.9948938078949371,1.0,0.0,0.0,0.0,1.0,0.0,0.0,0.0,1.0,-0.0039565954357385635,0.0006401357823051512,0.00014709983952343456,1.2184696791468346e-07,0.0,0.0,0.0,1.2184696791468346e-07,0.0,0.0,0.0,1.2184696791468346e-07,-0.5913450717926025,-0.7078000307083118,9.672348976135254,8.999999999999999e-08,0.0,0.0,0.0,8.999999999999999e-08,0.0,0.0,0.0,8.999999999999999e-08
1759811080960087456,172113,1759811080953476224,base_link,0.03403102271495023,-0.039748853186211804,0.086262376315732,-0.994897432523909,1.0,0.0,0.0,0.0,1.0,0.0,0.0,0.0,1.0,-0.0017061952967196703,-0.00606863060966134,0.009627336636185646,1.2184696791468346e-07,0.0,0.0,0.0,1.2184696791468346e-07,0.0,0.0,0.0,1.2184696791468346e-07,-0.7536168098449707,-0.8063477277755725,9.989537239074707,8.999999999999999e-08,0.0,0.0,0.0,8.999999999999999e-08,0.0,0.0,0.0,8.999999999999999e-08
1759811080968282528,172114,1759811080963475712,base_link,0.0340237151758174,-0.039725888751401685,0.08628378691477556,-0.9948966738806359,1.0,0.0,0.0,0.0,1.0,0.0,0.0,0.0,1.0,0.004440204240381718,-0.005479675717651845,-0.0045251334086060515,1.2184696791468346e-07,0.0,0.0,0.0,1.2184696791468346e-07,0.0,0.0,0.0,1.2184696791468346e-07,-0.7250527739524841,-0.6041094064712512,9.840035438537598,8.999999999999999e-08,0.0,0.0,0.0,8.999999999999999e-08,0.0,0.0,0.0,8.999999999999999e-08
1759811080974838400,172115,1759811080969475712,base_link,0.03403498550652702,-0.03974177679620127,0.08629933910187604,-0.9948942715102708,1.0,0.0,0.0,0.0,1.0,0.0,0.0,0.0,1.0,-0.0006307114381343126,0.00029553018976002867,-0.005385378375649452,1.2184696791468346e-07,0.0,0.0,0.0,1.2184696791468346e-07,0.0,0.0,0.0,1.2184696791468346e-07,-0.4999364912509918,-0.689666688442229,9.89750862121582,8.999999999999999e-08,0.0,0.0,0.0,8.999999999999999e-08,0.0,0.0,0.0,8.999999999999999e-08
1759811080980628160,172116,1759811080974475712,base_link,0.034033141581904666,-0.03972247353958328,0.08625668649118305,-0.99489882336991,1.0,0.0,0.0,0.0,1.0,0.0,0.0,0.0,1.0,0.0007270164787769318,-0.0039697536267340175,0.009364746510982513,1.2184696791468346e-07,0.0,0.0,0.0,1.2184696791468346e-07,0.0,0.0,0.0,1.2184696791468346e-07,-0.7611331343650818,-0.5246494412422168,9.82108211517334,8.999999999999999e-08,0.0,0.0,0.0,8.999999999999999e-08,0.0,0.0,0.0,8.999999999999999e-08
1759811080984200256,172117,1759811080979475712,base_link,0.034046059261701,-0.03973435401177955,0.08626174411300433,-0.9948975589644545,1.0,0.0,0.0,0.0,1.0,0.0,0.0,0.0,1.0,-0.0017810112331062555,-0.0007339775329455727,0.005744307767599821,1.2184696791468346e-07,0.0,0.0,0.0,1.2184696791468346e-07,0.0,0.0,0.0,1.2184696791468346e-07,-0.857603907585144,-0.9757179617881763,9.652597427368164,8.999999999999999e-08,0.0,0.0,0.0,8.999999999999999e-08,0.0,0.0,0.0,8.999999999999999e-08
1759811080991906272,172118,1759811080985475712,base_link,0.03402416693734988,-0.03970528552792493,0.08629208984393218,-0.9948967160274843,1.0,0.0,0.0,0.0,1.0,0.0,0.0,0.0,1.0,0.00257337698712945,-0.0060237138532102125,-0.012063650414347649,1.2184696791468346e-07,0.0,0.0,0.0,1.2184696791468346e-07,0.0,0.0,0.0,1.2184696791468346e-07,-0.769734263420105,-0.9287620186805713,9.895764350891113,8.999999999999999e-08,0.0,0.0,0.0,8.999999999999999e-08,0.0,0.0,0.0,8.999999999999999e-08
1759811080998332320,172119,1759811080990475712,base_link,0.0340539953815667,-0.03970426445466531,0.08635126401924145,-0.9948907311749958,1.0,0.0,0.0,0.0,1.0,0.0,0.0,0.0,1.0,-0.0019076038151979446,-0.001979312859475614,-0.011893197894096375,1.2184696791468346e-07,0.0,0.0,0.0,1.2184696791468346e-07,0.0,0.0,0.0,1.2184696791468346e-07,-0.6576506495475769,-0.6924247145652759,9.812150955200195,8.999999999999999e-08,0.0,0.0,0.0,8.999999999999999e-08,0.0,0.0,0.0,8.999999999999999e-08
1759811081002877504,172120,1759811080995475712,base_link,0.034028728675156675,-0.03970291015788464,0.08633145500044136,-0.9948933442796035,1.0,0.0,0.0,0.0,1.0,0.0,0.0,0.0,1.0,0.004892176017165184,0.0035429778508842,0.00754227815195918,1.2184696791468346e-07,0.0,0.0,0.0,1.2184696791468346e-07,0.0,0.0,0.0,1.2184696791468346e-07,-0.632738471031189,-0.4959589242935169,9.731751441955566,8.999999999999999e-08,0.0,0.0,0.0,8.999999999999999e-08,0.0,0.0,0.0,8.999999999999999e-08
1759811081008059680,172121,1759811081000475712,base_link,0.03402526275541116,-0.039720890398586096,0.08629128905381048,-0.9948961681184537,1.0,0.0,0.0,0.0,1.0,0.0,0.0,0.0,1.0,0.001966241979971528,0.001656020409427585,0.01331007294356823,1.2184696791468346e-07,0.0,0.0,0.0,1.2184696791468346e-07,0.0,0.0,0.0,1.2184696791468346e-07,-0.7093605399131775,-0.7593010663986194,9.915618896484375,8.999999999999999e-08,0.0,0.0,0.0,8.999999999999999e-08,0.0,0.0,0.0,8.999999999999999e-08
1759811081016868576,172122,1759811081011475712,base_link,0.03402472604163716,-0.03971935138007094,0.08631476484843104,-0.9948941872165737,1.0,0.0,0.0,0.0,1.0,0.0,0.0,0.0,1.0,-0.0010288910707458854,0.0019126757979392999,-0.006163052748888731,1.2184696791468346e-07,0.0,0.0,0.0,1.2184696791468346e-07,0.0,0.0,0.0,1.2184696791468346e-07,-0.689426600933075,-0.7703302502632129,9.705585479736328,8.999999999999999e-08,0.0,0.0,0.0,8.999999999999999e-08,0.0,0.0,0.0,8.999999999999999e-08
1759811081019851872,172123,1759811081016475712,base_link,0.0340105610785427,-0.039711131098250044,0.08631282609339952,-0.994895283034635,1.0,0.0,0.0,0.0,1.0,0.0,0.0,0.0,1.0,0.0013707054313272238,7.284223102032369e-06,-0.006283293943852186,1.2184696791468346e-07,0.0,0.0,0.0,1.2184696791468346e-07,0.0,0.0,0.0,1.2184696791468346e-07,-0.6431658267974854,-0.5545065999031055,9.781493186950684,8.999999999999999e-08,0.0,0.0,0.0,8.999999999999999e-08,0.0,0.0,0.0,8.999999999999999e-08
1759811081027135872,172124,1759811081022475712,base_link,0.034037707600250766,-0.03972448769796095,0.08628142669125893,-0.9948965052932418,1.0,0.0,0.0,0.0,1.0,0.0,0.0,0.0,1.0,-0.005232646595686674,0.00142884987872094,0.00785055197775364,1.2184696791468346e-07,0.0,0.0,0.0,1.2184696791468346e-07,0.0,0.0,0.0,1.2184696791468346e-07,-0.679766058921814,-0.6752482056617725,9.832671165466309,8.999999999999999e-08,0.0,0.0,0.0,8.999999999999999e-08,0.0,0.0,0.0,8.999999999999999e-08
1759811081035027008,172125,1759811081027475712,base_link,0.0340310158002329,-0.03972359833360292,0.08626035326700346,-0.9948986126356674,1.0,0.0,0.0,0.0,1.0,0.0,0.0,0.0,1.0,-0.0021805092692375183,0.0020209383219480523,0.0075797406025230885,1.2184696791468346e-07,0.0,0.0,0.0,1.2184696791468346e-07,0.0,0.0,0.0,1.2184696791468346e-07,-0.8070438504219055,-0.9012054800987231,9.730836868286133,8.999999999999999e-08,0.0,0.0,0.0,8.999999999999999e-08,0.0,0.0,0.0,8.999999999999999e-08
1759811081036861152,172126,1759811081032475712,base_link,0.03404878827014208,-0.03974300465243641,0.08630612474448632,-0.994893133545361,1.0,0.0,0.0,0.0,1.0,0.0,0.0,0.0,1.0,-0.004548565484583378,0.00494640739634633,-0.0058309072628617295,1.2184696791468346e-07,0.0,0.0,0.0,1.2184696791468346e-07,0.0,0.0,0.0,1.2184696791468346e-07,-0.7801219820976257,-0.8427687883377063,9.837857246398926,8.999999999999999e-08,0.0,0.0,0.0,8.999999999999999e-08,0.0,0.0,0.0,8.999999999999999e-08
1759811081048411360,172127,1759811081043475712,base_link,0.03402076753059967,-0.039748840344593896,0.08631666145661403,-0.9948930492516639,1.0,0.0,0.0,0.0,1.0,0.0,0.0,0.0,1.0,0.0034125507809221745,0.0031556973699480295,-0.000725242774933577,1.2184696791468346e-07,0.0,0.0,0.0,1.2184696791468346e-07,0.0,0.0,0.0,1.2184696791468346e-07,-0.6093662977218628,-0.7500238418579089,9.745147705078125,8.999999999999999e-08,0.0,0.0,0.0,8.999999999999999e-08,0.0,0.0,0.0,8.999999999999999e-08
1759811081052669504,172128,1759811081048475712,base_link,0.033981922294979545,-0.039718685920845626,0.08627455675495163,-0.994899244838395,1.0,0.0,0.0,0.0,1.0,0.0,0.0,0.0,1.0,0.008033404126763344,-0.0036851982586085783,0.010350925847887993,1.2184696791468346e-07,0.0,0.0,0.0,1.2184696791468346e-07,0.0,0.0,0.0,1.2184696791468346e-07,-0.8166328072547913,-0.7263423204421985,9.822211265563965,8.999999999999999e-08,0.0,0.0,0.0,8.999999999999999e-08,0.0,0.0,0.0,8.999999999999999e-08
1759811081060134176,172129,1759811081053475712,base_link,0.03401727592761835,-0.03972537376959644,0.08627809709022656,-0.9948973903770605,1.0,0.0,0.0,0.0,1.0,0.0,0.0,0.0,1.0,-0.004473528824746609,-0.005567923188209533,0.004038461484014989,1.2184696791468346e-07,0.0,0.0,0.0,1.2184696791468346e-07,0.0,0.0,0.0,1.2184696791468346e-07,-0.8013811707496643,-0.7736212611198413,9.730023384094238,8.999999999999999e-08,0.0,0.0,0.0,8.999999999999999e-08,0.0,0.0,0.0,8.999999999999999e-08
1759811081072028864,172130,1759811081064475456,base_link,0.034022827787092896,-0.03972646003876236,0.08628648431308021,-0.9948965052932418,1.0,0.0,0.0,0.0,1.0,0.0,0.0,0.0,1.0,-0.0036533644888550043,0.0028041766490787263,-0.003318129573017359,1.2184696791468346e-07,0.0,0.0,0.0,1.2184696791468346e-07,0.0,0.0,0.0,1.2184696791468346e-07,-0.6965156197547913,-0.7018988728523242,9.876545906066895,8.999999999999999e-08,0.0,0.0,0.0,8.999999999999999e-08,0.0,0.0,0.0,8.999999999999999e-08
1759811081073863136,172131,1759811081070475456,base_link,0.033994028318669794,-0.03970694341372378,0.08628770657168702,-0.9948980647266368,1.0,0.0,0.0,0.0,1.0,0.0,0.0,0.0,1.0,0.00397806242108345,-0.0012667521368712191,-0.0029332544654607773,1.2184696791468346e-07,0.0,0.0,0.0,1.2184696791468346e-07,0.0,0.0,0.0,1.2184696791468346e-07,-0.7340521812438965,-0.7199544906616199,9.73530387878418,8.999999999999999e-08,0.0,0.0,0.0,8.999999999999999e-08,0.0,0.0,0.0,8.999999999999999e-08
1759811081082322176,172132,1759811081075475456,base_link,0.03401417550007477,-0.03972239451424233,0.08631109807261061,-0.9948947351256043,1.0,0.0,0.0,0.0,1.0,0.0,0.0,0.0,1.0,0.003675550688058138,-0.00341249885968864,-0.0026022873353213067,1.2184696791468346e-07,0.0,0.0,0.0,1.2184696791468346e-07,0.0,0.0,0.0,1.2184696791468346e-07,-0.7897880673408508,-0.7563496232032764,9.837067604064941,8.999999999999999e-08,0.0,0.0,0.0,8.999999999999999e-08,0.0,0.0,0.0,8.999999999999999e-08
1759811081090343840,172133,1759811081085475456,base_link,0.03400941521109881,-0.03970407940365857,0.08630958078606422,-0.9948958309436656,1.0,0.0,0.0,0.0,1.0,0.0,0.0,0.0,1.0,-0.0015589434187859297,-0.0009229863062500955,-0.0008610723307356237,1.2184696791468346e-07,0.0,0.0,0.0,1.2184696791468346e-07,0.0,0.0,0.0,1.2184696791468346e-07,-0.729744017124176,-0.7100323438644397,9.809591293334961,8.999999999999999e-08,0.0,0.0,0.0,8.999999999999999e-08,0.0,0.0,0.0,8.999999999999999e-08
1759811081096111584,172134,1759811081090475456,base_link,0.03397687488059811,-0.03968726050619694,0.086312615359157,-0.994897348230212,1.0,0.0,0.0,0.0,1.0,0.0,0.0,0.0,1.0,0.004722510930150747,-0.0023645455949008465,-0.0012357629602774976,1.2184696791468346e-07,0.0,0.0,0.0,1.2184696791468346e-07,0.0,0.0,0.0,1.2184696791468346e-07,-0.6795698404312134,-0.786377429962157,9.721657752990723,8.999999999999999e-08,0.0,0.0,0.0,8.999999999999999e-08,0.0,0.0,0.0,8.999999999999999e-08
1759811081108814080,172135,1759811081101475456,base_link,0.033972044785904314,-0.0396870961993422,0.0863392943142644,-0.994895198740938,1.0,0.0,0.0,0.0,1.0,0.0,0.0,0.0,1.0,0.0015980628086254,0.0002718321047723291,-0.0017407865962013602,1.2184696791468346e-07,0.0,0.0,0.0,1.2184696791468346e-07,0.0,0.0,0.0,1.2184696791468346e-07,-0.6181862950325012,-0.7350616455078113,9.781773567199707,8.999999999999999e-08,0.0,0.0,0.0,8.999999999999999e-08,0.0,0.0,0.0,8.999999999999999e-08
1759811081114154368,172136,1759811081106475456,base_link,0.033984451435162454,-0.039699840681932934,0.08634291894323631,-0.9948939343354827,1.0,0.0,0.0,0.0,1.0,0.0,0.0,0.0,1.0,0.0009537747828289866,-0.0004684330197051164,0.0026564092840999365,1.2184696791468346e-07,0.0,0.0,0.0,1.2184696791468346e-07,0.0,0.0,0.0,1.2184696791468346e-07,-0.7455803155899048,-0.712516665458678,9.80870246887207,8.999999999999999e-08,0.0,0.0,0.0,8.999999999999999e-08,0.0,0.0,0.0,8.999999999999999e-08
1759811081121085792,172137,1759811081117475456,base_link,0.03398039513026554,-0.039670200581445395,0.08634237103420565,-0.9948953251814835,1.0,0.0,0.0,0.0,1.0,0.0,0.0,0.0,1.0,-0.0015382739948108792,-0.003729629097506404,-0.0011059843236580487,1.2184696791468346e-07,0.0,0.0,0.0,1.2184696791468346e-07,0.0,0.0,0.0,1.2184696791468346e-07,-0.7650350332260132,-0.7482568025588977,9.784647941589355,8.999999999999999e-08,0.0,0.0,0.0,8.999999999999999e-08,0.0,0.0,0.0,8.999999999999999e-08
1759811081129894624,172138,1759811081122475456,base_link,0.033962270668316835,-0.03964055685896306,0.08634641713166272,-0.9948967581743329,1.0,0.0,0.0,0.0,1.0,0.0,0.0,0.0,1.0,-0.0021329279989004135,-0.0032028432469815016,-0.0007925992831587787,1.2184696791468346e-07,0.0,0.0,0.0,1.2184696791468346e-07,0.0,0.0,0.0,1.2184696791468346e-07,-0.6022856831550598,-0.6995234489440906,9.731729507446289,8.999999999999999e-08,0.0,0.0,0.0,8.999999999999999e-08,0.0,0.0,0.0,8.999999999999999e-08
1759811081132967712,172139,1759811081127475456,base_link,0.03398022588432698,-0.039652114973622664,0.08633191861577497,-0.9948969267617269,1.0,0.0,0.0,0.0,1.0,0.0,0.0,0.0,1.0,-0.0021270455326884985,-0.0014539449475705621,0.0025359552819281816,1.2184696791468346e-07,0.0,0.0,0.0,1.2184696791468346e-07,0.0,0.0,0.0,1.2184696791468346e-07,-0.6634538173675537,-0.5818638205528247,9.879966735839844,8.999999999999999e-08,0.0,0.0,0.0,8.999999999999999e-08,0.0,0.0,0.0,8.999999999999999e-08
1759811081138250144,172140,1759811081133475456,base_link,0.03398550280146945,-0.039650431075315754,0.08632783037146945,-0.9948971374959695,1.0,0.0,0.0,0.0,1.0,0.0,0.0,0.0,1.0,-0.0031335512176156044,0.0013597008073702457,0.002247022232040763,1.2184696791468346e-07,0.0,0.0,0.0,1.2184696791468346e-07,0.0,0.0,0.0,1.2184696791468346e-07,-0.6778910756111145,-0.8497428894042957,9.785500526428223,8.999999999999999e-08,0.0,0.0,0.0,8.999999999999999e-08,0.0,0.0,0.0,8.999999999999999e-08
1759811081149084800,172141,1759811081138475456,base_link,0.033998418176360005,-0.039658552246188195,0.08634793441820912,-0.9948947351256043,1.0,0.0,0.0,0.0,1.0,0.0,0.0,0.0,1.0,0.0001786515349522233,0.0008549903868697576,-0.005866192281246185,1.2184696791468346e-07,0.0,0.0,0.0,1.2184696791468346e-07,0.0,0.0,0.0,1.2184696791468346e-07,-0.8093817830085754,-0.8367708325386035,9.798316955566406,8.999999999999999e-08,0.0,0.0,0.0,8.999999999999999e-08,0.0,0.0,0.0,8.999999999999999e-08
1759811081156354784,172142,1759811081143475456,base_link,0.03397677379401614,-0.03965596745899437,0.08637225314979989,-0.9948933442796035,1.0,0.0,0.0,0.0,1.0,0.0,0.0,0.0,1.0,-0.00019010662799701095,0.0017850195290520779,-0.0078781982883811,1.2184696791468346e-07,0.0,0.0,0.0,1.2184696791468346e-07,0.0,0.0,0.0,1.2184696791468346e-07,-0.6875468492507935,-0.8264220952987659,9.740857124328613,8.999999999999999e-08,0.0,0.0,0.0,8.999999999999999e-08,0.0,0.0,0.0,8.999999999999999e-08
1759811081159245824,172143,1759811081154475456,base_link,0.0339740444563028,-0.03966729475380392,0.08634060086656825,-0.9948957466499686,1.0,0.0,0.0,0.0,1.0,0.0,0.0,0.0,1.0,0.001146794413216412,0.0025147723499685535,0.00855281949043274,1.2184696791468346e-07,0.0,0.0,0.0,1.2184696791468346e-07,0.0,0.0,0.0,1.2184696791468346e-07,-0.6313530802726746,-0.7199311256408679,9.761080741882324,8.999999999999999e-08,0.0,0.0,0.0,8.999999999999999e-08,0.0,0.0,0.0,8.999999999999999e-08
1759811081165829312,172144,1759811081159473408,base_link,0.033988227858643486,-0.039687972063537816,0.08631632428182592,-0.9948966738806359,1.0,0.0,0.0,0.0,1.0,0.0,0.0,0.0,1.0,-0.0029841563664376736,0.004389056004583837,0.01144915446639061,1.2184696791468346e-07,0.0,0.0,0.0,1.2184696791468346e-07,0.0,0.0,0.0,1.2184696791468346e-07,-0.8376444578170776,-0.754948556423186,9.830336570739746,8.999999999999999e-08,0.0,0.0,0.0,8.999999999999999e-08,0.0,0.0,0.0,8.999999999999999e-08
1759811081170208832,172145,1759811081164473408,base_link,0.03397933223942965,-0.03969126742025576,0.08631350044297574,-0.9948969689085755,1.0,0.0,0.0,0.0,1.0,0.0,0.0,0.0,1.0,-0.0006867274641990662,0.0037120096385478978,0.003967544063925742,1.2184696791468346e-07,0.0,0.0,0.0,1.2184696791468346e-07,0.0,0.0,0.0,1.2184696791468346e-07,-0.7659804821014404,-0.8699629306793201,9.702536582946777,8.999999999999999e-08,0.0,0.0,0.0,8.999999999999999e-08,0.0,0.0,0.0,8.999999999999999e-08
1759811081174268320,172146,1759811081170473408,base_link,0.033987229834441635,-0.03969948572644313,0.08631387976461229,-0.9948963367058478,1.0,0.0,0.0,0.0,1.0,0.0,0.0,0.0,1.0,-0.001994755584746599,0.0035678495187312365,-8.292123675346418e-05,1.2184696791468346e-07,0.0,0.0,0.0,1.2184696791468346e-07,0.0,0.0,0.0,1.2184696791468346e-07,-0.6914000511169434,-0.55677431821823,9.828422546386719,8.999999999999999e-08,0.0,0.0,0.0,8.999999999999999e-08,0.0,0.0,0.0,8.999999999999999e-08
1759811081179255104,172147,1759811081175473408,base_link,0.03399035890867132,-0.039701830474163806,0.08629997130460375,-0.994897348230212,1.0,0.0,0.0,0.0,1.0,0.0,0.0,0.0,1.0,-0.0009221915970556438,0.0005955018568784002,0.002907252637669444,1.2184696791468346e-07,0.0,0.0,0.0,1.2184696791468346e-07,0.0,0.0,0.0,1.2184696791468346e-07,-0.6431212425231934,-0.6579795479774463,9.73299789428711,8.999999999999999e-08,0.0,0.0,0.0,8.999999999999999e-08,0.0,0.0,0.0,8.999999999999999e-08
1759811081187173440,172148,1759811081180473408,base_link,0.03400131906491767,-0.03970734973568521,0.08629162622859855,-0.9948975168176061,1.0,0.0,0.0,0.0,1.0,0.0,0.0,0.0,1.0,-0.0030340999364852905,0.001028381055220962,0.0034155321773141623,1.2184696791468346e-07,0.0,0.0,0.0,1.2184696791468346e-07,0.0,0.0,0.0,1.2184696791468346e-07,-0.7678824067115784,-0.745208680629729,9.800630569458008,8.999999999999999e-08,0.0,0.0,0.0,8.999999999999999e-08,0.0,0.0,0.0,8.999999999999999e-08
1759811081191707840,172149,1759811081186473408,base_link,0.03398103556479955,-0.039713192671832286,0.08631510202321911,-0.9948959573842112,1.0,0.0,0.0,0.0,1.0,0.0,0.0,0.0,1.0,0.003331482410430908,0.002722749253734946,-0.005168182775378227,1.2184696791468346e-07,0.0,0.0,0.0,1.2184696791468346e-07,0.0,0.0,0.0,1.2184696791468346e-07,-0.7761315107345581,-1.0003209114074696,9.746917724609375,8.999999999999999e-08,0.0,0.0,0.0,8.999999999999999e-08,0.0,0.0,0.0,8.999999999999999e-08
1759811081199085120,172150,1759811081191473408,base_link,0.033970926906602014,-0.03972069349377821,0.08634894594257339,-0.994893049251664,1.0,0.0,0.0,0.0,1.0,0.0,0.0,0.0,1.0,0.00631386274471879,0.0009067991049960244,-0.009480235166847706,1.2184696791468346e-07,0.0,0.0,0.0,1.2184696791468346e-07,0.0,0.0,0.0,1.2184696791468346e-07,-0.7621268630027771,-0.6932233572006213,9.822046279907227,8.999999999999999e-08,0.0,0.0,0.0,8.999999999999999e-08,0.0,0.0,0.0,8.999999999999999e-08
1759811081206965920,172151,1759811081201473408,base_link,0.03395507541102262,-0.0397280313259584,0.0863328036995937,-0.9948947772724529,1.0,0.0,0.0,0.0,1.0,0.0,0.0,0.0,1.0,0.001610937062650919,0.0017351786373183138,0.00550440140068531,1.2184696791468346e-07,0.0,0.0,0.0,1.2184696791468346e-07,0.0,0.0,0.0,1.2184696791468346e-07,-0.7317571640014648,-0.6213635206222522,9.843881607055664,8.999999999999999e-08,0.0,0.0,0.0,8.999999999999999e-08,0.0,0.0,0.0,8.999999999999999e-08
1759811081212769728,172152,1759811081207473408,base_link,0.03395294534881155,-0.03973177877348109,0.0863131632681876,-0.9948962945589993,1.0,0.0,0.0,0.0,1.0,0.0,0.0,0.0,1.0,0.00021416530944406986,0.001776953460648657,0.008583858609199524,1.2184696791468346e-07,0.0,0.0,0.0,1.2184696791468346e-07,0.0,0.0,0.0,1.2184696791468346e-07,-0.7597987651824951,-0.8307522535324084,9.77294921875,8.999999999999999e-08,0.0,0.0,0.0,8.999999999999999e-08,0.0,0.0,0.0,8.999999999999999e-08
1759811081220276160,172153,1759811081212473408,base_link,0.03394227396433194,-0.03973153412419637,0.08631404835200633,-0.9948966738806359,1.0,0.0,0.0,0.0,1.0,0.0,0.0,0.0,1.0,0.00498700188472867,0.0002013784833252433,0.002506477991119027,1.2184696791468346e-07,0.0,0.0,0.0,1.2184696791468346e-07,0.0,0.0,0.0,1.2184696791468346e-07,-0.8230592608451843,-0.7430227398872363,9.800215721130371,8.999999999999999e-08,0.0,0.0,0.0,8.999999999999999e-08,0.0,0.0,0.0,8.999999999999999e-08
1759811081229999104,172154,1759811081223473408,base_link,0.03393574054426824,-0.03974480577166574,0.08631855806479702,-0.9948959573842111,1.0,0.0,0.0,0.0,1.0,0.0,0.0,0.0,1.0,-0.000238749198615551,0.002549277851358056,-0.0012138827005401256,1.2184696791468346e-07,0.0,0.0,0.0,1.2184696791468346e-07,0.0,0.0,0.0,1.2184696791468346e-07,-0.7031845450401306,-0.5944273471832263,9.847319602966309,8.999999999999999e-08,0.0,0.0,0.0,8.999999999999999e-08,0.0,0.0,0.0,8.999999999999999e-08
1759811081235831552,172155,1759811081232473408,base_link,0.03393984393509748,-0.03975413668879935,0.0863083585274574,-0.9948962945589992,1.0,0.0,0.0,0.0,1.0,0.0,0.0,0.0,1.0,-0.003273425390943885,0.00024853122886270285,7.600174285471437e-05,1.2184696791468346e-07,0.0,0.0,0.0,1.2184696791468346e-07,0.0,0.0,0.0,1.2184696791468346e-07,-0.7204955816268921,-0.7862474918365466,9.7661771774292,8.999999999999999e-08,0.0,0.0,0.0,8.999999999999999e-08,0.0,0.0,0.0,8.999999999999999e-08
1759811081242868832,172156,1759811081239473408,base_link,0.03393242147994801,-0.03972856869827692,0.08635442503287977,-0.994893555013846,1.0,0.0,0.0,0.0,1.0,0.0,0.0,0.0,1.0,0.002300061285495758,-0.004850073717534543,-0.007932719774544239,1.2184696791468346e-07,0.0,0.0,0.0,1.2184696791468346e-07,0.0,0.0,0.0,1.2184696791468346e-07,-0.7069113254547119,-0.8531945943832385,9.764066696166992,8.999999999999999e-08,0.0,0.0,0.0,8.999999999999999e-08,0.0,0.0,0.0,8.999999999999999e-08
1759811081249037184,172157,1759811081244473408,base_link,0.0339211969180817,-0.03972327169552696,0.08636871281452498,-0.9948930071048154,1.0,0.0,0.0,0.0,1.0,0.0,0.0,0.0,1.0,0.003644821234047413,-0.0022452145349234356,-0.009466421790421009,1.2184696791468346e-07,0.0,0.0,0.0,1.2184696791468346e-07,0.0,0.0,0.0,1.2184696791468346e-07,-0.6483259201049805,-0.5895137786865222,9.812814712524414,8.999999999999999e-08,0.0,0.0,0.0,8.999999999999999e-08,0.0,0.0,0.0,8.999999999999999e-08
1759811081254490272,172158,1759811081249473408,base_link,0.03391520482160357,-0.03973503264189502,0.08636824919919135,-0.9948926277831788,1.0,0.0,0.0,0.0,1.0,0.0,0.0,0.0,1.0,0.002411548513919115,0.0032425082754343744,-0.0018056333065032963,1.2184696791468346e-07,0.0,0.0,0.0,1.2184696791468346e-07,0.0,0.0,0.0,1.2184696791468346e-07,-0.6476012468338013,-0.696918725967406,9.76850700378418,8.999999999999999e-08,0.0,0.0,0.0,8.999999999999999e-08,0.0,0.0,0.0,8.999999999999999e-08
1759811081259772192,172159,1759811081254473408,base_link,0.03391791242734814,-0.039739869322033904,0.08635050537596829,-0.9948940186291797,1.0,0.0,0.0,0.0,1.0,0.0,0.0,0.0,1.0,0.00018226192332804203,0.002402615267783404,0.005216381512582302,1.2184696791468346e-07,0.0,0.0,0.0,1.2184696791468346e-07,0.0,0.0,0.0,1.2184696791468346e-07,-0.7926626801490784,-0.654983341693877,9.802115440368652,8.999999999999999e-08,0.0,0.0,0.0,8.999999999999999e-08,0.0,0.0,0.0,8.999999999999999e-08
1759811081268909664,172160,1759811081260472896,base_link,0.03391245902027753,-0.03975227169075274,0.08634523701990442,-0.9948940607760282,1.0,0.0,0.0,0.0,1.0,0.0,0.0,0.0,1.0,0.00024104700423777103,0.0036883633583784108,0.004356522113084792,1.2184696791468346e-07,0.0,0.0,0.0,1.2184696791468346e-07,0.0,0.0,0.0,1.2184696791468346e-07,-0.765841543674469,-0.8116981387138354,9.770147323608398,8.999999999999999e-08,0.0,0.0,0.0,8.999999999999999e-08,0.0,0.0,0.0,8.999999999999999e-08
1759811081275065280,172161,1759811081269472896,base_link,0.03390491144167154,-0.039746079396744176,0.08633305658068477,-0.99489570450312,1.0,0.0,0.0,0.0,1.0,0.0,0.0,0.0,1.0,0.0009693079628050327,-0.002070781774818897,0.0028700891416519885,1.2184696791468346e-07,0.0,0.0,0.0,1.2184696791468346e-07,0.0,0.0,0.0,1.2184696791468346e-07,-0.7543842196464539,-0.7038512825965869,9.837812423706055,8.999999999999999e-08,0.0,0.0,0.0,8.999999999999999e-08,0.0,0.0,0.0,8.999999999999999e-08
1759811081287217568,172162,1759811081281472896,base_link,0.0339382120618067,-0.03973376790716744,0.08633802990880908,-0.9948946086850589,1.0,0.0,0.0,0.0,1.0,0.0,0.0,0.0,1.0,-0.006015049759298563,-0.0029434172902256255,-0.0029474485199898477,1.2184696791468346e-07,0.0,0.0,0.0,1.2184696791468346e-07,0.0,0.0,0.0,1.2184696791468346e-07,-0.7361556887626648,-0.8527814149856555,9.785557746887207,8.999999999999999e-08,0.0,0.0,0.0,8.999999999999999e-08,0.0,0.0,0.0,8.999999999999999e-08
