%time,field.header.seq,field.header.stamp,field.header.frame_id,field.twist.linear.x,field.twist.linear.y,field.twist.linear.z,field.twist.angular.x,field.twist.angular.y,field.twist.angular.z
11673000000,612,11672000000,base_link,-0.017732993120014702,-0.0035317069181372888,-0.06950441570429566,-0.00217245239764452,-0.0038795312866568565,0.000531091471202672
11681000000,613,11681000000,base_link,-0.017884442640161674,-0.003457188948349754,-0.06950063154370188,0.0011700286995619535,0.0002820240333676339,0.0003824572486337274
11688000000,614,11688000000,base_link,-0.017722003546666656,-0.0035158857666919576,-0.06954688796947292,0.001617238624021411,-0.0003317114897072315,-0.00018744595581665632
11699000000,615,11699000000,base_link,-0.01722643461251107,-0.003125762623854576,-0.06966632149093212,0.0010944274254143238,-0.0014382419176399708,-9.660945215728116e-05
11707000000,616,11707000000,base_link,-0.017233121358599012,-0.0032407777248459873,-0.06956290902097584,0.0010628470918163657,0.0013385885395109653,0.000714577850885689
11713000000,617,11711000000,base_link,-0.01717913098638386,-0.0031152304309334123,-0.0694417378681518,-0.002460458315908909,0.001693932805210352,0.00028173509053885915
11720000000,618,11720000000,base_link,-0.017222046109303016,-0.003063364934191853,-0.0695556288311141,0.0019615301862359047,0.0034124860540032387,0.001346211764030158
11728000000,619,11728000000,base_link,-0.0170303639396667,-0.003065552036505367,-0.06961186055332108,-0.003958218730986118,-0.0002751946449279787,-0.0014452276518568397
11736000000,620,11736000000,base_link,-0.017072657813680385,-0.003042204513776306,-0.06945402131043053,-0.004642903804779053,-0.0006106747314333917,-0.0012548970989882946
11744000000,621,11744000000,base_link,-0.01655793522159785,-0.003200857497288965,-0.06924688061797729,-0.0009135312866419554,0.0002611484378576278,-0.000538561784196645
11752000000,622,11752000000,base_link,-0.016370119191058324,-0.0032345379441923745,-0.0692080354376966,0.0012542845215648413,-0.00101982057094574,-0.002620806684717536
11760000000,623,11760000000,base_link,-0.016610930904736376,-0.003245782008302547,-0.06954574033158889,-0.0011627438943833113,0.0006028758361935617,0.00107268535066396
11768000000,624,11768000000,base_link,-0.016497460356855207,-0.0031588238009769174,-0.0698346162001802,-0.00012239685747772455,-0.000215525273233652,0.0009674052125774324
11776000000,625,11776000000,base_link,-0.016272896343980336,-0.0031107329517767865,-0.0699566088276032,0.00040780624840408564,-0.0017327335663139822,-0.001445632195100188
11784000000,626,11784000000,base_link,-0.01583577864823634,-0.0029186335571684307,-0.0703869295604326,0.0004445487866178155,-0.0023587390314787626,0.0016892768908292057
11792000000,627,11792000000,base_link,-0.01562846713629847,-0.0026196431616148787,-0.07035328178310227,0.0006796104134991765,-0.0003873510286211967,0.0006095424178056419
11805000000,628,11805000000,base_link,-0.015525497853063324,-0.002675367394540361,-0.0704529542729851,0.0019434276036918163,0.0033744252286851406,-0.0012630941346287732
11816000000,629,11816000000,base_link,-0.015137536158013234,-0.002489768136031717,-0.07073237263155699,-0.0004138634540140629,0.002567981835454702,-0.0018196643795818093
11824000000,630,11824000000,base_link,-0.01511970157903425,-0.002257854417068078,-0.07092936339875956,0.0007839050376787782,-0.0002859323285520072,0.0041330065578222275
11835000000,631,11835000000,base_link,-0.014899530904553695,-0.0019461985919438526,-0.07102630821022542,-0.0002975726965814829,-0.002375951036810875,-3.828172339123558e-07
11845000000,632,11844000000,base_link,-0.014965913259688608,-0.0019185360633141814,-0.07106736637894479,-0.0003251482266932726,-0.0003085280768573286,-0.0012612034333869815
11852000000,633,11852000000,base_link,-0.015070838016187452,-0.0019797512601865404,-0.07104834847160503,-0.001172591932117939,0.00036091450601816156,-0.0019411882385611534
11860000000,634,11860000000,base_link,-0.015071724974350652,-0.0018324165046420876,-0.07122019502891122,-0.0007999769877642393,0.0014392081648111341,-0.001735752681270242
11868000000,635,11868000000,base_link,-0.014865064829465632,-0.0019015464262631327,-0.07179291212773144,0.0005891852779313922,0.005072659347206354,0.003506126347929239
11875000000,636,11875000000,base_link,-0.01484166750670197,-0.002032670961464724,-0.07209855218862984,0.0009630895801819861,0.004139721859246492,0.0026187207549810405
11884000000,637,11884000000,base_link,-0.014699867941435385,-0.0018460517410717452,-0.07233702985267383,-0.0018325448036193848,0.001272652763873339,0.002612538170069456
11892000000,638,11892000000,base_link,-0.014477440876596968,-0.001703051093486174,-0.07278275884934336,0.0008036209619604051,0.0020415070466697216,0.0012170519912615416
11900000000,639,11900000000,base_link,-0.01439665170859852,-0.0017340025514447678,-0.0733091035954908,0.0007206053705886006,-0.00021319603547453883,-0.00014759611804038283
11908000000,640,11908000000,base_link,-0.014114688567239499,-0.0017923572633747225,-0.07367116933922763,0.00159141281619668,0.0007986477576196195,0.0006397822871804236
11916000000,641,11916000000,base_link,-0.014060122596227529,-0.0016412284363822533,-0.07416314985101058,-0.0009396125096827745,0.002051168587058783,0.0019792902749031778
11924000000,642,11924000000,base_link,-0.014097926755387985,-0.001741566009786621,-0.07432461593901772,-0.0006995629519224167,0.00199696933850646,0.0001802393671823663
11932000000,643,11932000000,base_link,-0.013998446872613061,-0.0015137837047696627,-0.07477695852734062,0.0020342485513538122,-0.001559439580887556,-3.433367965044435e-05
11943000000,644,11943000000,base_link,-0.014130632544720901,-0.0011590505578467985,-0.07513166510885866,0.0026852446608245373,-0.0006840871647000316,-0.0022846790961921215
11948000000,645,11948000000,base_link,-0.014093841821184831,-0.0012317751397606796,-0.07523964356272456,-0.0014678207226097584,0.002322171349078417,0.0015315333148464558
11956000000,646,11956000000,base_link,-0.014055520767450019,-0.0009983898843969172,-0.07554504800770202,0.0007202174747362733,0.001350367907434702,-0.00014802458463236706
11964000000,647,11964000000,base_link,-0.014109129132175055,-0.0010790576110009844,-0.0757987414060546,0.0003571154084056616,0.00021763751283288013,0.0008019045926630497
11975000000,648,11975000000,base_link,-0.014218484207321757,-0.0007360427186060346,-0.07604199509473188,-0.003172425553202629,-0.0022842097096145153,-5.23664311913305e-05
11983000000,649,11983000000,base_link,-0.014187572054428723,-0.00030449898091480516,-0.07634455004315548,-0.0014745062217116356,-0.0014899522066116335,-0.0015513786347582934
11991000000,650,11991000000,base_link,-0.014341877424948683,-0.00045300178350385877,-0.07635071546036282,0.0004670349298976362,-0.00046802731230854956,0.0026634999085217714
11999000000,651,11999000000,base_link,-0.014138034940570433,-0.0001565657959997763,-0.07643934725495909,0.001742072869092226,-0.0007214290089905262,-6.08646332693751e-05
12012000000,652,12011000000,base_link,-0.013587104102848933,0.0003172790618987992,-0.07658230884472539,0.0009126183576881886,0.0014104736037552357,0.00022737334074918164
12024000000,653,12024000000,base_link,-0.013370509785199481,0.0005328142686408892,-0.07648267568308899,0.003992553800344467,0.0009233918972313404,-0.00033550302032381307
12035000000,654,12035000000,base_link,-0.013519958336484117,0.0006298079055193184,-0.07643735541543947,0.0022737886756658554,-0.0010462366044521334,-0.001051480765454471
12043000000,655,12043000000,base_link,-0.013612194973852569,0.0007108116303781146,-0.07635600073615838,0.0030735714826732874,0.00027527054771780957,-0.0010516283800825477
12051000000,656,12051000000,base_link,-0.01377720394918438,0.0005771137295581764,-0.07614599260278418,0.0014857947826385498,0.00024655321612954134,-0.000650544126983732
12059000000,657,12059000000,base_link,-0.01368333196486213,0.0008028765939376247,-0.07653681009681335,0.0008170969085767865,-0.0015218388289213178,0.0019954275339841843
12072000000,658,12072000000,base_link,-0.013823805451285504,0.0008925023138999197,-0.07628740466301308,0.00023430073633790016,-0.005229157395660877,-0.0031750302296131845
12080000000,659,12080000000,base_link,-0.013581160230821721,0.0008077438807557122,-0.07664820486021998,-5.793105810880661e-05,0.0011041229590773582,-0.0002311909920535983
12091000000,660,12091000000,base_link,-0.013808880409192465,0.0008225129413029748,-0.07657509616057735,-0.00016189843881875277,0.0028273477219045162,0.00025026925140991774
12099000000,661,12099000000,base_link,-0.013961234327505134,0.0007148320564057507,-0.07663540694929652,0.0007548831636086106,0.001352026592940092,-0.0007782386965118351
12107000000,662,12107000000,base_link,-0.013953520070874817,0.0010008607995027853,-0.07682977777820162,-0.0006375795928761363,0.0028933840803802013,0.0008925787988118824
12116000000,663,12116000000,base_link,-0.013683155685700853,0.0010905605850930486,-0.07691843523034628,-0.0007825555512681603,0.001435485668480396,-0.00094439770327881
12124000000,664,12124000000,base_link,-0.013383481229586035,0.001221265395583526,-0.07677759767445766,-0.0008423005929216743,0.00036221090704202663,0.0007092939340509474
12132000000,665,12132000000,base_link,-0.013014194175645085,0.001263940489304955,-0.07700423063540772,-8.113088551908731e-05,0.0016240044496953485,-0.0010609538294374945
12140000000,666,12139000000,base_link,-0.012767802425503289,0.0012560370691126607,-0.07729478812795428,-0.0022296197712421417,-0.0002465159632265566,0.0012761105317622423
12148000000,667,12148000000,base_link,-0.012735226342104753,0.0011632959297979907,-0.07745474710932845,0.000161029864102602,-0.002246820833534002,0.002053792122751475
12156000000,668,12156000000,base_link,-0.012373081291662957,0.0011611505731753344,-0.07757709913666534,0.0014466209104284644,-0.0012983460910618307,-0.0010208105668425558
12164000000,669,12163000000,base_link,-0.012397520094462725,0.0011659282428941745,-0.07781976503335748,-0.0003951543476432562,-0.003346277866512537,0.0011319564655423169
12172000000,670,12171000000,base_link,-0.012262702587288642,0.0011792500020443276,-0.07806289227858156,-9.405601304024458e-05,-0.00302179460413754,0.0007262658909894529
12179000000,671,12179000000,base_link,-0.012224780135748119,0.0012813467469058343,-0.07824364332228988,0.00041654077358543873,0.0009769392199814326,0.004573564510792494
12187000000,672,12187000000,base_link,-0.012146020533635723,0.0010500050054375483,-0.07829459035855968,-9.0036541223526e-05,0.00039560347795486466,0.001424993621185422
12195000000,673,12195000000,base_link,-0.012243586998342205,0.001103962201872262,-0.07815766701364349,-4.526926204562187e-06,0.0004689446650445465,0.0031826626509428024
12203000000,674,12203000000,base_link,-0.012477810747463729,0.0010076474971507363,-0.07825077160119485,0.0021682544611394405,0.002207719720900059,0.001990811433643102
12212000000,675,12212000000,base_link,-0.012496761435548783,0.0008067670251157734,-0.07861640605268308,-0.001166205620393157,-0.00013724481686949722,0.000664672115817666
12220000000,676,12220000000,base_link,-0.012340990929534527,0.0009135155530036955,-0.07880627169265189,0.002731604501605034,0.004011074546724558,-0.0012950376840308313
12228000000,677,12228000000,base_link,-0.01241349973935231,0.0009728937097791496,-0.0791687233295561,0.001471883151680231,0.0017102588899433613,-0.00041227068868465743
12236000000,678,12236000000,base_link,-0.01247193993010513,0.0011439549258167798,-0.07969044074291202,-0.0010975454933941364,0.0014807023108005522,-0.00127784232608974
12244000000,679,12244000000,base_link,-0.012709341066606032,0.0010376496200643934,-0.07976548620725707,-4.568556323647499e-05,-0.002168863546103239,-0.0007731432560831306
12251000000,680,12251000000,base_link,-0.012772867108706181,0.0008808350815526381,-0.07995492014003283,0.004987755790352821,-0.0016734160017222164,0.002277958672493696
12259000000,681,12259000000,base_link,-0.012834115444800537,0.0007544650506568205,-0.08039516053835621,0.002234189072623849,0.001155124045908451,-0.00024305036640726043
12267000000,682,12267000000,base_link,-0.012484680653983993,0.0008615453177622016,-0.08044744191489774,0.001429903320968151,0.00314154801890254,-0.00036167100188322403
12275000000,683,12275000000,base_link,-0.012396533646671827,0.0007615418036904229,-0.08068580391002181,0.002935628406703472,-0.0017218743450939655,9.380336268804989e-05
12283000000,684,12283000000,base_link,-0.012301841374036022,0.001015088848156939,-0.08088642797438907,-0.0011550497729331255,-0.0018972761463373902,-0.0020638688001781698
12291000000,685,12291000000,base_link,-0.012254700723650097,0.0012035610846933833,-0.08116807078859252,0.0010917983017861843,0.00028079142794012996,-0.0021141869947314262
12299000000,686,12299000000,base_link,-0.012495585061502142,0.001383643172520625,-0.08175974068494199,-0.0013244912261143327,-0.0014891023747622971,-0.0028303288854658604
12307000000,687,12307000000,base_link,-0.012710282649415374,0.0012958608783039454,-0.08245305220260138,0.0006057046120986342,0.001901821233332157,-0.002366454573348165
12315000000,688,12315000000,base_link,-0.012881612931309381,0.001350391514835934,-0.08290932833831269,-0.0022506765089929104,-0.0027810854371637106,0.0008334820158779624
12323000000,689,12323000000,base_link,-0.012957607866045275,0.00135386453534607,-0.08302482807979178,-2.5650952011346817e-05,-0.00034583080559968954,-0.0005793600575998425
12331000000,690,12331000000,base_link,-0.01299663377220157,0.001481622073430393,-0.08316534182720903,0.002856993582099676,0.00012500910088419925,0.0009489157237112522
12339000000,691,12339000000,base_link,-0.012895490287944905,0.001712962481668398,-0.08343850094905172,0.0009070519590750337,0.0014378102496266367,0.00251582614146173
12347000000,692,12347000000,base_link,-0.012947520575555062,0.0013833463809370657,-0.08386948512957247,0.0020667724311351776,0.0023518130183219914,0.0025207065045833583
12359000000,693,12359000000,base_link,-0.012901857788427444,0.0018625019814877616,-0.08449347108193066,0.0006050794618204236,-0.0013788202777504923,-0.0017509172903373835
12368000000,694,12367000000,base_link,-0.012721122950765076,0.0017202603707630688,-0.0848265080429718,0.0005091363564133644,-0.001640775240957737,0.00022118934430182
12380000000,695,12380000000,base_link,-0.01258738370849336,0.0017043434827586062,-0.08559530958435589,0.0005236014258116484,0.002670666668564081,0.0008278235327452418
12391000000,696,12391000000,base_link,-0.012475880358290213,0.0019243618253193782,-0.08601210954611034,0.003778107464313507,0.0006019975990056992,-1.1006224667653516e-05
12399000000,697,12399000000,base_link,-0.01238304030107637,0.0018203917134294958,-0.08612351383179723,0.0021010395139455795,0.0015902598388493063,0.001683363690972328
12407000000,698,12407000000,base_link,-0.012010506208516453,0.0019943608369726532,-0.08628011506187329,0.0003553893184289336,0.002061363309621811,7.709840429015432e-05
12420000000,699,12420000000,base_link,-0.01232809410416142,0.0018552949595815138,-0.08634600619287801,0.0013573631877079606,-0.0035982436966151,-0.0016499704215675588
12431000000,700,12431000000,base_link,-0.01252789605742031,0.0019574973386130524,-0.08712653005719338,0.00022637401707470417,-4.82196919620035e-05,0.0017332338029518723
12443000000,701,12443000000,base_link,-0.012830795118832892,0.002191876217205121,-0.08757623947804304,0.0010366435162723064,0.0012886985205113888,-0.0004951298469677569
12456000000,702,12456000000,base_link,-0.013003405434969572,0.0020783506098551456,-0.08800578896549485,0.0018622841453179717,0.0007321666926145556,0.0018710499862208962
12467000000,703,12467000000,base_link,-0.013136154142081547,0.0020537038244514486,-0.08856130611763899,0.0025003431364893913,-0.0005089291371405125,-0.00011149819329148152
12479000000,704,12479000000,base_link,-0.012992457771038968,0.00224741264056904,-0.08874765165364301,-0.0007901415228843689,0.0011054039932787418,-0.00017837848281487836
12492000000,705,12492000000,base_link,-0.013177429763731313,0.0024513205937065903,-0.0893543940377374,0.0017735045403242111,-6.764987483620682e-05,-0.003124598879367113
12500000000,706,12500000000,base_link,-0.013290776207689727,0.002488292618591092,-0.08964673747619388,0.00027342699468135834,-0.0025446531362831593,-0.0007905175443738696
12508000000,707,12508000000,base_link,-0.013452706979490862,0.0025732859851587166,-0.08999135198893192,-0.0014735483564436436,-0.0033196003641933203,-0.00025789072969928346
12516000000,708,12515000000,base_link,-0.01352653478282157,0.0026002734606204304,-0.09035699593697527,0.0002442828845232725,0.002435931470245123,0.0009545381180942055
12523000000,709,12523000000,base_link,-0.013400382761264526,0.0025356465607681636,-0.09054425380389364,0.0010637306841090322,0.002804988529533148,0.0014819526113569732
12531000000,710,12531000000,base_link,-0.013493515537501468,0.0027368332163460784,-0.09110006033419159,0.0024262042716145515,-0.0003641513176262382,-0.0025347184855490923
12539000000,711,12539000000,base_link,-0.013554247890490917,0.0025421673336044966,-0.09102507237775204,0.0018057279521599412,-0.00022726692259311681,-0.0004869231779593974
12547000000,712,12547000000,base_link,-0.01337284505166671,0.002414428069311147,-0.09115840849766363,-0.00047781970351934433,-0.00034146616235375404,0.00016917090397328144
12555000000,713,12555000000,base_link,-0.013240396251011765,0.002117096029719163,-0.09126671132710462,-0.0023036180064082146,-0.0016325032338500023,0.0004694768285844477
12563000000,714,12563000000,base_link,-0.013096405419101627,0.0017702406266107,-0.09141587747861575,-0.001962152309715748,0.0007533300668001176,0.0009404885349795221
12572000000,715,12572000000,base_link,-0.013087495973034153,0.002035968333097521,-0.09170202060311992,0.0014552490320056677,0.0038112532347440715,-0.0022174820769578223
12580000000,716,12580000000,base_link,-0.012921930185337018,0.0022531293116406226,-0.0915725582314297,-0.00026720587629824877,0.0014626397751271723,-0.0025516448076814413
12588000000,717,12588000000,base_link,-0.012700491428975873,0.0013377568347953223,-0.08788109307817138,0.0028952565044164658,0.0011853040196001525,-0.0036144708283245564
12596000000,718,12596000000,base_link,-0.012569214189891447,-0.0001973862852420402,-0.08205548722456464,0.02123897708952427,0.0006061787717044353,-0.00013092329027131208
12604000000,719,12604000000,base_link,-0.012355844550411794,-0.0014409791270939766,-0.0774812529750289,0.045957982540130615,0.005639074370265007,0.0008084992878139013
12612000000,720,12611000000,base_link,-0.012242534305103244,-0.0014936665766518053,-0.07283575988398189,0.04937048256397247,0.014588518999516964,0.003339062444865702
12619000000,721,12619000000,base_link,-0.01232825591500764,-0.0015284406431698495,-0.06599409281409378,0.028002029284834862,0.017910070717334747,0.01105266436934471
12627000000,722,12627000000,base_link,-0.012304443660488088,-0.0016420972940865337,-0.057505650987179836,0.028316866606473923,0.004368447698652746,0.012601071037352085
12635000000,723,12635000000,base_link,-0.012186300402249214,-0.0014262041939780649,-0.04900192787172767,0.04023214802145958,0.003365489654242994,0.014776400290429592
12643000000,724,12643000000,base_link,-0.01223626716974363,-0.0017279323944093148,-0.04524738686958398,0.025631938129663467,0.016113393008708957,0.028480865061283108
12651000000,725,12651000000,base_link,-0.01206201930095013,-0.0014483362299575631,-0.039652938115252744,-0.008679636754095554,0.03673489391803742,0.05242574959993362
12660000000,726,12660000000,base_link,-0.012118650787923858,-0.0015580920177629635,-0.037682893677130076,0.03772354871034622,0.0465461015701294,0.06726435571908951
12668000000,727,12668000000,base_link,-0.012024136010735511,-0.0019037862568822526,-0.034792130770293854,0.0971745178103447,0.06853003799915315,0.06633724272251128
12682000000,728,12682000000,base_link,-0.011679798713988703,-0.0026731046742226763,-0.03189786662262252,0.18937194347381592,0.09144203364849092,0.06917927414178847
12687000000,729,12687000000,base_link,-0.011194060322220322,-0.0033767066156678393,-0.03147637618832561,0.21811343729496002,0.0877496972680092,0.07339590787887572
12699000000,730,12699000000,base_link,-0.010920891471210586,-0.00435383322147232,-0.028064236531926377,0.12408408522605896,0.02662719599902631,0.07942219823598862
12712000000,731,12712000000,base_link,-0.01067609662489593,-0.0055388306914033215,-0.019305541433505997,0.03581925854086876,-0.01936522126197814,0.07780441641807556
12723000000,732,12723000000,base_link,-0.010029142931562441,-0.0067620024601025095,-0.004533118026554069,-0.026359446346759796,-0.04151759296655654,0.06966888904571533
12736000000,733,12736000000,base_link,-0.01042816115869951,-0.0075958042008631675,0.003794652930338605,-0.25993970036506653,-0.11126895248889922,0.06239414960145952
12747000000,734,12747000000,base_link,-0.010290488026897707,-0.007677740059372782,0.00561481279211747,-0.32133370637893677,-0.08236289024353026,0.05882068723440171
12759000000,735,12759000000,base_link,-0.010520946742624954,-0.007988185544985331,0.009325711208302593,-0.2117103785276413,-0.026736322790384286,0.06261652708053589
12767000000,736,12767000000,base_link,-0.010679643605408238,-0.008098283157103401,0.014586920322281795,-0.19428175687789917,-0.027956204488873475,0.060477711260318756
12780000000,737,12780000000,base_link,-0.010632180828668698,-0.007881784052356093,0.026799896642631167,-0.1747695505619049,-0.08747215569019318,0.05534091964364053
12791000000,738,12791000000,base_link,-0.01035095856201655,-0.007070496487388738,0.03199569321045124,-0.23803848028182983,-0.1097954586148262,0.049909513443708434
12803000000,739,12803000000,base_link,-0.010533466694799912,-0.0063390595656301375,0.04303570213762389,-0.3002771735191345,-0.15424659848213196,0.05594436451792719
12816000000,740,12816000000,base_link,-0.010858050082386814,-0.005114519475228537,0.05618256632255862,-0.29425689578056335,-0.22233262658119202,0.07685124129056933
12827000000,741,12827000000,base_link,-0.011560116370590139,-0.0034059374754103894,0.06963836860832798,-0.26406046748161316,-0.3338990807533264,0.0924557819962502
12840000000,742,12840000000,base_link,-0.012562158734895155,-0.00117595503661172,0.08005971425484994,-0.29614877700805664,-0.39074796438217163,0.09122360497713093
12848000000,743,12847000000,base_link,-0.013783157802904395,0.0005098557489649986,0.08685654169519245,-0.3750092089176178,-0.4732142388820648,0.08077699691057211
12860000000,744,12860000000,base_link,-0.015937059840252645,0.003339110502209087,0.09715641521652699,-0.3802623450756073,-0.5038818717002869,0.06423953920602804
12868000000,745,12868000000,base_link,-0.01756011229210738,0.0054584895883353106,0.10387062388255637,-0.31422996520996094,-0.5544071197509766,0.05379397049546249
12879000000,746,12879000000,base_link,-0.020866900890963515,0.008953658324835714,0.11435045112968213,-0.2970777451992035,-0.5883346796035767,0.036989979445934365
12887000000,747,12887000000,base_link,-0.023162733274097673,0.011573974291950683,0.12564549619152435,-0.2806461751461029,-0.5907204151153564,0.031153310090303494
12895000000,748,12895000000,base_link,-0.026422316712434685,0.014570199157355104,0.13674352648178628,-0.2840287983417511,-0.6054229736328125,0.03426549211144455
12907000000,749,12907000000,base_link,-0.031028882776489106,0.0185846880508246,0.1575497573931843,-0.3062032163143158,-0.5969167947769165,0.05941264703869827
12915000000,750,12915000000,base_link,-0.034884163640570474,0.021638321134819075,0.1701852078587194,-0.31695184111595154,-0.5864205956459045,0.06174620613455779
12928000000,751,12928000000,base_link,-0.04064509041036484,0.026016416113456155,0.19366088494227737,-0.36633944511413574,-0.5968297719955444,0.04537369310855873
12936000000,752,12936000000,base_link,-0.045038765041467616,0.029272194770204454,0.20546716040028767,-0.37962859869003296,-0.5816640257835388,0.04325104132294662
12944000000,753,12944000000,base_link,-0.0497217730680986,0.03286317110201233,0.21118695783152283,-0.38760292530059814,-0.5519775748252869,0.049773596227169106
12955000000,754,12955000000,base_link,-0.057800850852964575,0.03915802622667662,0.22279377729714617,-0.4065515995025635,-0.5108492374420166,0.059970185160636964
12967000000,755,12967000000,base_link,-0.06601789572016076,0.04495813831619734,0.2282195390747961,-0.30720609426498413,-0.3460555970668793,0.058324217796325725
12975000000,756,12975000000,base_link,-0.07227103566628759,0.04975962743617601,0.2337151547713598,-0.259463369846344,-0.29699259996414185,0.05068613216280941
12983000000,757,12983000000,base_link,-0.07836468778708722,0.05446611707400527,0.23698232281220244,-0.16059699654579163,-0.18147799372673035,0.03707132861018183
12991000000,758,12991000000,base_link,-0.08511468078406716,0.05987906260016489,0.24044717651215888,-0.08107295632362366,-0.05976930260658264,0.026437141001224525
12999000000,759,12999000000,base_link,-0.09207529124412406,0.06527393059692096,0.24325832588965815,-0.018427789211273193,0.03979305177927017,0.014137774705886836
13007000000,760,13007000000,base_link,-0.09864577899738965,0.0704437421423574,0.24632205695603254,0.07610655575990677,0.13969777524471283,-0.001534478389658051
13015000000,761,13015000000,base_link,-0.10536736273124167,0.07553858558073262,0.2486207566486449,0.14945843815803528,0.15730886161327362,-0.010861206799745579
13024000000,762,13024000000,base_link,-0.11209078181840909,0.08110337781989968,0.24947822978665218,0.2997206449508667,0.17457260191440582,-0.019592074677348158
13032000000,763,13032000000,base_link,-0.11846370852432737,0.08631933653263449,0.25378928088211816,0.4179984927177429,0.173468679189682,-0.019261403009295484
13040000000,764,13040000000,base_link,-0.124580761239693,0.09147555310651717,0.2562058608851248,0.4407826066017151,0.1704338937997818,-0.02259918861091139
13048000000,765,13048000000,base_link,-0.13047492495233068,0.09609467970287386,0.2618008961644706,0.4186462163925171,0.12884928286075592,-0.026740182191133516
13059000000,766,13059000000,base_link,-0.13965707826878657,0.10273391934729544,0.2707625606091588,0.3556749224662781,0.07714460045099258,-0.020466232672333728
13067000000,767,13067000000,base_link,-0.14549251371218164,0.10631372206202148,0.2765115787573452,0.27963948249816895,0.0351434126496315,-0.01746071316301823
13079000000,768,13079000000,base_link,-0.15396632054281573,0.11144613207430916,0.28402158611879114,0.19112712144851685,0.014175513759255408,-0.018267473205924038
13092000000,769,13092000000,base_link,-0.16251880018327863,0.11657473892782114,0.30118529726367826,0.17731918394565582,-0.009254815988242626,-0.0027785485144704567
13100000000,770,13100000000,base_link,-0.16802133323586893,0.11998110882402367,0.3142437682037201,0.2139062136411667,-0.021414557471871376,-0.004468208644539115
13108000000,771,13108000000,base_link,-0.17356762280222843,0.12307855383681736,0.3258830941646874,0.1541694551706314,-0.02003375254571438,-0.010282480157911776
13116000000,772,13116000000,base_link,-0.17900057407073927,0.12601487448970816,0.33295610763299477,0.08335031569004059,-0.067697674036026,-0.014572545886039725
13124000000,773,13124000000,base_link,-0.18432020949494599,0.1290287695269116,0.33878616297518493,0.0900019183754921,-0.09929131716489792,-0.020757837221026407
13132000000,774,13132000000,base_link,-0.1899273935502886,0.13215791705088942,0.3439207209099373,0.16427333652973175,-0.1173536479473114,-0.01940885186195372
13140000000,775,13140000000,base_link,-0.19568814630913922,0.13518140346171517,0.3514417440458632,0.1879298835992813,-0.11464207619428635,-0.019217435270547853
13151000000,776,13151000000,base_link,-0.20430316801470214,0.13939584237744904,0.3630194000457387,0.20741219818592072,-0.08135075867176056,-0.013989648781716813
13159000000,777,13159000000,base_link,-0.21032510839526863,0.14167813835190807,0.37701554974901014,0.20116306841373444,-0.05209488794207573,-0.01608313433825969
13172000000,778,13172000000,base_link,-0.21923036803611792,0.14537800430700812,0.3903254790337431,0.15811754763126373,0.11969465762376785,-0.00434571504592897
13183000000,779,13183000000,base_link,-0.2285118974217824,0.14848289609582188,0.3979715513976537,0.08147549629211426,0.2704280912876129,-0.003025869373232159
13196000000,780,13196000000,base_link,-0.23714171099858605,0.15072398014814561,0.40846826550057763,0.050419293344020844,0.3874075412750244,0.005266728810965967
13204000000,781,13204000000,base_link,-0.24383762532507267,0.15193745264638273,0.41259645021423397,0.013386169448494911,0.46819213032722473,0.005565611645579281
13215000000,782,13215000000,base_link,-0.25203011478406984,0.1544817571070442,0.4213258058559553,0.003459024941548705,0.5312144756317139,0.013629977591335708
13228000000,783,13227000000,base_link,-0.26109542604871916,0.15733691775065475,0.4270027956820514,0.027898026630282402,0.5918496251106262,0.03147229924798005
13236000000,784,13235000000,base_link,-0.26545899249409416,0.15871351797336533,0.4302157256885829,0.07712896913290024,0.6215447187423706,0.03324827924370758
13248000000,785,13248000000,base_link,-0.27373824385170437,0.16166425398937048,0.4327700099509289,0.1697511225938797,0.6675214767456055,0.04457905143499366
13256000000,786,13256000000,base_link,-0.2781794212375971,0.16359572509740836,0.4380661781301239,0.18858422338962555,0.6670461893081665,0.04739278182387344
13267000000,787,13267000000,base_link,-0.2838646389289025,0.16642476236560327,0.45420951546772015,0.2368229627609253,0.6304792761802673,0.05590625852346413
13275000000,788,13275000000,base_link,-0.28559870708554336,0.16780678288407264,0.46382873002280156,0.2701043486595154,0.6079103350639343,0.06309629976749413
13283000000,789,13283000000,base_link,-0.2893002422723506,0.17045081332439385,0.4660635825618891,0.2980602979660034,0.5641093254089355,0.06790129840373986
13292000000,790,13292000000,base_link,-0.29253289676018673,0.17210890734963305,0.4653693891743581,0.25451213121414185,0.5499628782272339,0.04183413088321679
13300000000,791,13300000000,base_link,-0.2936277493424011,0.17260021815683613,0.4684253381790524,0.22099988162517548,0.5538881421089172,0.03278615698218339
13308000000,792,13308000000,base_link,-0.29552616570536766,0.1731711036596003,0.4754163042328342,0.15364830195903778,0.5809614658355713,0.00511551322415464
13316000000,793,13316000000,base_link,-0.2970034396309264,0.17364883058916103,0.48079116097317,0.10933376848697662,0.5886878967285156,-0.025014039129018856
13324000000,794,13324000000,base_link,-0.2982987950875174,0.17366772651691378,0.486916118505462,0.06561829149723053,0.5811612010002136,-0.032404422760009835
13332000000,795,13332000000,base_link,-0.2989997878480398,0.17371889170967897,0.49285362202158206,-0.04932704195380211,0.5512323379516602,-0.03956511616706855
13340000000,796,13340000000,base_link,-0.299361525573233,0.17348710985221805,0.4961645189597916,-0.06764772534370422,0.5384790301322937,-0.04141491651535041
13348000000,797,13348000000,base_link,-0.2994733206091788,0.17308354090855685,0.49995597497381067,-0.0693187564611435,0.5327817797660828,-0.045429818332195344
13356000000,798,13355000000,base_link,-0.2979242289645145,0.17312393208200347,0.5076457827070774,-0.08068961650133133,0.5350383520126343,-0.045860841870307985
13364000000,799,13363000000,base_link,-0.29832998025330526,0.17268238737609068,0.5135295562688099,-0.10681618005037308,0.5248753428459167,-0.04025558009743697
13375000000,800,13374000000,base_link,-0.29729934971743144,0.17267257013889978,0.5199452667756522,-0.09363676607608795,0.5221141576766968,-0.02079802379012114
13379000000,801,13379000000,base_link,-0.29508529462187344,0.17274245213876646,0.5247894039899877,-0.07076169550418854,0.5510581135749817,-0.015011224895715781
13387000000,802,13387000000,base_link,-0.2954086378678611,0.1734983834597011,0.528230456583511,0.03654829040169716,0.6496962904930115,-0.01574934832751759
13395000000,803,13395000000,base_link,-0.29256904914891124,0.17421323191828186,0.5347322039678086,0.07863461226224899,0.6820959448814392,-0.01290641259402045
13408000000,804,13408000000,base_link,-0.2913840228868537,0.1758534096419595,0.538418692537872,0.17153330147266388,0.7047590017318726,-0.02134640887379655
13416000000,805,13415000000,base_link,-0.287043139295581,0.17627460268167214,0.5377346723287321,0.1876995861530304,0.7187865376472473,-0.024913560599088756
13424000000,806,13423000000,base_link,-0.2862426846126126,0.17745909345965624,0.5372304060154623,0.23389555513858795,0.7616029381752014,-0.03259216994047174
13432000000,807,13431000000,base_link,-0.2835102555085621,0.17824765595326617,0.540906531577402,0.2887643873691559,0.7622526288032532,-0.03754509240388879
13439000000,808,13439000000,base_link,-0.2784835815637346,0.17828572008445873,0.5425251090455059,0.28905072808265686,0.763414204120636,-0.04394878074526796
13447000000,809,13447000000,base_link,-0.2740378447013036,0.1788876742620896,0.5494794000951412,0.26919928193092346,0.7477127909660339,-0.053044818341732115
13455000000,810,13455000000,base_link,-0.2711615903918013,0.17968255447607645,0.5570333946217183,0.19842305779457092,0.6899421811103821,-0.08155765384435662
13463000000,811,13463000000,base_link,-0.2646532158737084,0.17898730019092257,0.5666827244076912,0.17171618342399597,0.6835351586341858,-0.08686724305152901
13471000000,812,13471000000,base_link,-0.2609333611769707,0.17894058932436016,0.5737649886659754,0.14171406626701355,0.657078206539154,-0.09012430906295785
13479000000,813,13479000000,base_link,-0.25500792449936815,0.17845340241002133,0.581772046667841,0.12816713750362396,0.5876538753509521,-0.10393925756216056
13487000000,814,13487000000,base_link,-0.2475055269404457,0.1777214783901931,0.591821322355032,0.13368196785449982,0.5361803770065308,-0.11492803692817695
13495000000,815,13495000000,base_link,-0.242079241619065,0.1774794501283593,0.5955591405597574,0.21058164536952972,0.4686488211154938,-0.13304293155670172
13503000000,816,13503000000,base_link,-0.2334653162664496,0.17659837314968224,0.5985642236413922,0.25002527236938477,0.4152929186820984,-0.1433903872966767
13512000000,817,13512000000,base_link,-0.2261778715219403,0.17677260780823262,0.596746988328003,0.31482723355293274,0.2649882435798645,-0.1390403509140015
13520000000,818,13520000000,base_link,-0.21774270536888404,0.17638501620236127,0.599075611735145,0.3109307587146759,0.2214127331972122,-0.1362223029136658
13528000000,819,13528000000,base_link,-0.2084752964865082,0.17559973891924388,0.6020358830305118,0.30175986886024475,0.1510633826255798,-0.135302871465683
13536000000,820,13536000000,base_link,-0.19920112481024188,0.17489358591723939,0.605401643134502,0.3259490430355072,0.11169628798961638,-0.1460980921983719
13544000000,821,13544000000,base_link,-0.18975995154849523,0.17476058944193598,0.6113134999546168,0.42367812991142273,0.03707640990614889,-0.17250517010688782
13552000000,822,13552000000,base_link,-0.1798114998173439,0.17332554662575647,0.6191208171799563,0.4623584449291229,0.02001296728849409,-0.17831158638000488
13560000000,823,13560000000,base_link,-0.17037093845888612,0.17374430232297675,0.6271043100426152,0.5421333909034729,-0.01882483065128329,-0.18565911054611206
13568000000,824,13567000000,base_link,-0.16082999230535822,0.1730909046496496,0.6353642356872914,0.6039869785308838,-0.04764399304986002,-0.17432372272014618
13576000000,825,13576000000,base_link,-0.15091378359572988,0.17286387706216974,0.6457077464543614,0.6371443271636963,-0.06308831274509433,-0.17390324175357819
13584000000,826,13583000000,base_link,-0.14169007612882684,0.17175561045107957,0.6520395916263309,0.6759931445121765,-0.07251148670911792,-0.17438066005706787
13592000000,827,13591000000,base_link,-0.13249346071070217,0.17038349822366622,0.6595042696159598,0.6805911660194397,-0.0599169470369816,-0.17016397416591644
13600000000,828,13599000000,base_link,-0.12398535951790426,0.1688747965502197,0.6676963972143364,0.7028123140335083,-0.0003990614786744327,-0.17075951397418976
13607000000,829,13607000000,base_link,-0.11561369893473085,0.16705734632454888,0.6778034262900745,0.7382137179374695,0.062430277466773966,-0.1729293018579483
13615000000,830,13615000000,base_link,-0.10694308795264898,0.1632861867264051,0.6886843349794604,0.7629347443580627,0.05716453492641447,-0.17225408554077148
13623000000,831,13623000000,base_link,-0.09836086514606865,0.1638027364904673,0.6944936313027785,0.866235613822937,0.03377594053745268,-0.17082960903644562
13631000000,832,13631000000,base_link,-0.08949754560149409,0.15935297761705422,0.6981155682159611,0.8976205587387085,0.04723658040165899,-0.17254582047462463
13639000000,833,13639000000,base_link,-0.08133301934633166,0.15951528395163314,0.7023171916413883,0.9512009620666504,0.10094533860683438,-0.18135473132133484
13647000000,834,13647000000,base_link,-0.07314069924619715,0.15698396019963567,0.7073909552981367,1.0047624111175537,0.14128968119621274,-0.20636175572872165
13658000000,835,13658000000,base_link,-0.06470029762890014,0.15385427417014402,0.7122226851279434,1.067588448524475,0.1494020968675613,-0.22225970029830935
13663000000,836,13663000000,base_link,-0.056484181523494485,0.1511674857370646,0.7189132233505603,1.1127471923828125,0.11867827177047727,-0.23597174882888797
13671000000,837,13671000000,base_link,-0.04780312948008835,0.14425002368378995,0.7251760687484955,1.0923460721969604,0.08865089714527127,-0.24219413101673126
13679000000,838,13679000000,base_link,-0.03928454406228575,0.14283463802358765,0.7257656433795184,1.0527994632720947,0.036046385765075656,-0.24802809953689575
13691000000,839,13691000000,base_link,-0.025233184582404825,0.13212363916827413,0.7334773221783315,1.0632336139678955,7.65337608754346e-05,-0.23578865826129913
13704000000,840,13704000000,base_link,-0.012111731289312117,0.12627050772361237,0.7411118582229835,1.1035417318344116,0.06808334589004514,-0.20959274470806122
13715000000,841,13715000000,base_link,0.0007868908679145997,0.11659829366132009,0.7436383256285999,1.1606714725494385,0.13516588509082791,-0.22383867204189303
13728000000,842,13727000000,base_link,0.014066266026388538,0.10625753044970306,0.7436019668344757,1.256937026977539,0.10008057206869123,-0.24969324469566345
13736000000,843,13735000000,base_link,0.022918889186322858,0.09863027564383157,0.744706921050558,1.2873680591583252,0.09607948362827298,-0.26295334100723267
13747000000,844,13747000000,base_link,0.03227010679151163,0.09026013203766323,0.7495492697163368,1.331081748008728,0.08978807926177974,-0.28358328342437744
13752000000,845,13751000000,base_link,0.041624528703732844,0.07769094297827549,0.7525197993101111,1.3639253377914429,0.07789467275142666,-0.29230594635009766
13759000000,846,13759000000,base_link,0.05069863241170794,0.07264542163885013,0.7585841263650697,1.365716576576233,0.10080204159021373,-0.31038886308670044
13767000000,847,13767000000,base_link,0.05964020003070403,0.0626968540247751,0.7686517569514307,1.3916633129119873,0.13905000686645505,-0.31701937317848206
13775000000,848,13775000000,base_link,0.06937969574266684,0.04733767632302131,0.7809485061669449,1.4191128015518188,0.144303023815155,-0.3196341395378113
13783000000,849,13783000000,base_link,0.07799703280450226,0.04110098370544024,0.7910303178599023,1.438700795173645,0.14727228879928586,-0.3239499032497406
13791000000,850,13791000000,base_link,0.08792836543263707,0.024643951978415984,0.796261553806672,1.436196208000183,0.139355793595314,-0.3293253481388092
13799000000,851,13799000000,base_link,0.09757654614064228,0.016797643297375986,0.8002030727831414,1.4516969919204712,0.08727130293846126,-0.3381040692329407
13807000000,852,13807000000,base_link,0.10799234519516596,0.0038832965545810005,0.8020304949064458,1.4089607000350952,0.026282541453838307,-0.33721819519996643
13815000000,853,13815000000,base_link,0.11868128455957107,-0.014807502302206538,0.8023556952691824,1.351728916168213,-0.012130123563110868,-0.3316318094730377
13823000000,854,13823000000,base_link,0.12933741421760886,-0.02548702223813515,0.8059102443705343,1.2868045568466187,-0.021640773862600365,-0.3204687833786011
13831000000,855,13831000000,base_link,0.14009140215075047,-0.0457520644662007,0.8086433523570237,1.2746871709823608,-0.010873583145439665,-0.32169586420059204
13839000000,856,13839000000,base_link,0.15116894092790245,-0.058143538515549376,0.811334287111891,1.2178817987442017,-0.04838482290506367,-0.3259526789188385
13847000000,857,13847000000,base_link,0.1625762059246298,-0.0756233800778428,0.8209768310124236,1.184243083000183,-0.1263932436704636,-0.32939356565475464
13855000000,858,13855000000,base_link,0.1739594599677697,-0.0982063508140873,0.8310067584405088,1.1798152923583984,-0.17330615222454074,-0.3332490921020508
13863000000,859,13863000000,base_link,0.18735559532541857,-0.11262727401673539,0.8444461600502466,1.2057032585144043,-0.2656048238277436,-0.34136456251144404
13871000000,860,13871000000,base_link,0.19857693761114836,-0.13559711053703905,0.8564304590302614,1.2009495496749878,-0.2843302190303803,-0.3440783023834228
13879000000,861,13879000000,base_link,0.21209890703859793,-0.15092827158771083,0.8674540198557193,1.1696751117706299,-0.2875418961048127,-0.3513400256633758
13887000000,862,13887000000,base_link,0.22413508703521012,-0.17042802280425629,0.8764488284129313,1.1790844202041626,-0.26829841732978826,-0.3553807437419891
13895000000,863,13895000000,base_link,0.23496000388280763,-0.19539680026803358,0.8863273323059256,1.187016248703003,-0.2713350355625153,-0.3616806864738464
13903000000,864,13903000000,base_link,0.24883432709307057,-0.2118311402757318,0.8964642382272058,1.147356629371643,-0.33502706885337835,-0.3746046125888824
13912000000,865,13912000000,base_link,0.2635731310476431,-0.2288088986999101,0.9072033603854222,1.1397262811660767,-0.38922682404518133,-0.37812006473541254
13923000000,866,13923000000,base_link,0.2745289368115709,-0.2560569872512568,0.9200942570768462,1.1486494541168213,-0.39953613281250006,-0.3752718865871429
13928000000,867,13928000000,base_link,0.2873149716665096,-0.2779334438317893,0.9368222993550138,1.1527506113052368,-0.3980392515659333,-0.36940899491310114
13936000000,868,13936000000,base_link,0.2999526796810556,-0.3008198873596912,0.9496910255589487,1.1266367435455322,-0.39560660719871527,-0.3675094544887542
13944000000,869,13944000000,base_link,0.3110432528503436,-0.32925217639550536,0.9591612268579377,1.0833171606063843,-0.39950054883956915,-0.36703273653984064
13952000000,870,13952000000,base_link,0.32555751226454177,-0.34936940601633215,0.9731281329305197,1.0322167873382568,-0.35665509104728704,-0.36524021625518793
13960000000,871,13959000000,base_link,0.3375663969179082,-0.37408122694855894,0.9850449249399671,0.9995251297950745,-0.30501785874366766,-0.3574086129665374
13967000000,872,13967000000,base_link,0.34919477131073384,-0.39909754111023144,0.9977308113787173,1.0052263736724854,-0.30429419875144964,-0.3506482243537902
13975000000,873,13975000000,base_link,0.3597793674753577,-0.42951793755485956,1.00400932027147,1.0005724430084229,-0.3145866692066193,-0.34520107507705683
13983000000,874,13983000000,base_link,0.371592017561811,-0.4545104125272121,1.0139024886285373,0.9734925031661987,-0.3269262611865998,-0.3409773111343383
13992000000,875,13992000000,base_link,0.38527963355924655,-0.47554778667076275,1.024533222626717,0.9366918206214905,-0.31582447886466986,-0.33434623479843134
14000000000,876,14000000000,base_link,0.3961764682667353,-0.5012290161643528,1.0343004799048576,0.9314201474189758,-0.24851015210151675,-0.3279700875282287
14008000000,877,14008000000,base_link,0.40658546501758774,-0.5277970156658938,1.047812240465725,0.8857882618904114,-0.21466235816478732,-0.31443679332733154
14016000000,878,14016000000,base_link,0.4167253949243675,-0.5556028298690556,1.0634915369702957,0.7403193712234497,-0.16843567788600924,-0.29986900091171265
14024000000,879,14023000000,base_link,0.4268538285057687,-0.5852577326427497,1.0810249389669049,0.6528376340866089,-0.1398248225450516,-0.2870773673057556
14031000000,880,14031000000,base_link,0.4364738809657548,-0.614443824697108,1.0983067993377116,0.5948878526687622,-0.11911703646183017,-0.2696695923805237
14039000000,881,14039000000,base_link,0.4468174862065874,-0.6444177237883988,1.1187675815929725,0.5908805727958679,-0.14591804146766665,-0.27394211292266846
14047000000,882,14047000000,base_link,0.4555856590698254,-0.6775791697669435,1.1359284392548623,0.5946626663208008,-0.17177547514438632,-0.2748602032661438
14059000000,883,14058000000,base_link,0.468920043097086,-0.7051784006946897,1.15422969245053,0.6283401846885681,-0.3000581562519074,-0.28801858425140375
14066000000,884,14066000000,base_link,0.48147968537238145,-0.7352620414934758,1.1694215087109137,0.6482785940170288,-0.4073102474212647,-0.29495066404342646
14071000000,885,14071000000,base_link,0.49432467658015183,-0.7639810382300624,1.18312430050475,0.657231867313385,-0.4687976241111756,-0.30024355649948115
14084000000,886,14084000000,base_link,0.5122497462823381,-0.8126549928224147,1.2032345129606128,0.6622062921524048,-0.577754020690918,-0.3080266714096069
14096000000,887,14096000000,base_link,0.5376801105863634,-0.8551387510526922,1.2269146979894487,0.6837177276611328,-0.5969870686531067,-0.3074921071529388
14103000000,888,14103000000,base_link,0.5472501542487427,-0.8887632010197604,1.2422422839902358,0.6721953749656677,-0.5637330412864685,-0.31566625833511347
14111000000,889,14111000000,base_link,0.5633668235640497,-0.9160419639650665,1.2638987137109923,0.6037110090255737,-0.5077677965164185,-0.30753430724143976
14120000000,890,14120000000,base_link,0.5760900205511494,-0.9490416571339104,1.287328523096471,0.5037515163421631,-0.5041547417640686,-0.27128070592880243
14128000000,891,14128000000,base_link,0.588715565658894,-0.9810876485939519,1.3114956122723949,0.4776535928249359,-0.5262279510498047,-0.2583301365375518
14136000000,892,14136000000,base_link,0.6013267021692701,-1.013214357679281,1.3332404941753913,0.4850238263607025,-0.5788159370422363,-0.24656055867671958
14144000000,893,14144000000,base_link,0.6148021262198763,-1.0459270886841203,1.3515488572785888,0.4618251323699951,-0.6313833594322205,-0.24915072321891776
14152000000,894,14152000000,base_link,0.6290771257726765,-1.0792368076343681,1.3637477031168008,0.4067648649215698,-0.6809597611427307,-0.25287798047065724
14160000000,895,14159000000,base_link,0.6435081044502023,-1.1130137232910113,1.3745835822451888,0.3442760705947876,-0.764093816280365,-0.2548799216747283
14167000000,896,14167000000,base_link,0.6526987162561525,-1.1499813403042216,1.3848469975765214,0.32512909173965454,-0.7891566157341003,-0.2566424012184142
14175000000,897,14175000000,base_link,0.6727287584945493,-1.1818113786674695,1.394706219894398,0.3127709925174713,-0.794182538986206,-0.24865460395812977
14183000000,898,14183000000,base_link,0.6807694203665184,-1.2187297340775163,1.40642381193227,0.28236809372901917,-0.7845060229301453,-0.23612776398658744
14191000000,899,14191000000,base_link,0.6998115190931125,-1.2516759933509634,1.4189855146171135,0.22742177546024323,-0.8110309839248657,-0.21587824821472157
14199000000,900,14199000000,base_link,0.7142361322414618,-1.2875675159808015,1.4335334147397842,0.17536669969558716,-0.9029359221458435,-0.21605609357357014
14208000000,901,14208000000,base_link,0.7293225967310593,-1.32337592485101,1.4455111788084452,0.16179780662059784,-0.9545156359672546,-0.21915039420127858
14216000000,902,14216000000,base_link,0.7447030924309832,-1.359393289957164,1.4551845387462625,0.177076518535614,-1.0257525444030762,-0.22960354387760148
14227000000,903,14227000000,base_link,0.7604397977000152,-1.4148719352582124,1.4654123708399338,0.17025475203990936,-1.0661197900772095,-0.23553523421287523
14240000000,904,14240000000,base_link,0.7912797700457502,-1.4679746102435927,1.4724812308530195,0.07279746234416962,-1.088449478149414,-0.2658812701702117
14251000000,905,14251000000,base_link,0.813097124541114,-1.5245002690625629,1.486319199730543,-0.018155071884393692,-1.0433825254440308,-0.27706483006477345
14259000000,906,14259000000,base_link,0.8261833434506565,-1.5621253244971773,1.4985858295239647,-0.10268351435661316,-0.9591591954231262,-0.2794518768787383
14270000000,907,14270000000,base_link,0.8382010582209858,-1.601426502141568,1.508731693109294,-0.14494545757770538,-0.907866358757019,-0.2725614607334136
14276000000,908,14276000000,base_link,0.8497946362823793,-1.6398741472907228,1.515441217787186,-0.2497934252023697,-0.8689841032028198,-0.26654544472694386
14284000000,909,14284000000,base_link,0.8604052743715661,-1.679991130830197,1.5185217616444873,-0.3320688307285309,-0.8059935569763184,-0.26086339354515065
14292000000,910,14292000000,base_link,0.8692967040323741,-1.7206266999113942,1.5206979447841098,-0.3734726309776306,-0.7476191520690918,-0.25855472683906544
14300000000,911,14300000000,base_link,0.8774151354960372,-1.7612371253186248,1.5214911298680023,-0.4515872001647949,-0.6311289072036743,-0.26983442902564997
14311000000,912,14311000000,base_link,0.8884437115405431,-1.82205527512511,1.5284476556057194,-0.475029855966568,-0.6203256845474243,-0.275308609008789
14319000000,913,14319000000,base_link,0.895818194192034,-1.8629229013991426,1.5347490445001608,-0.4974386990070343,-0.6535090208053589,-0.25522235035896296
14328000000,914,14328000000,base_link,0.8971905445787918,-1.901344930321588,1.543189216120247,-0.5153848528862,-0.6724362373352051,-0.24998521804809562
14336000000,915,14336000000,base_link,0.910119705840937,-1.9440624140249425,1.5352264531827184,-0.5768522024154663,-0.6512967348098755,-0.24578332901000968
14344000000,916,14344000000,base_link,0.9158966518642344,-1.984905392377545,1.533823446209576,-0.6412774324417114,-0.589931845664978,-0.24733722209930412
14352000000,917,14352000000,base_link,0.9216982836754154,-2.0260621481627754,1.5310142367252102,-0.6684821844100952,-0.5668620467185974,-0.24770426750183097
14363000000,918,14363000000,base_link,0.9243043841143885,-2.0847600197820118,1.5268685238489155,-0.7751485109329224,-0.5556586980819702,-0.2421166151762008
14371000000,919,14371000000,base_link,0.9341561493597309,-2.1321976261460587,1.5036548404590995,-0.946784257888794,-0.5415545105934143,-0.22875247895717615
14379000000,920,14379000000,base_link,0.9378640579262024,-2.175449080284852,1.4874524169693535,-1.0400868654251099,-0.4857369661331177,-0.21769584715366358
14387000000,921,14387000000,base_link,0.9375498114170329,-2.2110725748451623,1.4865673341336938,-1.071749210357666,-0.4454178214073181,-0.21003521978855128
14395000000,922,14395000000,base_link,0.945269110626068,-2.2574707009541894,1.4630015564416228,-1.1204875707626343,-0.4352119565010071,-0.20244915783405298
14408000000,923,14408000000,base_link,0.949109450805742,-2.319042495529787,1.4451433088282668,-1.1756716966629028,-0.5367498397827148,-0.18572916090488428
14419000000,924,14419000000,base_link,0.9532490822058645,-2.3795774638450298,1.423692232719364,-1.197202444076538,-0.5836083292961121,-0.17252443730831138
14427000000,925,14427000000,base_link,0.9516151383471991,-2.4120022579294385,1.4201981865661268,-1.1644128561019897,-0.5723053812980652,-0.1757032871246337
14436000000,926,14436000000,base_link,0.962731584173397,-2.4611266558249,1.3780135531362536,-1.0989999771118164,-0.5377457141876221,-0.18422129750251764
14444000000,927,14444000000,base_link,0.9603930980595566,-2.492830762544635,1.3714959146196666,-1.0986562967300415,-0.4985399544239044,-0.18890814483165735
14452000000,928,14452000000,base_link,0.961980925149263,-2.5272088090591036,1.3519890420355056,-1.0992811918258667,-0.49391844868659973,-0.19863140583038325
14460000000,929,14460000000,base_link,0.9636906664149177,-2.5608175376061526,1.3378775784231678,-1.0858089923858643,-0.5576885342597961,-0.2079037427902221
14468000000,930,14468000000,base_link,0.9659865697953759,-2.5934845133961772,1.3241162451410846,-1.097949504852295,-0.6009107828140259,-0.21032625436782829
14476000000,931,14476000000,base_link,0.9688475764670726,-2.626436372733857,1.303716903600561,-1.1261177062988281,-0.6692501902580261,-0.22076290845870963
14484000000,932,14484000000,base_link,0.971715067827927,-2.65786931976257,1.2826071687170353,-1.1505522727966309,-0.7138715982437134,-0.22500367462635032
14492000000,933,14491000000,base_link,0.9740037007564765,-2.6887378477064234,1.2592084345161119,-1.162580966949463,-0.7018910050392151,-0.22827622294425956
14499000000,934,14499000000,base_link,0.9758211431502358,-2.718871998259781,1.2362009223591754,-1.2088654041290283,-0.6581876873970032,-0.24022120237350456
14507000000,935,14507000000,base_link,0.9719687482505582,-2.743401806430989,1.2271289737641404,-1.2483350038528442,-0.6546250581741333,-0.24711626768112174
14515000000,936,14515000000,base_link,0.9791538803430575,-2.7782832208944717,1.1795985007500818,-1.3576666116714478,-0.7011248469352722,-0.2569066286087035
14523000000,937,14523000000,base_link,0.9746737564098458,-2.801418711668203,1.1668543142760064,-1.3972493410110474,-0.7119819521903992,-0.2568443715572356
14531000000,938,14531000000,base_link,0.9812565318597211,-2.8350873392298275,1.1154690067846396,-1.470700979232788,-0.7151691317558289,-0.2568490207195281
14539000000,939,14539000000,base_link,0.9817067474628469,-2.8625925120615516,1.0790421351477602,-1.5514575242996216,-0.7216587662696838,-0.25305205583572377
14551000000,940,14551000000,base_link,0.9813206454664525,-2.9018638004855832,1.0223566150876318,-1.571060299873352,-0.7874448895454407,-0.24979373812675468
14564000000,941,14564000000,base_link,0.9793952137947058,-2.9371263899506697,0.9702694739354988,-1.5272340774536133,-0.8128313422203064,-0.231797233223915
14572000000,942,14572000000,base_link,0.9773106717998578,-2.958300938080512,0.9368579040469078,-1.5113179683685303,-0.7981043457984924,-0.23493741452693928
14580000000,943,14580000000,base_link,0.9751813276755869,-2.9777897884559135,0.9037156788481918,-1.4538904428482056,-0.8102468252182007,-0.24676032364368428
14588000000,944,14588000000,base_link,0.9727710985516813,-2.9951905246522617,0.8739535998504345,-1.3954397439956665,-0.8112161159515381,-0.25373756885528553
14595000000,945,14595000000,base_link,0.9699613335295666,-3.0106233320869134,0.8467295047709704,-1.3001915216445923,-0.7925208806991577,-0.2629306912422179
14608000000,946,14608000000,base_link,0.9630631742921566,-3.03277526939693,0.8067483242610389,-1.3191218376159668,-0.7380977272987366,-0.26609423756599415
14616000000,947,14616000000,base_link,0.9583263379153538,-3.0465218389898703,0.7735594193695274,-1.3765406608581543,-0.6416512727737427,-0.27243238687515253
14624000000,948,14624000000,base_link,0.9524086919042968,-3.059027717628697,0.7420415015225095,-1.401374101638794,-0.5479887127876282,-0.2806235551834106
14632000000,949,14632000000,base_link,0.9464972069831772,-3.070480156823162,0.7105360158257237,-1.4365159273147583,-0.49624171853065496,-0.28778293728828425
14643000000,950,14643000000,base_link,0.9397954778502016,-3.0805602578950784,0.6809947710045566,-1.4968535900115967,-0.41922965645790106,-0.3060939013957977
14648000000,951,14647000000,base_link,0.9334516444453479,-3.089402382891574,0.6531756838133376,-1.5152630805969238,-0.4152443706989289,-0.31431117653846735
14655000000,952,14655000000,base_link,0.9269569369707384,-3.0969243756855844,0.623260669720471,-1.5489943027496338,-0.42191204428672796,-0.31809827685356135
14663000000,953,14663000000,base_link,0.9147306371259054,-3.1007525562413143,0.6161122962965981,-1.5692411661148071,-0.4037542641162873,-0.31190654635429377
14671000000,954,14671000000,base_link,0.9115224223825112,-3.108748615296624,0.5608495729877558,-1.5866594314575195,-0.31907919049263006,-0.3100840747356414
14679000000,955,14679000000,base_link,0.9034249523413935,-3.112797331420806,0.5248904096907399,-1.5873702764511108,-0.2969942688941956,-0.3130213618278503
14687000000,956,14687000000,base_link,0.8905427327395793,-3.113268873805126,0.512649460174636,-1.566489577293396,-0.3120243847370148,-0.30912628769874567
14695000000,957,14695000000,base_link,0.8864124422930746,-3.1167353653117416,0.46080244601896125,-1.489211916923523,-0.31869703531265264,-0.2968171834945678
14707000000,958,14707000000,base_link,0.8677579690886077,-3.1154800050600704,0.4349993583904047,-1.4515844583511353,-0.24619546532630923,-0.27885609865188593
14715000000,959,14715000000,base_link,0.8610788749331432,-3.115639417160828,0.3839235297583387,-1.406104326248169,-0.12300705164670947,-0.26213231682777405
14731000000,960,14731000000,base_link,0.844213694736163,-3.111222353022047,0.3416724029029925,-1.315615177154541,-0.016567662358284028,-0.25838083028793335
14736000000,961,14736000000,base_link,0.833256788322437,-3.1067870923663103,0.31636891718590854,-1.3160887956619263,-0.008966528810560735,-0.2589264512062073
14744000000,962,14743000000,base_link,0.8220253294475529,-3.1011628269890674,0.2899735423962435,-1.3913779258728027,0.017064061015844314,-0.2574956715106964
14751000000,963,14751000000,base_link,0.8078967834145943,-3.09429767818019,0.27880418612320035,-1.4052577018737793,0.026944030076265304,-0.2545885741710663
14764000000,964,14764000000,base_link,0.7930523944486558,-3.083736649234667,0.217496760049956,-1.4497581720352173,0.13242438435554502,-0.22113038599491122
14775000000,965,14775000000,base_link,0.7718211711158584,-3.0700129495551822,0.1885679046700915,-1.4961435794830322,0.20556327700614926,-0.19914017617702487
14783000000,966,14783000000,base_link,0.7614254930622237,-3.0601093041978262,0.15619368267043482,-1.543921709060669,0.22904711961746213,-0.18069648742675784
14791000000,967,14791000000,base_link,0.7512833492398372,-3.0493621869573744,0.10161157966396123,-1.6243700981140137,0.27092599868774414,-0.13020370900630954
14799000000,968,14799000000,base_link,0.7386712267310638,-3.0382084859838847,0.06486419512877595,-1.633896827697754,0.2710035741329193,-0.09048500657081607
14807000000,969,14807000000,base_link,0.7251777514854642,-3.0251875354228117,0.0295429081241827,-1.663806676864624,0.2194414585828781,-0.055574163794517545
14816000000,970,14816000000,base_link,0.71076850620166,-3.0108960534791462,-0.010930353649888591,-1.6922318935394287,0.19462710618972778,-0.02387565188109877
14828000000,971,14827000000,base_link,0.695932005165226,-2.995666066072293,-0.05510189568633711,-1.7645940780639648,0.2186192125082016,0.020923130214214297
14832000000,972,14832000000,base_link,0.680772317058217,-2.978778811773765,-0.09335484643434344,-1.7937054634094238,0.24761688709259033,0.046211987733840915
14840000000,973,14840000000,base_link,0.6652029471393346,-2.960095967621158,-0.1295631326708448,-1.8120739459991455,0.29091328382492065,0.07571810483932491
14848000000,974,14848000000,base_link,0.6489719364285269,-2.9394918172846998,-0.16484019061786087,-1.8268587589263916,0.34898874163627625,0.09881152212619777
14856000000,975,14856000000,base_link,0.6329851759699598,-2.917925431720752,-0.20345372262352018,-1.8205349445343018,0.3850754499435425,0.10807123780250545
14864000000,976,14863000000,base_link,0.6175592459663974,-2.8949414149062878,-0.24497126868729008,-1.7922147512435913,0.4585009217262268,0.11828447133302683
14871000000,977,14871000000,base_link,0.6038865926177156,-2.8719309452253046,-0.2621819886957028,-1.7558320760726929,0.4986550509929657,0.11848878115415568
14879000000,978,14879000000,base_link,0.5880656515652285,-2.8447112307016424,-0.30754685937974613,-1.6110297441482544,0.5275025367736816,0.11601194739341729
14892000000,979,14892000000,base_link,0.565996361238784,-2.8033179726461706,-0.3412348756070063,-1.5128626823425293,0.5599996447563171,0.12715600430965418
14900000000,980,14900000000,base_link,0.5525697855031173,-2.774996579949578,-0.35939074683068756,-1.4649465084075928,0.5781877636909485,0.13364456593990318
14908000000,981,14908000000,base_link,0.5394038012187254,-2.7455537482504964,-0.376365872646308,-1.4031269550323486,0.5925024151802063,0.15779829025268546
14915000000,982,14915000000,base_link,0.5263709894250876,-2.7155211921630125,-0.3968874574412445,-1.4061172008514404,0.6139491200447083,0.17060869932174674
14923000000,983,14923000000,base_link,0.5141288465273265,-2.6846255127489633,-0.4141330038354382,-1.4511349201202393,0.7045788764953613,0.18820449709892265
14936000000,984,14936000000,base_link,0.4958800591323484,-2.635040454660146,-0.43807895793041607,-1.5022153854370117,0.7744618058204651,0.20091606676578513
14944000000,985,14944000000,base_link,0.48499217777939074,-2.6006464590049228,-0.45337671155657405,-1.5374982357025146,0.7417445182800293,0.206342726945877
14952000000,986,14952000000,base_link,0.474548142572469,-2.565597734144786,-0.4722955278717316,-1.5448130369186401,0.7339969277381897,0.2171880602836608
14960000000,987,14960000000,base_link,0.46459458748966137,-2.529843273098983,-0.49283182304266987,-1.529557704925537,0.7364456057548523,0.22196808457374564
14968000000,988,14968000000,base_link,0.45531419408380625,-2.4926553188459954,-0.5099590777371146,-1.44911789894104,0.7366546392440796,0.21495561301708213
14979000000,989,14979000000,base_link,0.44695296373044463,-2.4547156339484424,-0.5249955761348389,-1.404768705368042,0.7415204048156738,0.211041435599327
14984000000,990,14984000000,base_link,0.4392679239875402,-2.417648444795054,-0.541832707654755,-1.35052490234375,0.759843647480011,0.212989255785942
14992000000,991,14992000000,base_link,0.4321376750652722,-2.378933220631569,-0.5591161670355252,-1.3475168943405151,0.7302505373954773,0.21537624299526206
15000000000,992,15000000000,base_link,0.42503897707165333,-2.3393264195437613,-0.5732596975647055,-1.3349820375442505,0.7041317820549011,0.2274916619062423
15008000000,993,15008000000,base_link,0.4179512743587508,-2.299009387260561,-0.5887731140963341,-1.3059138059616089,0.7201928496360779,0.2663457691669463
15019000000,994,15019000000,base_link,0.41140782094716694,-2.257961763338856,-0.6058813015762299,-1.3206630945205688,0.7521606683731079,0.29496654868125904
15024000000,995,15024000000,base_link,0.40546093041545717,-2.216967650103552,-0.6215770047170259,-1.3217674493789673,0.7533911466598511,0.2992710769176482
15035000000,996,15035000000,base_link,0.3979014442989485,-2.1553790238977713,-0.6279220186557017,-1.3276649713516235,0.7145777344703674,0.2888592779636382
15048000000,997,15048000000,base_link,0.39006241370616596,-2.086515355038664,-0.6464008146907494,-1.268880844116211,0.7010048627853394,0.2926041781902312
15059000000,998,15059000000,base_link,0.3850360710249778,-2.0222348303093316,-0.6432749234346324,-1.230973243713379,0.6971945762634277,0.3070276677608489
15072000000,999,15072000000,base_link,0.378985728246669,-1.9517972271983073,-0.6577790519997082,-1.1495943069458008,0.6305052042007446,0.31393763422966
15083000000,1000,15083000000,base_link,0.37528649388664415,-1.8840795989941406,-0.6586394352915701,-1.0256866216659546,0.674754798412323,0.30070659518241877
15095000000,1001,15095000000,base_link,0.374211782217733,-1.8152184098487867,-0.6580049480108245,-1.0399889945983887,0.7971091270446777,0.2907320261001586
15108000000,1002,15108000000,base_link,0.37482768024975627,-1.7448765493732448,-0.6597056174986442,-1.1073009967803955,0.7798917293548584,0.291351020336151
15117000000,1003,15117000000,base_link,0.3759027834168947,-1.698921144663608,-0.6591800488063247,-1.1406394243240356,0.7538121938705444,0.2988586723804473
15128000000,1004,15128000000,base_link,0.37757585637612384,-1.6280873231060398,-0.6466806292420467,-1.1585991382598877,0.7384982109069824,0.31820398569107045
15144000000,1005,15144000000,base_link,0.3796613673170837,-1.5509006661751437,-0.6441474352057013,-1.2040716409683228,0.7322086095809937,0.3530696928501128
15152000000,1006,15152000000,base_link,0.38296932921462357,-1.4754346556698257,-0.6306789894585506,-1.2951852083206177,0.7132613658905029,0.37226006388664235
15165000000,1007,15165000000,base_link,0.3881032342311526,-1.3988907494849268,-0.6246652778338293,-1.316421627998352,0.7561570405960083,0.36472293734550465
15176000000,1008,15176000000,base_link,0.39549943410469607,-1.3218479463358934,-0.6188274614999818,-1.2491167783737183,0.8216617107391357,0.34077733755111683
15189000000,1009,15188000000,base_link,0.4051593568157097,-1.241711043834464,-0.600741337222496,-1.2552050352096558,0.8652295470237732,0.33673471212387074
15197000000,1010,15196000000,base_link,0.4117158639766633,-1.1911112297062805,-0.578907812526636,-1.2821723222732544,0.8722560405731201,0.3440037965774535
15204000000,1011,15204000000,base_link,0.42004475710159583,-1.134718959505905,-0.5696242927920315,-1.4160754680633545,0.8993422389030457,0.3558098077774047
15212000000,1012,15212000000,base_link,0.42771237668870526,-1.0832081898468093,-0.5514898230820914,-1.454770565032959,0.9141719341278076,0.3676694035530089
15220000000,1013,15220000000,base_link,0.4381979431858007,-1.0289738848448182,-0.5469386433978671,-1.4817049503326416,0.9293782114982605,0.3865550160408019
15228000000,1014,15228000000,base_link,0.44951954533378646,-0.9764876306690322,-0.5332837015023637,-1.4658674001693726,0.9840055108070374,0.39666706323623646
15237000000,1015,15237000000,base_link,0.4614249141756425,-0.9241914419553822,-0.5123257462063927,-1.4576606750488281,1.01873779296875,0.40870720148086537
15245000000,1016,15245000000,base_link,0.47381258679105437,-0.871931422848688,-0.4923490808512301,-1.4636867046356201,1.051598310470581,0.41510939598083485
15253000000,1017,15253000000,base_link,0.48682138764391925,-0.8192595841930743,-0.4774790277360596,-1.5261904001235962,1.0101484060287476,0.4088247716426848
15261000000,1018,15261000000,base_link,0.5000829546984356,-0.7661381540117149,-0.4631002710265951,-1.5715810060501099,1.0120104551315308,0.40826496481895436
15269000000,1019,15269000000,base_link,0.5147184302990072,-0.7125555502259884,-0.44975097181923235,-1.5890804529190063,1.101439356803894,0.42418619990348805
15277000000,1020,15277000000,base_link,0.5294030549441897,-0.6593592868935003,-0.43354647206689834,-1.582039475440979,1.145417332649231,0.42722445726394637
15285000000,1021,15285000000,base_link,0.5461651134812788,-0.6033498028232358,-0.41730326482273516,-1.6317603588104248,1.1560721397399902,0.4247327744960783
15293000000,1022,15292000000,base_link,0.5619166939875642,-0.5498871165820409,-0.3917107081122823,-1.6652363538742065,1.1395708322525024,0.4320130050182341
15301000000,1023,15300000000,base_link,0.5794901459330464,-0.4928469927860782,-0.3635612915494002,-1.71000337600708,1.1261183023452759,0.4579373002052306
15309000000,1024,15308000000,base_link,0.5970455963116188,-0.4368620912061387,-0.33692142501223965,-1.818293809890747,1.1564207077026367,0.4826704561710356
15317000000,1025,15316000000,base_link,0.6142443881058895,-0.3818178575993614,-0.30901188649426875,-1.881556749343872,1.1535848379135132,0.492827534675598
15325000000,1026,15324000000,base_link,0.633606368885869,-0.3232765473464087,-0.27808468878709525,-2.016448736190796,1.0949642658233643,0.5076709985733031
15332000000,1027,15332000000,base_link,0.6521338707440023,-0.26611039809885145,-0.24559481003069333,-2.1657793521881104,1.0207593441009521,0.5190123319625853
15340000000,1028,15340000000,base_link,0.6710282750035368,-0.20961734002889254,-0.2041573633213996,-2.1903483867645264,0.9942132234573365,0.5318589210510253
15348000000,1029,15348000000,base_link,0.6903803768181631,-0.15179748134003282,-0.15908703895747656,-2.2049720287323,0.9895781874656678,0.5349321365356444
15356000000,1030,15356000000,base_link,0.7100448538400096,-0.09463559091954363,-0.11893053315588135,-2.207601308822632,0.9961483478546144,0.5326524972915648
15364000000,1031,15364000000,base_link,0.7299739813519298,-0.03955387062231894,-0.06960234426922743,-2.179440498352051,0.9872445464134217,0.533175766468048
15372000000,1032,15372000000,base_link,0.7504901082838509,0.01862080997498569,-0.02124779229422441,-2.1624503135681152,0.9832775592803956,0.5383461117744445
15380000000,1033,15380000000,base_link,0.7716273576565513,0.07222204233287582,0.03213853223499957,-2.0778136253356934,0.9967620372772218,0.5325860381126403
15388000000,1034,15388000000,base_link,0.7928481856747289,0.12824918922937983,0.08465265491536347,-2.001258134841919,1.0371851921081543,0.5281682014465331
15396000000,1035,15396000000,base_link,0.8142317756318582,0.18536716355652827,0.13190813851732658,-1.9862967729568481,1.058699131011963,0.5242523550987243
15405000000,1036,15405000000,base_link,0.8359118526952156,0.2367092023377066,0.18963968062460035,-1.9446569681167603,1.0224800109863281,0.5153708457946776
15413000000,1037,15413000000,base_link,0.8583530514913057,0.29085228207168623,0.24525260025574994,-1.8587884902954102,0.9767441749572755,0.5156401991844176
15424000000,1038,15424000000,base_link,0.8813709260397202,0.345390269481183,0.3057182874205582,-1.772037148475647,0.9676846265792848,0.5109318494796752
15429000000,1039,15429000000,base_link,0.903392994153067,0.3972532300340665,0.3627493693256285,-1.6423051357269287,0.9485545754432679,0.5004537701606749
15437000000,1040,15437000000,base_link,0.9263184124817614,0.4497692779583822,0.4206041150459028,-1.5361154079437256,0.869022309780121,0.4814026653766631
15448000000,1041,15448000000,base_link,0.9619730528925687,0.5291783935493948,0.5053955618206756,-1.5101804733276367,0.7239246368408204,0.47655484080314625
15461000000,1042,15461000000,base_link,0.9982153344897156,0.6059223666632726,0.5964320904768323,-1.68573796749115,0.6349151730537416,0.4649964272975921
15473000000,1043,15473000000,base_link,1.0341951858579774,0.681219038841143,0.6944985527075732,-1.8404459953308105,0.6870549917221069,0.4425264298915862
15481000000,1044,15481000000,base_link,1.0582589123346087,0.7287946501244015,0.7654203412926899,-1.9258471727371216,0.7221525311470032,0.43205848336219776
15489000000,1045,15489000000,base_link,1.0819356619397438,0.7748856511833037,0.8402241565334214,-1.9581725597381592,0.7458224296569824,0.42946457862853993
15500000000,1046,15500000000,base_link,1.1190887210010545,0.8527226334456629,0.95013053390411,-1.990553855895996,0.7865080833435059,0.4278392195701598
15508000000,1047,15508000000,base_link,1.140999036152872,0.8859667693231177,1.044053937045152,-2.04725980758667,0.8020473718643188,0.4371233284473418
15516000000,1048,15516000000,base_link,1.1650188804267658,0.9275299446511774,1.128147940662033,-2.1163079738616943,0.7611694931983948,0.4496139883995055
15524000000,1049,15524000000,base_link,1.190703408805397,0.9784772635958597,1.1994363762669236,-2.143205404281616,0.7343424558639526,0.4497452974319457
15537000000,1050,15536000000,base_link,1.2249830488739537,1.023397845106752,1.3348371975032407,-2.0901939868927,0.7178587913513184,0.4307554066181182
15549000000,1051,15549000000,base_link,1.261678427455468,1.0790406083623822,1.45841656750727,-2.076913595199585,0.6766892075538635,0.4260205924510955
15560000000,1052,15560000000,base_link,1.3011269322996837,1.1468411150712434,1.5744061265729974,-2.081402063369751,0.6333509087562561,0.443238079547882
15573000000,1053,15573000000,base_link,1.3347204143770877,1.1822000547916462,1.721508617961844,-1.9887527227401733,0.6747462749481201,0.4346629381179809
15581000000,1054,15580000000,base_link,1.3590333954741818,1.2136954573844734,1.8112780602641503,-2.0434820652008057,0.648460865020752,0.4181371629238128
15588000000,1055,15588000000,base_link,1.3834091150305041,1.2398875318229927,1.8994685016769781,-2.132967233657837,0.6120654940605164,0.4112192094326019
15596000000,1056,15596000000,base_link,1.408678575448406,1.2641073653780586,1.991276097565257,-2.2296624183654785,0.5405384302139282,0.4069040417671203
15609000000,1057,15609000000,base_link,1.447645899477851,1.2980141849818652,2.134346933792291,-2.262169599533081,0.4815677106380463,0.39971411228179926
15620000000,1058,15620000000,base_link,1.4900518533824956,1.3510689655618726,2.2678113708382246,-2.2533605098724365,0.40444797277450567,0.38737514615058893
15628000000,1059,15628000000,base_link,1.5162625901153652,1.3463492779368413,2.3793061436957212,-2.232725143432617,0.36396864056587225,0.3751122653484344
15636000000,1060,15636000000,base_link,1.543625547053584,1.362349677171117,2.480151524936172,-2.2094719409942627,0.3752980530261994,0.37995204329490656
15645000000,1061,15645000000,base_link,1.5722052493309775,1.402381786155959,2.568821237114241,-2.1937551498413086,0.4061813056468964,0.38831853866577143
15652000000,1062,15652000000,base_link,1.5958406264547635,1.3887630176124592,2.6856658603552503,-2.2274296283721924,0.45835301280021673,0.4162163138389587
15661000000,1063,15661000000,base_link,1.6184030833274792,1.3663175160698136,2.8069074390072486,-2.370445966720581,0.47487512230873113,0.42703628540039057
15669000000,1064,15669000000,base_link,1.6463761802850785,1.3987960527537275,2.895817293916393,-2.4330432415008545,0.4888488054275513,0.42844575643539423
15677000000,1065,15677000000,base_link,1.6706050532280847,1.3982908019261029,3.0032278977429243,-2.482182741165161,0.5099529027938843,0.4383982419967651
15685000000,1066,15685000000,base_link,1.694834162702671,1.397577664971323,3.113183099922175,-2.431095838546753,0.5108604431152344,0.44224718213081354
15693000000,1067,15693000000,base_link,1.7179679781115977,1.3952913503939202,3.223856364989521,-2.3459737300872803,0.509486734867096,0.4350967109203338
15701000000,1068,15700000000,base_link,1.7408700344404038,1.3925185177456156,3.3336619850084332,-2.278275728225708,0.5214844346046448,0.4407132267951965
15708000000,1069,15708000000,base_link,1.7631009178819173,1.3879302073811384,3.446795233534534,-2.2552289962768555,0.542320966720581,0.45047986507415766
15717000000,1070,15716000000,base_link,1.7837642147897321,1.3815488149927446,3.5593273268015335,-2.2169010639190674,0.5846257805824281,0.4661040306091308
15724000000,1071,15724000000,base_link,1.8101678427610117,1.409519344316416,3.6575532212124413,-2.207477331161499,0.6009494066238404,0.4719415605068206
15732000000,1072,15732000000,base_link,1.8215112471618737,1.3615482745527094,3.7924979235170686,-2.244817018508911,0.6576504707336427,0.4857961535453796
15740000000,1073,15740000000,base_link,1.845854967295881,1.3842654672589325,3.8956722863568807,-2.273308515548706,0.6903696656227113,0.5016884207725524
15748000000,1074,15748000000,base_link,1.8518725103674163,1.3265592050527428,4.033115245049961,-2.291719675064087,0.7505818605422975,0.5285086035728453
15756000000,1075,15756000000,base_link,1.8643584898099683,1.3048005790494401,4.154431754067203,-2.289019823074341,0.8078388571739198,0.5487844347953795
15764000000,1076,15764000000,base_link,1.8859290982434869,1.3223904643067717,4.256824034014175,-2.285961627960205,0.8495871424674989,0.560343027114868
15772000000,1077,15772000000,base_link,1.8796321122171002,1.2512160697849353,4.395353530850351,-2.31028413772583,0.9529997110366822,0.5802155137062072
15781000000,1078,15781000000,base_link,1.8842370711982082,1.2194332109832735,4.518643607413797,-2.3603222370147705,0.9692800641059877,0.5788552165031432
15789000000,1079,15789000000,base_link,1.887931697899487,1.182763931651117,4.647535773407993,-2.3785643577575684,0.9589069485664369,0.5776882767677306
15797000000,1080,15797000000,base_link,1.8900170065804809,1.1424355073031123,4.781241101569425,-2.387751817703247,0.9685984849929811,0.5875520110130309
15808000000,1081,15808000000,base_link,1.888905969068415,1.0734947381595918,4.983953939522148,-2.4652040004730225,1.0103679895401,0.5834419131278991
15816000000,1082,15816000000,base_link,1.886097887212369,1.0203481696277155,5.114863754613427,-2.525700330734253,1.0208544731140137,0.5742152333259581
15824000000,1083,15824000000,base_link,1.90105004547829,1.0208718653208173,5.231837419447318,-2.5408284664154053,1.0107288360595703,0.5656582117080687
15832000000,1084,15832000000,base_link,1.8770645694489285,0.9040190669466099,5.382214074660442,-2.540278434753418,1.0124211311340332,0.5509968996047973
15840000000,1085,15840000000,base_link,1.8901107786437241,0.9016160095035874,5.4986810975908975,-2.5195422172546387,1.0392248630523682,0.5395420193672179
15849000000,1086,15849000000,base_link,1.8595641826587779,0.7777419926903231,5.6452928658997745,-2.5039758682250977,1.047073245048523,0.5266076326370238
15857000000,1087,15857000000,base_link,1.8523442704232387,0.7097601085993941,5.774965370270943,-2.5071918964385986,0.9677657485008241,0.5297734141349791
15864000000,1088,15864000000,base_link,1.865777304812726,0.7012382578207896,5.8898732118544235,-2.5234086513519287,0.9295016527175904,0.5327764153480529
15873000000,1089,15873000000,base_link,1.837630495438352,0.559327088584221,6.034995414253901,-2.5814552307128906,0.9243891239166261,0.5304660201072692
15884000000,1090,15884000000,base_link,1.842698590288764,0.5038828658306653,6.226758267495122,-2.5971779823303223,0.9760420918464662,0.5134350657463073
15897000000,1091,15897000000,base_link,1.7970435423002753,0.30613477501523567,6.437728501682576,-2.546355724334717,0.963338077068329,0.5103346705436705
15905000000,1092,15905000000,base_link,1.782967924423747,0.2195074922786584,6.561764685577821,-2.5071027278900146,0.9417605996131898,0.5190092921257018
15913000000,1093,15913000000,base_link,1.7682772794770518,0.13124850667483567,6.686609216628684,-2.4558022022247314,0.9194722175598146,0.525635540485382
15921000000,1094,15921000000,base_link,1.7529868565755538,0.04122543300000103,6.807197851414294,-2.446920871734619,0.9099316000938417,0.5140727162361144
15933000000,1095,15933000000,base_link,0.4006779832709253,-0.725225974363314,6.0790770683349535,-6.942383289337158,3.796157836914063,1.9073665142059322
15944000000,1096,15944000000,base_link,-0.05330198518629037,-1.432259258264099,6.1264565134075175,-15.823873519897461,8.640029907226562,5.500979423522948
15952000000,1097,15952000000,base_link,-0.7205846372764582,-2.542136651897341,5.825129880525365,-16.723527908325195,7.891668319702149,5.9804439544677725
15964000000,1098,15964000000,base_link,-1.3370818017801207,-3.543680366701216,5.335446525025146,-16.678651809692383,6.7898950576782235,5.801283836364745
15977000000,1099,15977000000,base_link,-3.4981496911967773,-2.358511378421382,3.307883153868121,-11.093280792236328,11.830794334411621,7.134584426879881
15985000000,1100,15985000000,base_link,-4.075997235562461,-2.2405283851894207,2.783158784514481,-6.145049095153809,17.845619201660156,8.459570884704588
15996000000,1101,15996000000,base_link,-2.2749345953922298,0.7612852849404248,0.6807800649251601,2.7602033615112305,6.615205764770509,5.358399868011474
16011000000,1102,16011000000,base_link,-2.201260399633986,0.9595887489168637,0.74541139209451,6.248003005981445,2.2647330760955815,4.128573894500732
16016000000,1103,16016000000,base_link,-2.1552086333089995,1.087704765918339,0.7812701175148768,5.945695877075195,2.814442396163941,4.286133289337158
16024000000,1104,16024000000,base_link,-1.4632208167509577,0.7372358492156185,0.31607510374131165,5.604198932647705,2.555165529251099,4.212600231170654
16032000000,1105,16032000000,base_link,-1.4029874894023302,0.7668523475300077,0.4689240477199599,0.7017067074775696,-1.9341335296630857,2.69607424736023
16041000000,1106,16041000000,base_link,-1.34826129762345,0.7728360935880012,0.6295780661020043,-0.05454465374350548,-2.694973230361938,2.4497163295745854
16052000000,1107,16052000000,base_link,-1.2590116737475492,0.775478962601644,0.874474407658111,-0.15536564588546753,-2.884416580200195,2.4045181274414067
16065000000,1108,16065000000,base_link,-0.279554254740175,-0.00750438062337079,0.09028105510826497,-0.5606106519699097,-3.073590278625488,2.102044820785523
16073000000,1109,16073000000,base_link,-0.27636645898988776,-0.007404799989019495,0.08811463444051475,-0.4347698986530304,-0.3540111482143402,0.1036249622702599
16081000000,1110,16081000000,base_link,-0.27350649744252625,-0.007327672045181152,0.08659554231407274,0.03475319966673851,0.11559622734785079,-0.07405017316341402
16089000000,1111,16088000000,base_link,-0.26815351466967613,-0.008725921803442746,0.08636233098318881,0.0309118814766407,0.041422270238399506,-0.01831130683422089
16097000000,1112,16096000000,base_link,-0.26218801123130414,-0.011651356961672401,0.08605363322893399,-0.01202678494155407,-0.015068973414599894,0.007452119607478382
16104000000,1113,16104000000,base_link,-0.2575166780202479,-0.013155779890103086,0.08599086776349592,-0.024862324818968773,-0.025671565905213356,0.0035638604313135177
16117000000,1114,16117000000,base_link,-0.2553679886115642,-0.014805370647355471,0.08619091239992009,-0.02996212989091873,-0.02993115596473217,-1.4971359632905632e-05
16128000000,1115,16128000000,base_link,-0.2528210786410211,-0.01654706277792556,0.08579020453344338,-0.0017080395482480526,-0.00906763318926096,0.0022557915654033435
16141000000,1116,16141000000,base_link,-0.2500421186325978,-0.019363001515717168,0.08551113166345438,0.0007553999894298613,0.004276080057024956,-0.0005253482377156621
16149000000,1117,16148000000,base_link,-0.2461893505193094,-0.021126821054418526,0.08540336841303903,-0.002365612890571356,0.0014867139980196953,0.00015623634681105595
16157000000,1118,16156000000,base_link,-0.24294218162823122,-0.02291925007681571,0.08538753415541354,-0.0005092467181384563,-0.004657994490116835,0.0016523880185559398
16165000000,1119,16164000000,base_link,-0.2395706681183814,-0.024636169154257665,0.08517717340596338,0.0005712732090614736,-0.00030484935268759695,0.0027983644977211952
16173000000,1120,16172000000,base_link,-0.23674113016135573,-0.02632592487527703,0.08493532945848611,0.004441782366484404,-0.0021624327637255183,0.005803646054118872
16185000000,1121,16185000000,base_link,-0.23513407898253114,-0.029051155629558602,0.08458551296253065,-0.0019976459443569183,0.0019820109009742737,0.0009539057500660417
16193000000,1122,16193000000,base_link,-0.23230562453451045,-0.030672056577998964,0.08433210000214902,0.001356978202238679,0.0007393620908260349,0.002486123703420162
16201000000,1123,16201000000,base_link,-0.22976917149677986,-0.03257975029119297,0.08402513116602567,0.0003963515628129244,0.002243437804281712,0.002298904582858085
16209000000,1124,16209000000,base_link,-0.22725667141283204,-0.034501823611941436,0.08389979106777791,-0.00022184231784194708,0.00029517710208892876,0.004239827860146761
16217000000,1125,16217000000,base_link,-0.22498719389364877,-0.036305790633188055,0.08373279780598342,-0.003558486234396696,-0.0003259368240833279,0.002633142750710249
16224000000,1126,16224000000,base_link,-0.2228516348374395,-0.03777384715243756,0.08338311707909866,-0.0003154417499899864,0.00016821920871734608,-0.0008814887842163444
16232000000,1127,16232000000,base_link,-0.22093319149193377,-0.039066057629207514,0.08271625412163912,-0.002410790417343378,0.00039437739178538333,0.0009244472021237016
16243000000,1128,16243000000,base_link,-0.21942578126917256,-0.040994055556130074,0.08265148750687358,-0.0009853905066847801,-0.0008513228967785834,0.000905413879081607
16248000000,1129,16248000000,base_link,-0.21782250035776818,-0.042364636662393824,0.08252592602860769,0.0006749212043359876,-0.0008405894041061398,0.00301295961253345
16259000000,1130,16259000000,base_link,-0.2160618298799233,-0.04398124034689151,0.08227902003728056,0.0009992553386837244,0.001054960768669844,0.0040884786285459995
16265000000,1131,16265000000,base_link,-0.21451249371552122,-0.04570274742617048,0.08218707560122399,-0.0017020103987306356,0.0012565078213810923,0.0015458904672414062
16273000000,1132,16273000000,base_link,-0.21329248989967695,-0.047460593118790306,0.08209044437058721,0.0009201009524986148,0.0023767012171447277,0.0013029051478952167
16281000000,1133,16281000000,base_link,-0.2120598087874122,-0.04929191848711071,0.08151193173375933,0.0022533731535077095,0.00031050480902195047,0.0057075233198702335
16289000000,1134,16289000000,base_link,-0.21095932287475042,-0.05088098340866035,0.08095001756668707,0.0009171801502816379,-0.000321665778756141,0.005342638585716486
16297000000,1135,16297000000,base_link,-0.2100600749239979,-0.05252677382759841,0.0809392939280568,0.0003273824695497751,0.002379670273512602,0.0010353322140872476
16305000000,1136,16305000000,base_link,-0.20905313540696804,-0.054207357754476826,0.08044809812602649,0.0008701015030965209,0.0010170168243348603,0.0036763264797627926
16313000000,1137,16312000000,base_link,-0.20838788381294804,-0.05600108057275997,0.08011739787874411,-0.0004383453633636236,-0.002141905017197132,0.0006608489202335479
16320000000,1138,16320000000,base_link,-0.2077741304994754,-0.057505408118854705,0.07977042415819896,-0.0022725043818354607,0.0007376172579824923,-0.0006690350128337742
16329000000,1139,16328000000,base_link,-0.20728183339956244,-0.05901506982484693,0.0792880439144788,-0.003637193236500025,0.0004403367638587952,0.0003594056470319628
16339000000,1140,16339000000,base_link,-0.2067591669382281,-0.060677203276409825,0.07896115183475105,-0.0023349407128989697,0.0033497782424092293,-0.0010210790205746893
16344000000,1141,16344000000,base_link,-0.20655121577854282,-0.061961569788693514,0.07870356271479552,0.0011983929434791207,-0.0005999975837767125,-0.00044411583803594107
16352000000,1142,16352000000,base_link,-0.2060760574194837,-0.06363598889581112,0.07857683853073313,0.0007654750370420516,-0.0028711510822176933,-0.0010715655516833063
16360000000,1143,16360000000,base_link,-0.2057656976470133,-0.06563256693618783,0.07819901762357935,0.00032288546208292246,-0.0029420533683151002,0.003556891810148955
16371000000,1144,16371000000,base_link,-0.2054866503460356,-0.06741143895076378,0.0778488095775927,-0.0006269937148317695,0.0010445252992212777,0.0028172414749860764
16377000000,1145,16377000000,base_link,-0.20563563776454893,-0.06897325747520443,0.07745099758441021,-1.3994751498103142e-05,-0.0004514702595770357,0.001925519434735179
16385000000,1146,16385000000,base_link,-0.20362716312819376,-0.07005275017077701,0.0771689282291725,0.0008679107995703816,0.001987114083021879,0.0011761444620788095
16393000000,1147,16393000000,base_link,-0.20197749693743824,-0.07099897097647996,0.07674918611606525,-0.0014159122947603464,0.001577276270836592,0.0012839469127357004
16401000000,1148,16401000000,base_link,-0.19991320507957794,-0.07189632382458432,0.07616362714912635,0.0012425028253346682,0.0004829610697925094,0.0028505190275609493
16413000000,1149,16413000000,base_link,-0.19972470882699914,-0.07381324845838373,0.07572923274502918,0.002889845985919237,0.0017654681578278542,-0.00018675159662961982
16424000000,1150,16424000000,base_link,-0.19900780748761385,-0.07566668421933372,0.07486924665556942,-0.0004091053269803524,0.0003857887350022794,0.0008480830583721399
16432000000,1151,16432000000,base_link,-0.19744024862244364,-0.07682099665945755,0.07461431025907403,0.00012575066648423672,-0.0006742142140865326,0.000124006299301982
16440000000,1152,16440000000,base_link,-0.19594366952617642,-0.07777957904968844,0.07406103755497984,0.0012975665740668774,-0.001029886770993471,0.0023865008261054754
16448000000,1153,16448000000,base_link,-0.19451537069906152,-0.0786925920208038,0.07346123469578136,-0.0006384174339473248,-0.0013881884515285488,0.00381071912124753
16456000000,1154,16456000000,base_link,-0.1934059428332933,-0.07997463534779513,0.07301814518805072,0.0007383667398244143,-0.001051752362400293,0.0035466577392071486
16464000000,1155,16464000000,base_link,-0.1923906593913519,-0.0812144803689891,0.07244353988506319,0.0009059373987838626,-0.00028155185282230356,0.0016315695829689503
16472000000,1156,16472000000,base_link,-0.19142210863587916,-0.08222244525676764,0.07182939224972135,0.0007660437258891761,0.0014561340212821963,0.0018555589485913513
16484000000,1157,16484000000,base_link,-0.19177695653265894,-0.08410406083657578,0.07098855075783882,0.0019820239394903183,-0.0006223381496965884,0.0008617519633844496
16497000000,1158,16497000000,base_link,-0.19214877244107814,-0.08613790792509035,0.07001652705144251,-0.0006698465440422297,0.0003254381008446221,0.0033736154437065125
16508000000,1159,16508000000,base_link,-0.19201056551163917,-0.0879877125782168,0.06915990527912412,0.0021580918692052364,-0.0005741836503148076,0.002709359396249056
16521000000,1160,16521000000,base_link,-0.19221111191342707,-0.09004919152811464,0.06897096097174002,0.006168817635625601,-0.0042519462294876575,0.0026986347511410718
16529000000,1161,16528000000,base_link,-0.1915759414334666,-0.0910861039335395,0.06866240978158135,0.004729208070784807,-0.0038009081035852432,0.001672868500463665
16540000000,1162,16539000000,base_link,-0.19113360890347794,-0.09224490535085396,0.06806804212763314,9.848747868090868e-05,-0.0012513217516243453,0.002781304530799389
16544000000,1163,16544000000,base_link,-0.1908243031923314,-0.09365016805857046,0.0677816838962618,0.0024718944914638996,0.001229692716151476,0.0007922429358586668
16552000000,1164,16552000000,base_link,-0.1909866704152731,-0.09489491564800655,0.06725562760069681,0.0017383762169629335,0.002070620190352202,0.004458077717572451
16560000000,1165,16560000000,base_link,-0.19067914523322368,-0.0961133451851897,0.06677945247058859,0.00042058120016008615,0.0017064032144844534,0.001420220825821161
16568000000,1166,16568000000,base_link,-0.19063156165243847,-0.09739870821228908,0.06634091765463067,-0.0004583415575325489,0.0018774601630866528,-0.00010540732182562374
16576000000,1167,16576000000,base_link,-0.19053995160584236,-0.09847319274355178,0.06554225776947672,-0.0002730028936639428,-0.002084841718897223,0.00457858107984066
16585000000,1168,16585000000,base_link,-0.19050576921741846,-0.09960255501048297,0.06516095734459981,-0.0006705303676426411,0.000299464445561171,0.003744798945263028
16593000000,1169,16593000000,base_link,-0.190434294355235,-0.1009845062940044,0.06471847943621171,-0.0009497364517301321,0.002245120238512755,0.003955733496695757
16601000000,1170,16601000000,base_link,-0.19033565954583587,-0.10200791036924167,0.06423131741187992,-0.002140581142157316,-0.000639453064650297,0.0015320433303713799
16612000000,1171,16612000000,base_link,-0.1916032717301531,-0.10387998336812004,0.06377786563415659,-0.00044854183215647936,0.0008307201787829399,0.0004171461332589387
16621000000,1172,16621000000,base_link,-0.19177611570083186,-0.10516971464284292,0.06303467458693739,0.0031528212130069733,0.0007830271497368814,0.0006054693367332219
16629000000,1173,16629000000,base_link,-0.19204956002760742,-0.10616365970113698,0.06289209723696786,0.002946028485894203,0.000999295618385077,0.0034813592210412025
16637000000,1174,16637000000,base_link,-0.19215209889070825,-0.10735135802016144,0.0623603441769781,0.00196994305588305,0.0034330417402088646,0.003036154899746179
16645000000,1175,16645000000,base_link,-0.1924080178521766,-0.10851939650637843,0.06212731841456152,0.001168534392490983,0.002161453012377024,0.00236205942928791
16653000000,1176,16652000000,base_link,-0.19276980395259527,-0.10977055310373032,0.06178296626388518,0.0019305853638797998,0.0025336700491607194,0.003760877531021833
16660000000,1177,16660000000,base_link,-0.19292256041781702,-0.11107335383779485,0.06121922732506003,0.002672884613275528,0.0023252316750586037,0.0019439292373135684
16668000000,1178,16668000000,base_link,-0.1934853219615972,-0.11220713170592302,0.06066780004621243,0.004261016380041838,0.002633971627801657,0.0035204400774091478
16676000000,1179,16676000000,base_link,-0.1941804165764744,-0.11359932043148005,0.060304000470296125,0.0012675551697611809,0.000379603821784258,0.0007540473015978932
16684000000,1180,16684000000,base_link,-0.19477478312801427,-0.1148813960353519,0.05973193921136155,-0.001552773523144424,-0.0007687159813940522,0.003013967303559184
16692000000,1181,16692000000,base_link,-0.19535671212374625,-0.11601578519914593,0.059099062743472375,-0.0013844711938872933,-0.0010564657859504219,0.0037801964208483696
16700000000,1182,16700000000,base_link,-0.19576920909978968,-0.11741654622819578,0.05887086716323145,0.0009643040830269456,0.0034744772128760815,0.001636366243474185
16708000000,1183,16708000000,base_link,-0.1965796511655649,-0.11890769223273222,0.05851082287285344,0.0029551552142947912,0.0031903306953608994,0.0033010072074830528
16717000000,1184,16717000000,base_link,-0.19758581269437897,-0.11991447363622997,0.05834367119254252,0.0025399993173778057,-0.0005488540045917032,0.0016410264652222395
16725000000,1185,16725000000,base_link,-0.1982975698779549,-0.12121182718320665,0.05794931747109614,0.0001536100171506405,0.0016164113767445087,0.0007393372943624852
16733000000,1186,16733000000,base_link,-0.1989241215788951,-0.12239579868375329,0.05738982391231131,2.8167851269245148e-06,0.0018393783830106263,0.003670182544738054
16741000000,1187,16741000000,base_link,-0.19986029654355,-0.12344490118808042,0.057052969117803665,-0.00036141450982540846,-0.0005847061984241004,0.0031893341802060604
16749000000,1188,16749000000,base_link,-0.20073646907161657,-0.12449426986709827,0.05663522293142525,-6.282911635935307e-05,-0.0008890111930668357,-0.002538772765547037
16757000000,1189,16757000000,base_link,-0.2016352619745123,-0.12574127233000443,0.05635985982747995,0.0006490184459835291,0.0006980900652706624,0.0006446961779147385
16764000000,1190,16764000000,base_link,-0.2025920463220405,-0.12706588372634892,0.056351406262672744,-0.0018904713215306401,0.00044899992644786856,0.001984775299206376
16772000000,1191,16772000000,base_link,-0.2037678600387587,-0.1282734389806011,0.05605475143878036,-0.00017173902597278357,0.001842005178332329,0.0011361035285517571
16785000000,1192,16785000000,base_link,-0.2040409950484437,-0.12904695645014952,0.05516240721100495,-0.0007505667163059115,0.0022155828773975377,0.0018012631917372344
16796000000,1193,16796000000,base_link,-0.20373340815852684,-0.1300584850962441,0.05390874107591132,0.0002331351861357689,0.002740525640547276,0.001994330901652574
16809000000,1194,16809000000,base_link,-0.20396850800752234,-0.13087680155637282,0.05314373983012852,0.0018600878538563848,0.0013048648834228513,-0.0013015696313232186
16823000000,1195,16823000000,base_link,-0.20403430730353983,-0.13172617929784616,0.05241386157879795,-0.0019948557019233704,0.00369445513933897,-0.0015515631530433898
16828000000,1196,16828000000,base_link,-0.20305539765262165,-0.1318063426625258,0.05189353752564151,0.0026264952030032873,0.0005756462924182412,-0.0023464136756956577
16837000000,1197,16837000000,base_link,-0.20215982444215833,-0.13194249195260904,0.05143094594188889,-0.0005924819270148873,0.0013519022613763811,0.0020958215463906527
